0 0.0
1 19.6712672294
2 1612.31702996
3 1673.07989351
4 1710.15091905
5 1756.48970098
6 1819.54678854
7 1907.86305527
8 1938.80100673
9 5128.18124824
10 8296.2547361
11 9586.88067309
12 9651.45967163
13 9684.16940005
14 9701.81902434
15 9714.03974232
16 9721.4221463
17 9727.96409199
18 9731.66665152
19 9734.82404892
20 9737.89058596
21 9740.70725702
22 9743.56935825
23 9746.81761601
24 9752.4963883
25 9758.60674729
26 9765.55756458
27 9774.07572302
28 9783.43433976
29 9791.81620767
30 9800.06178504
31 9808.73894911
32 9816.16678327
33 9824.07163431
34 9830.81801579
35 9837.88240853
36 9844.76508055
37 9855.21402157
38 9863.82304037
39 9872.25033845
40 9879.15572557
41 9885.72038634
42 9891.62630952
43 9896.98707057
44 9902.87027867
45 9908.57176605
46 9915.86330968
47 9922.49611572
48 9928.28846346
49 9932.92234165
50 9937.21549351
51 9940.89533796
52 9944.18902589
53 9947.48271382
54 9950.23123961
55 9953.09334084
56 9955.59200065
57 9957.74993413
58 9959.77157706
59 9962.11123125
60 9964.1101591
61 9966.1999473
62 9968.5168864
63 9970.12965773
64 9971.81057433
65 9973.44606075
66 9975.17240753
67 9976.76246377
68 9978.44338037
69 9980.12429697
70 9981.80521357
71 9983.32712454
72 9984.34930356
73 9985.71220891
74 9986.82524828
75 9987.80199711
76 9988.48344979
77 9989.41476844
78 9990.23251165
79 9991.00482468
80 9991.50455665
81 9992.07243388
82 9992.59488093
83 9993.00375253
84 9993.41262414
85 9993.88964101
86 9994.27579753
87 9994.77552949
88 9995.09354074
89 9995.43426707
90 9996.04757448
91 9996.34287064
92 9996.59273662
93 9996.86531769
94 9997.0697535
95 9997.38776474
96 9997.61491564
97 9997.77392126
98 9997.95564197
99 9998.1146476
100 9998.20550795
101 9998.3190834
102 9998.45537394
103 9998.5235192
104 9998.54623429
105 9998.63709465
106 9998.70523992
107 9998.81881536
108 9998.97782099
109 9999.00053608
110 9999.04596625
111 9999.06868134
112 9999.13682661
113 9999.20497188
114 9999.25040206
115 9999.31854732
116 9999.3639775
117 9999.43212277
118 9999.45483786
119 9999.52298313
120 9999.54569822
121 9999.54569822
122 9999.54569822
123 9999.59112839
124 9999.59112839
125 9999.59112839
126 9999.61384348
127 9999.63655857
128 9999.63655857
129 9999.68198875
130 9999.70470384
131 9999.70470384
132 9999.70470384
133 9999.75013402
134 9999.77284911
135 9999.77284911
136 9999.7955642
137 9999.7955642
138 9999.7955642
139 9999.7955642
140 9999.7955642
141 9999.7955642
142 9999.84099438
143 9999.84099438
144 9999.84099438
145 9999.84099438
146 9999.84099438
147 9999.84099438
148 9999.86370946
149 9999.86370946
150 9999.86370946
151 9999.86370946
152 9999.86370946
153 9999.86370946
154 9999.86370946
155 9999.86370946
156 9999.86370946
157 9999.86370946
168 9999.88642455
169 9999.88642455
170 9999.88642455
171 9999.88642455
172 9999.88642455
173 9999.88642455
174 9999.88642455
175 9999.88642455
176 9999.88642455
177 9999.88642455
178 9999.90913964
179 9999.90913964
180 9999.90913964
181 9999.90913964
182 9999.90913964
183 9999.93185473
184 9999.93185473
185 9999.93185473
186 9999.93185473
187 9999.93185473
188 9999.95456982
189 9999.95456982
190 9999.95456982
191 9999.95456982
192 9999.95456982
193 9999.95456982
194 9999.95456982
195 9999.95456982
196 9999.95456982
197 9999.95456982
319 9999.97728491
320 9999.97728491
321 9999.97728491
322 9999.97728491
323 9999.97728491
324 9999.97728491
325 9999.97728491
326 9999.97728491
327 9999.97728491
328 9999.97728491
509 10000.0
510 10000.0
511 10000.0
512 10000.0
513 10000.0
514 10000.0
515 10000.0
516 10000.0
517 10000.0
518 10000.0
1501 10000.0
