0
3441
3441
3441
3441
3441
3441
3441
3441
3441
3441
3441
3441
3861
3861
3861
4733
4879
4924
4924
5139
5255
5259
6098
6132
6142
6142
7359
8346
9406
10929
12030
12236
13143
13143
13664
14669
14982
16559
16792
17195
17195
17527
18252
18856
20090
20296
21773
21773
22212
22686
24361
24624
24730
26129
26862
26862
27659
28064
28403
28413
28653
28661
30113
30113
30196
31818
33380
33746
33927
33927
34749
35460
36351
37082
38504
39814
39814
40908
43534
45216
45344
46038
47115
47115
47658
48894
49950
50401
51598
52585
52585
52585
53250
53577
54618
55362
57085
57707
57707
58940
59589
59862
60912
61874
62933
62933
63206
64370
65804
66312
67383
67659
67659
69354
70072
70334
70465
71985
73093
73093
74239
75522
75934
77436
79571
80632
80632
81969
82591
83725
85758
87190
87793
88781
88781
90490
93224
94717
95348
95348
95537
95537
95651
97599
98088
99424
100108
100535
100535
102238
102582
103032
103932
106109
107379
107379
107739
109195
110491
111029
111716
113124
113124
113632
113899
114875
115466
116004
116696
116696
118141
118842
119193
119969
120171
121426
121426
121426
122239
122491
124546
125271
126285
126285
127541
128795
129854
130991
131396
131521
131521
131678
131943
132393
133840
135398
136239
136239
137640
137981
138349
139336
140813
141276
141276
141794
141955
142628
143733
144890
145523
145523
146492
147556
147881
148137
149443
150884
150884
152479
152912
153679
153932
154413
155480
155480
157189
157355
157645
158847
159244
162096
163361
163361
163361
163574
164479
164952
165527
166575
167417
167417
168510
170832
172190
173024
174400
174894
174894
175464
176749
177701
178594
178838
179881
179881
181064
181573
181964
182965
183736
184983
184983
185929
186829
187557
187673
189487
191744
191744
193275
193882
194246
195684
196029
196625
196625
196657
197521
199367
200773
202580
205066
205066
206340
206719
207249
207716
208935
209964
211202
211202
212000
212578
212810
214568
215094
215239
215239
215239
216276
216900
217013
217768
219487
219487
220666
221284
221571
223338
224130
224253
224253
225140
226687
227075
227604
227910
227910
227910
229370
230666
231638
233743
234683
235806
235806
236481
236882
237468
237879
239269
239765
239765
241591
242354
244194
244497
245396
246268
246268
246655
248147
248855
250268
251366
252260
252260
252685
252964
253507
253884
254332
255195
255195
255358
256852
257430
257718
258948
259658
259658
260249
261112
262044
263885
264709
265480
265480
267466
269134
269786
270866
271584
272542
272542
273368
274427
275134
275647
276006
276757
276757
277981
279843
280877
281676
283709
283709
284057
284770
286577
288214
289782
289782
289782
290775
292961
293832
293832
296107
296669
296669
297579
298223
298896
299562
300689
301710
301710
301902
303388
304644
305249
306122
306779
306779
307451
309214
310849
311963
313666
314134
314134
315030
316252
317413
318221
320237
320931
320931
321596
323576
325044
325460
326969
327804
327804
328499
329243
330124
332927
334509
335105
335105
336110
338023
340323
340710
341487
342499
342499
343445
344626
345163
345701
346262
347787
347787
348712
349687
350497
351141
351729
352215
352215
352462
354409
356579
357400
358222
359826
359826
360609
360779
361107
361717
362319
362319
362987
363129
363888
364368
366373
366763
366763
366963
368582
370548
370697
370713
371162
371162
372498
373069
373491
374957
374957
375346
375346
376711
377606
377738
377898
377981
378038
378038
378647
379583
380123
380846
380846
382164
382164
383121
383942
384768
384941
385145
385609
385609
385989
386633
387091
387528
388598
389454
389454
390946
391794
392356
392552
393670
396222
396222
397153
397702
398662
399489
400669
401545
401545
401827
401827
402013
402352
403375
403676
403676
404140
405124
406231
409197
411503
412365
412365
414123
415340
417087
418816
419434
420464
420464
421951
422620
423592
424248
425687
425687
426917
428655
429860
431094
431972
432071
432071
434419
437139
437866
438491
441060
441770
441770
442950
444170
445425
446803
446927
448099
448099
450255
451567
451871
451871
453628
454442
454442
455326
456707
458349
459533
461086
463522
463522
463781
463781
463895
463895
463895
