0
3431
3431
3431
3431
3431
3431
3431
3431
3431
3431
3431
3431
3431
3431
3431
3431
3851
3851
3892
3892
3898
3954
4002
4002
4002
4843
4843
4843
4869
4869
4889
5919
6519
6519
8305
9478
10694
10694
11254
11312
11312
11407
12273
13804
14958
15515
15515
15515
15515
16291
17956
20871
21184
21634
21634
22106
22843
23272
23323
23326
24263
25096
25096
26308
27159
27200
28742
28778
28964
28964
29685
29873
30109
30401
31113
32254
32254
32710
33034
33433
34421
35342
35342
35342
35678
35737
36729
36933
37935
39273
39273
40394
40394
41126
41854
43081
43635
43635
44435
45362
46369
47060
47888
48571
48571
48768
50239
51584
52713
53329
54283
54283
55428
56727
58130
58617
59701
60117
60117
61577
61805
62278
62977
63581
64256
64256
65322
66788
67306
67936
68039
69189
69189
69413
70706
72186
73626
73626
73626
75612
76530
77764
79088
79546
79546
81082
81082
82369
82818
83640
84938
84938
84941
86155
86859
87825
88667
88667
88667
89688
90281
90377
90441
92303
92345
92345
92345
92445
92534
93109
93938
94298
94298
96244
96245
98291
100668
100726
100726
101068
103239
104880
105369
105561
105607
105607
105637
105749
105838
106955
108834
110489
110489
110521
111476
111512
112340
112821
113330
113330
113843
114067
114485
115389
115429
115562
115562
116421
117664
118450
119638
121635
122809
122809
123194
124847
125111
125342
127090
129862
129862
130506
131202
131819
132992
134879
135397
135397
136078
136771
136771
137346
139002
139002
139002
140929
141792
142511
143236
144584
144989
144989
146012
146323
146450
147129
147467
148459
148459
149036
150469
151686
152833
154063
154263
154263
155067
155594
156012
156531
156707
157193
157193
157987
158921
159660
160453
161059
163214
163214
164564
167344
167454
168242
169611
170376
170376
170853
173036
174276
174437
174740
174864
174864
175793
177167
177682
178186
179054
180606
180606
181465
182465
183022
184705
184983
185050
185050
187000
187825
189380
189926
190830
191673
191673
191996
192112
192144
192482
193608
194268
194268
194996
196103
196497
197090
197747
197747
197747
198727
200108
201399
201599
202540
203122
203122
204011
204514
204715
205984
207373
207451
207451
208523
208599
209860
210286
210526
211877
211877
212153
213363
213580
213644
214011
215169
215169
215711
216283
217132
219293
220800
221415
221415
221840
222510
224056
224966
225521
226368
226368
228031
229544
229544
229544
229598
229865
230489
230489
231876
232229
232925
233323
234034
235588
235588
235705
236266
236872
237711
238233
238970
238970
239852
239947
241565
242042
243000
243789
243789
244424
246218
247149
247937
249764
252156
252156
252289
252548
252959
254163
254879
254966
254966
256532
257117
257667
259289
259965
260881
260881
262085
262925
264096
264478
265675
265914
265914
266650
267714
269555
270154
271553
271873
272700
272700
274314
274519
276434
277457
278967
279351
279351
280246
280520
281814
281908
284309
285302
285302
285636
285994
286685
288039
290732
290835
290835
291462
292334
293469
294991
295090
295931
295931
296905
297635
297771
298341
299224
299460
299460
299561
301809
302352
302801
305214
306287
306287
308286
308488
312826
313665
314243
314755
314755
314814
316015
316823
317355
320056
320957
320957
321616
321628
321849
321886
321886
321886
321886
322967
324098
325799
327695
327735
327757
327757
327764
327897
328299
328674
329218
329539
329539
330263
330367
330893
332125
334521
335416
335416
336658
337938
338508
339660
340665
340845
340845
341256
341777
341967
342260
343404
344575
344575
344575
345820
346493
348936
349142
349290
349290
349865
350062
350799
352011
352331
352331
352331
352964
354276
355204
356637
357012
357388
357388
357822
358375
360696
361511
362491
362656
362656
363548
363880
365654
365675
365749
365749
365749
366844
367614
369238
369879
371125
371489
371489
373354
374174
374702
375617
376965
377596
377724
377724
378675
379075
379746
379969
380772
381346
381346
381950
382461
382900
383074
383079
383565
383565
384587
385689
386142
386988
389353
389974
389974
391053
391597
391808
392145
392567
393586
395234
395234
396238
396852
397086
397086
397086
