0 0.0
1 0.0
2 0.0
3 0.0
4 0.0
5 0.0
6 0.0
7 0.0
8 0.0
12 0.121394089726
13 12.1596413209
14 32.2705955189
15 57.9656778444
16 96.1441190633
17 150.751227092
18 207.60412578
19 274.107854602
20 340.631815772
21 405.982300742
22 474.974608403
23 545.868756803
24 621.133092434
25 697.611368961
26 781.697008445
27 891.720518434
28 1032.1532479
29 1223.49056566
30 1458.85347329
31 1722.13702156
32 1979.91737109
33 2193.87445423
34 2364.75686787
35 2504.80518272
36 2623.67022891
37 2739.07554354
38 2834.34967163
39 2910.72678642
40 2972.394984
41 3022.38911662
42 3068.33677958
43 3107.30428238
44 3143.98552982
45 3177.65215738
46 3206.15953611
47 3233.67552978
48 3263.51824351
49 3292.08631929
50 3322.43484172
51 3348.12992405
52 3372.10525677
53 3391.06296711
54 3409.35300997
55 3426.81352654
56 3444.86078121
57 3467.07589963
58 3489.14939161
59 3516.34166771
60 3541.77372951
61 3565.91092102
62 3594.98480551
63 3624.86798393
64 3659.95087586
65 3695.27655597
66 3733.71801772
67 3764.65327825
68 3793.20112168
69 3816.5897163
70 3844.10570997
71 3873.11889742
72 3908.99085093
73 3958.31731606
74 4011.95327137
75 4089.80734758
76 4170.00837619
77 4280.51746254
78 4391.63351934
79 4531.07486374
80 4663.73837146
81 4824.34275217
82 5003.19671103
83 5183.87158124
84 5420.61028855
85 5653.03950568
86 5956.68658879
87 6253.87955278
88 6642.70482218
89 6993.31118566
90 7383.61341647
91 7679.8554601
92 7926.8115033
93 8155.07285669
94 8304.79223402
95 8448.56330095
96 8550.99968033
97 8654.75116235
98 8737.33960806
99 8827.37355794
100 8906.50227209
101 8998.05364809
102 9076.43376536
103 9152.87157719
104 9241.83321261
105 9314.52804001
106 9395.09325089
107 9457.67190415
108 9524.27679471
109 9571.82281319
110 9617.99303198
111 9653.2377827
112 9683.9100227
113 9711.70926925
114 9732.14394102
115 9754.09603891
116 9771.29353496
117 9788.77428388
118 9802.14786609
119 9816.77585391
120 9827.70132198
121 9839.3146899
122 9848.39901428
123 9856.71450943
124 9866.06185434
125 9872.21248821
126 9879.25334542
127 9885.14095877
128 9891.75693666
129 9896.34967972
130 9901.18521096
131 9905.79818637
132 9910.89673814
133 9914.3564697
134 9917.2496955
135 9919.83943608
136 9922.93498537
137 9925.94960527
138 9928.29655767
139 9930.74467181
140 9932.84883603
141 9935.09462669
142 9937.25948796
143 9939.1613287
144 9941.24526057
145 9942.98524253
146 9945.04894205
147 9946.72822696
148 9948.71099709
149 9950.02609973
150 9951.80654638
151 9953.10141667
152 9954.55814575
153 9955.6304602
154 9956.66230997
155 9957.55253329
156 9958.48322131
157 9959.53530342
158 9960.50645614
159 9961.33598242
160 9961.98341757
161 9962.7927115
162 9963.54130839
163 9964.41129936
164 9964.89687572
165 9965.52407852
166 9966.23221071
167 9966.73801941
168 9967.22359577
169 9967.68893978
170 9968.21498084
171 9968.6600925
172 9969.14566886
173 9969.61101287
174 9970.23821567
175 9970.60239794
176 9970.98681256
177 9971.35099482
178 9971.6342477
179 9972.03889467
180 9972.40307694
181 9972.70656216
182 9973.01004738
183 9973.37422965
184 9973.88003836
185 9974.18352358
186 9974.62863525
187 9975.05351456
188 9975.37723213
189 9975.68071736
190 9976.12582902
191 9976.57094068
192 9976.9148906
193 9977.15767878
194 9977.74441688
195 9978.04790211
196 9978.33115498
197 9978.79649899
198 9979.22137831
199 9979.60579293
200 9979.99020754
201 9980.41508686
202 9980.83996617
203 9981.20414844
204 9981.50763367
205 9981.81111889
206 9982.13483646
207 9982.43832169
208 9982.64064517
209 9982.88343335
210 9983.12622153
211 9983.4094744
212 9983.77365667
213 9984.21876834
214 9984.56271826
215 9984.90666818
216 9985.33154749
217 9985.63503272
218 9985.8778209
219 9986.14084142
220 9986.44432665
221 9986.72757952
222 9986.95013535
223 9987.33454997
224 9987.5975705
225 9987.96175277
226 9988.1843086
227 9988.38663208
228 9988.62942026
229 9988.83174375
230 9989.13522897
231 9989.3577848
232 9989.68150237
233 9989.96475525
234 9990.16707873
235 9990.32893752
236 9990.61219039
237 9990.83474623
238 9990.99660501
239 9991.19892849
240 9991.36078728
241 9991.58334311
242 9991.82613129
243 9992.00822243
244 9992.19031356
245 9992.51403113
246 9992.65565757
247 9992.79728401
248 9993.18169863
249 9993.34355741
250 9993.58634559
251 9993.74820438
252 9993.95052786
253 9993.99099256
254 9994.03145726
255 9994.19331604
256 9994.27424543
257 9994.41587187
258 9994.53726596
259 9994.69912475
260 9994.80028649
261 9995.10377171
262 9995.24539815
263 9995.32632755
264 9995.42748929
265 9995.54888338
266 9995.67027747
267 9995.91306565
268 9996.11538913
269 9996.13562148
270 9996.29748026
271 9996.37840966
272 9996.54026844
273 9996.68189488
274 9996.90445071
275 9996.98538011
276 9997.0258448
277 9997.14723889
278 9997.18770359
279 9997.26863298
280 9997.32933003
281 9997.49118881
282 9997.59235055
283 9997.75420934
284 9997.87560343
285 9997.95653282
286 9998.07792691
287 9998.09815926
288 9998.13862396
289 9998.26001805
290 9998.40164449
291 9998.44210918
292 9998.50280623
293 9998.54327092
294 9998.64443266
295 9998.72536206
296 9998.76582675
297 9998.8265238
298 9998.8265238
299 9998.8669885
300 9998.90745319
301 9998.96815024
302 9999.00861493
303 9999.04907963
304 9999.08954433
305 9999.08954433
306 9999.10977668
307 9999.15024137
308 9999.15024137
309 9999.19070607
310 9999.25140311
311 9999.25140311
312 9999.27163546
313 9999.27163546
314 9999.27163546
315 9999.29186781
316 9999.29186781
317 9999.31210016
318 9999.31210016
319 9999.31210016
320 9999.33233251
321 9999.33233251
322 9999.33233251
323 9999.35256485
324 9999.35256485
325 9999.35256485
326 9999.35256485
327 9999.35256485
328 9999.35256485
329 9999.39302955
330 9999.39302955
331 9999.4132619
332 9999.4132619
333 9999.4132619
334 9999.4132619
335 9999.43349425
336 9999.47395894
337 9999.47395894
338 9999.51442364
339 9999.51442364
340 9999.55488834
341 9999.57512069
342 9999.57512069
343 9999.57512069
344 9999.57512069
345 9999.57512069
346 9999.57512069
347 9999.57512069
348 9999.57512069
349 9999.59535303
350 9999.59535303
351 9999.59535303
352 9999.59535303
353 9999.59535303
354 9999.61558538
355 9999.61558538
356 9999.61558538
357 9999.63581773
358 9999.63581773
359 9999.65605008
360 9999.65605008
361 9999.65605008
362 9999.65605008
363 9999.65605008
364 9999.65605008
365 9999.65605008
366 9999.65605008
367 9999.65605008
368 9999.65605008
370 9999.67628243
371 9999.67628243
372 9999.67628243
373 9999.67628243
374 9999.67628243
375 9999.67628243
376 9999.67628243
377 9999.67628243
378 9999.67628243
379 9999.67628243
386 9999.69651478
387 9999.69651478
388 9999.69651478
389 9999.69651478
390 9999.71674712
391 9999.71674712
392 9999.71674712
393 9999.71674712
394 9999.71674712
395 9999.71674712
396 9999.71674712
397 9999.71674712
398 9999.71674712
399 9999.71674712
402 9999.73697947
403 9999.73697947
404 9999.73697947
405 9999.75721182
406 9999.75721182
407 9999.75721182
408 9999.75721182
409 9999.75721182
410 9999.75721182
411 9999.77744417
412 9999.77744417
413 9999.77744417
414 9999.77744417
415 9999.77744417
416 9999.77744417
417 9999.77744417
418 9999.77744417
419 9999.77744417
420 9999.77744417
423 9999.79767652
424 9999.79767652
425 9999.81790887
426 9999.81790887
427 9999.81790887
428 9999.81790887
429 9999.83814121
430 9999.85837356
431 9999.85837356
432 9999.85837356
433 9999.85837356
434 9999.85837356
435 9999.85837356
436 9999.85837356
437 9999.87860591
438 9999.89883826
439 9999.89883826
440 9999.89883826
441 9999.89883826
442 9999.89883826
443 9999.89883826
444 9999.89883826
445 9999.89883826
446 9999.89883826
447 9999.89883826
450 9999.91907061
451 9999.91907061
452 9999.91907061
453 9999.91907061
454 9999.91907061
455 9999.91907061
456 9999.91907061
457 9999.91907061
458 9999.91907061
459 9999.91907061
466 9999.93930296
467 9999.93930296
468 9999.93930296
469 9999.93930296
470 9999.93930296
471 9999.93930296
472 9999.93930296
473 9999.93930296
474 9999.93930296
475 9999.93930296
1107 9999.9595353
1108 9999.9595353
1109 9999.9595353
1110 9999.9595353
1111 9999.9595353
1112 9999.9595353
1113 9999.9595353
1114 9999.9595353
1115 9999.9595353
1116 9999.9595353
1118 9999.97976765
1119 9999.97976765
1120 9999.97976765
1121 9999.97976765
1122 9999.97976765
1123 9999.97976765
1124 9999.97976765
1125 9999.97976765
1126 9999.97976765
1127 9999.97976765
1501 10000.0
