0 0.0
1 0.0
2 2.26820904882
3 7.84978229641
4 13.6537289802
5 20.9475776862
6 31.5770279346
7 42.0508167776
8 51.0791782857
9 61.3750683798
10 72.6716389367
11 86.0140451062
12 102.247305946
13 120.037180839
14 139.228008379
15 158.17422514
16 179.900109852
17 204.272238455
18 232.202342037
19 265.091373245
20 299.759391942
21 342.477329028
22 390.08748171
23 442.078391084
24 497.738462154
25 549.61818481
26 604.633372916
27 663.251010687
28 722.313395331
29 783.910837147
30 844.329699751
31 904.793037043
32 968.347365097
33 1034.01424079
34 1096.07866683
35 1157.18688708
36 1216.56059454
37 1279.00305541
38 1365.70645817
39 1467.53125459
40 1571.53531068
41 1644.74064586
42 1710.36304687
43 1765.82298185
44 1827.4871357
45 1901.09274307
46 1997.44715295
47 2084.90662539
48 2180.8607631
49 2252.62067095
50 2324.80308832
51 2394.85072071
52 2463.96438467
53 2547.75469542
54 2626.54160385
55 2717.82589939
56 2802.57241591
57 2900.57238922
58 2989.34386494
59 3096.86142132
60 3190.48063794
61 3287.41321877
62 3401.15723136
63 3503.58243606
64 3626.79955703
65 3736.11833825
66 3866.18456106
67 3979.90633631
68 4116.2879647
69 4236.52528164
70 4377.79912563
71 4501.2163827
72 4624.56692773
73 4771.51129435
74 4894.37261782
75 5041.9618674
76 5169.20394757
77 5313.85786779
78 5438.09790658
79 5579.97215885
80 5700.69869734
81 5831.85454998
82 5961.63168733
83 6076.42085507
84 6207.55447037
85 6316.05046988
86 6441.31342646
87 6544.6281249
88 6661.01838139
89 6755.81617722
90 6862.26634111
91 6948.21367419
92 7032.91571602
93 7125.89004968
94 7203.00915734
95 7287.97804729
96 7355.15706236
97 7431.14206549
98 7492.5838459
99 7560.67459206
100 7616.60151125
101 7679.66661774
102 7729.72287822
103 7775.50956873
104 7826.49979764
105 7868.15034223
106 7911.1128901
107 7945.62524739
108 7984.56283606
109 8014.62772463
110 8047.58346787
111 8073.44549849
112 8101.73139957
113 8125.61430662
114 8145.67239056
115 8170.7783515
116 8189.65785623
117 8209.67146549
118 8225.2820807
119 8243.04971825
120 8256.9925327
121 8271.93602761
122 8284.43341472
123 8295.37418778
124 8308.56093255
125 8318.21193967
126 8329.84207039
127 8338.33673565
128 8347.14272372
129 8353.96958821
130 8362.86452566
131 8370.06942499
132 8376.85181479
133 8383.27840709
134 8388.85998034
135 8394.19694281
136 8399.04468372
137 8404.04808603
138 8408.11751991
139 8412.45380192
140 8415.96730221
141 8419.36961578
142 8422.41613186
143 8425.32922387
144 8427.88651839
145 8430.35486353
146 8433.55704101
147 8435.44721522
148 8437.62647489
149 8439.73902254
150 8441.91828221
151 8443.58608298
152 8445.56520656
153 8447.85565296
154 8449.90148857
155 8452.10298559
156 8455.10502697
157 8467.15766721
158 8495.53251767
159 8562.57810867
160 8632.492317
161 8702.87350954
162 8752.52949784
163 8799.29463146
164 8841.05636277
165 8893.71439245
166 8965.27416421
167 9027.89452383
168 9090.42593408
169 9133.38848195
170 9167.72294049
171 9189.58224926
172 9206.48263041
173 9217.11208066
174 9225.51779655
175 9231.69977807
176 9235.7914493
177 9239.48284834
178 9242.30699098
179 9245.48693111
180 9247.84408954
181 9250.35690937
182 9253.0253906
183 9255.82729589
184 9258.47353978
185 9261.27544508
186 9266.61240755
187 9275.59629437
188 9298.16719814
189 9335.65935948
190 9384.69270215
191 9423.5191041
192 9460.67770528
193 9484.2937642
194 9507.55402563
195 9527.54539754
196 9553.71875097
197 9590.72169075
198 9628.36951349
199 9671.64338417
200 9706.20021615
201 9739.00029798
202 9760.1702491
203 9778.73843102
204 9791.12463142
205 9801.2648601
206 9808.00277522
207 9813.02841488
208 9816.80876329
209 9819.38829515
210 9821.85664029
211 9823.90247591
212 9826.17068495
213 9828.06085916
214 9830.86276446
215 9832.68622663
216 9834.97667303
217 9837.06698333
218 9839.957838
219 9844.18293328
220 9850.34267747
221 9857.7032382
222 9864.17430519
223 9870.73432156
224 9875.22626497
225 9879.16227479
226 9882.65353774
227 9886.78968365
228 9892.03769674
229 9897.35242187
230 9904.71298261
231 9911.09510022
232 9918.12210081
233 9923.12550312
234 9928.21785481
235 9931.97596588
236 9935.22261805
237 9937.22397897
238 9938.64716896
239 9940.33720708
240 9941.58249832
241 9942.73884019
242 9943.80623268
243 9945.00704924
244 9945.96325501
245 9946.76379938
246 9947.76447985
247 9948.6094989
248 9949.34333124
249 9950.01045155
250 9950.67757186
251 9951.38916686
252 9952.41208466
253 9953.23486638
254 9954.05764809
255 9954.76924309
256 9955.45860074
257 9956.17019573
258 9956.83731604
259 9957.66009776
260 9958.26050603
261 9958.88315165
262 9959.46132259
263 9960.1284429
264 9960.70661383
265 9961.37373414
266 9962.06309179
267 9962.79692413
268 9963.19719632
269 9963.93102866
270 9964.62038631
271 9965.28750662
272 9966.06581364
273 9966.5550352
274 9967.17768082
275 9967.88927582
276 9968.75653222
277 9969.49036456
278 9969.91287409
279 9970.64670643
280 9971.2471147
281 9972.02542173
282 9972.60359267
283 9973.29295032
284 9973.96007063
285 9974.62719093
286 9975.24983656
287 9975.87248218
288 9976.40617842
289 9976.82868795
290 9977.3623842
291 9977.85160576
292 9978.36306466
293 9978.80781153
294 9979.31927044
295 9979.89744137
296 9980.40890027
297 9980.94259652
298 9981.52076746
299 9982.12117573
300 9982.34354917
301 9982.94395745
302 9983.23304291
303 9983.74450182
304 9984.05582463
305 9984.36714744
306 9984.5005715
307 9984.81189431
308 9985.12321712
309 9985.34559056
310 9985.7236254
311 9985.96823618
312 9986.19060961
313 9986.45745774
314 9986.72430586
315 9987.14681539
316 9987.48037554
317 9987.76946101
318 9988.12525851
319 9988.28091991
320 9988.43658132
321 9988.77014147
322 9989.05922694
323 9989.23712569
324 9989.37054975
325 9989.88200865
326 9990.08214475
327 9990.39346756
328 9990.63807834
329 9990.9271638
330 9991.30519865
331 9991.61652146
332 9991.90560692
333 9992.21692973
334 9992.5060152
335 9992.75062598
336 9992.97299942
337 9993.32879692
338 9993.66235707
339 9993.92920519
340 9994.0848666
341 9994.4406641
342 9994.66303753
343 9994.952123
344 9995.04107237
345 9995.50805659
346 9995.66371799
347 9996.01951549
348 9996.10846487
349 9996.28636362
350 9996.46426237
351 9996.66439846
352 9996.86453455
353 9997.0424333
354 9997.24256939
355 9997.30928142
356 9997.46494283
357 9997.50941752
358 9997.53165486
359 9997.59836689
360 9997.75402829
361 9997.82074033
362 9997.88745236
363 9998.02087642
364 9998.04311376
365 9998.06535111
366 9998.13206314
367 9998.15430048
368 9998.22101251
369 9998.22101251
370 9998.2654872
371 9998.2654872
372 9998.30996189
373 9998.39891126
374 9998.48786063
375 9998.57681001
376 9998.68799673
377 9998.68799673
378 9998.75470876
379 9998.82142079
380 9998.91037016
381 9998.97708219
382 9998.99931954
383 9999.04379422
384 9999.06603157
385 9999.1327436
386 9999.19945563
387 9999.19945563
388 9999.19945563
389 9999.22169297
390 9999.31064235
391 9999.31064235
392 9999.35511704
393 9999.37735438
394 9999.39959172
395 9999.39959172
396 9999.39959172
397 9999.44406641
398 9999.44406641
399 9999.44406641
400 9999.4885411
401 9999.4885411
402 9999.4885411
403 9999.4885411
404 9999.4885411
405 9999.51077844
406 9999.51077844
407 9999.51077844
408 9999.53301578
409 9999.53301578
410 9999.53301578
411 9999.55525313
412 9999.55525313
413 9999.55525313
414 9999.55525313
415 9999.55525313
416 9999.57749047
417 9999.59972781
418 9999.62196516
419 9999.66643985
420 9999.66643985
421 9999.66643985
422 9999.66643985
423 9999.66643985
424 9999.66643985
425 9999.66643985
426 9999.66643985
427 9999.68867719
428 9999.68867719
429 9999.68867719
430 9999.68867719
431 9999.68867719
432 9999.68867719
433 9999.68867719
434 9999.68867719
435 9999.68867719
436 9999.68867719
441 9999.71091453
442 9999.71091453
443 9999.71091453
444 9999.71091453
445 9999.71091453
446 9999.71091453
447 9999.71091453
448 9999.71091453
449 9999.73315188
450 9999.73315188
451 9999.73315188
452 9999.73315188
453 9999.73315188
454 9999.73315188
455 9999.73315188
456 9999.73315188
457 9999.73315188
458 9999.75538922
459 9999.75538922
460 9999.75538922
461 9999.75538922
462 9999.75538922
463 9999.75538922
464 9999.75538922
465 9999.75538922
466 9999.75538922
467 9999.75538922
480 9999.77762656
481 9999.77762656
482 9999.77762656
483 9999.77762656
484 9999.77762656
485 9999.77762656
486 9999.79986391
487 9999.79986391
488 9999.79986391
489 9999.79986391
490 9999.79986391
491 9999.79986391
492 9999.79986391
493 9999.79986391
494 9999.79986391
495 9999.79986391
498 9999.82210125
499 9999.82210125
500 9999.82210125
501 9999.82210125
502 9999.82210125
503 9999.82210125
504 9999.82210125
505 9999.82210125
506 9999.82210125
507 9999.82210125
511 9999.84433859
512 9999.84433859
513 9999.84433859
514 9999.84433859
515 9999.84433859
516 9999.84433859
517 9999.84433859
518 9999.84433859
519 9999.84433859
520 9999.84433859
535 9999.86657594
536 9999.88881328
537 9999.88881328
538 9999.88881328
539 9999.88881328
540 9999.91105063
541 9999.91105063
542 9999.91105063
543 9999.91105063
544 9999.91105063
545 9999.91105063
546 9999.91105063
547 9999.91105063
548 9999.91105063
549 9999.91105063
578 9999.93328797
579 9999.93328797
580 9999.93328797
581 9999.93328797
582 9999.93328797
583 9999.93328797
584 9999.93328797
585 9999.93328797
586 9999.93328797
587 9999.93328797
600 9999.95552531
601 9999.95552531
602 9999.95552531
603 9999.95552531
604 9999.95552531
605 9999.95552531
606 9999.95552531
607 9999.95552531
608 9999.95552531
609 9999.95552531
704 9999.97776266
705 9999.97776266
706 9999.97776266
707 9999.97776266
708 9999.97776266
709 9999.97776266
710 9999.97776266
711 9999.97776266
712 9999.97776266
713 9999.97776266
793 10000.0
794 10000.0
795 10000.0
796 10000.0
797 10000.0
798 10000.0
799 10000.0
800 10000.0
801 10000.0
802 10000.0
1501 10000.0
