0 0.0
1 0.0
2 0.0
3 0.0
4 0.0
5 0.0
6 0.0
7 0.0
8 0.0
12 0.114733634394
13 12.322392334
14 39.3077431435
15 73.7737269156
16 123.636964423
17 198.420347322
18 267.673569042
19 344.269743364
20 411.549546573
21 476.144582737
22 542.116422513
23 606.665565224
24 673.899474979
25 746.732386092
26 824.705364027
27 915.712082829
28 1029.13775379
29 1167.66714396
30 1323.5901531
31 1499.82101553
32 1674.49150053
33 1833.83357198
34 1974.38227411
35 2095.86224621
36 2209.3108639
37 2315.57715607
38 2417.64419723
39 2508.37555531
40 2586.69273415
41 2654.68388589
42 2720.58688549
43 2777.81602232
44 2830.9835885
45 2879.79127657
46 2919.21375335
47 2960.97679627
48 3001.93670375
49 3037.87127804
50 3074.10415978
51 3106.45904468
52 3135.670228
53 3162.51789845
54 3186.52017476
55 3213.16132467
56 3243.35921724
57 3281.72614458
58 3324.6824173
59 3380.35117671
60 3430.8798693
61 3481.66097588
62 3542.46980211
63 3601.16752946
64 3674.50526857
65 3741.28024379
66 3816.45372104
67 3873.08624298
68 3928.73205566
69 3971.48180783
70 4018.15545031
71 4060.95109594
72 4108.63439439
73 4171.92146712
74 4239.0865367
75 4330.55219004
76 4421.49006866
77 4545.54007416
78 4665.59734919
79 4813.58079084
80 4955.73576385
81 5121.36523846
82 5292.24951353
83 5460.83911591
84 5665.40918603
85 5851.43830084
86 6092.26419943
87 6308.14700591
88 6575.45342732
89 6804.4847083
90 7051.18496898
91 7238.0860594
92 7401.28318097
93 7558.85835444
94 7675.95550171
95 7799.61541286
96 7898.10276462
97 8009.83037779
98 8108.45540992
99 8221.55982671
100 8320.50611301
101 8434.6431325
102 8533.03869736
103 8629.23137644
104 8741.02782979
105 8829.76282263
106 8928.04365385
107 9006.77387377
108 9092.52579212
109 9160.05800933
110 9233.2810148
111 9290.07416382
112 9347.60160811
113 9398.70396887
114 9441.63729486
115 9486.38341227
116 9523.09817528
117 9564.70059111
118 9596.84895546
119 9630.8560047
120 9658.0019826
121 9686.6853912
122 9709.72390498
123 9729.96291809
124 9751.32632081
125 9768.03153798
126 9786.50365312
127 9801.16661159
128 9816.7933326
129 9828.7485773
130 9841.13980982
131 9851.71825091
132 9861.99838455
133 9869.8920586
134 9877.2350112
135 9885.15163197
136 9891.39314168
137 9897.86411866
138 9902.82061167
139 9908.35077285
140 9912.27466314
141 9916.22150017
142 9919.57172229
143 9923.38087895
144 9926.93762162
145 9930.15016338
146 9932.99555751
147 9935.33612366
148 9937.58490289
149 9939.46653449
150 9941.92183427
151 9943.59694533
152 9945.54741712
153 9947.10779454
154 9948.53049161
155 9949.83845504
156 9951.37588574
157 9953.07394353
158 9954.06065279
159 9954.95557514
160 9956.0340713
161 9957.04372728
162 9957.80096927
163 9958.64999816
164 9959.54492051
165 9960.21037559
166 9961.15119139
167 9961.79369975
168 9962.55094173
169 9963.05576973
170 9963.56059772
171 9964.13426589
172 9964.63909388
173 9965.05213496
174 9965.69464332
175 9966.29125821
176 9966.75019275
177 9967.48448801
178 9967.96636928
179 9968.28762345
180 9968.56298418
181 9969.04486544
182 9969.32022616
183 9969.61853361
184 9969.93978779
185 9970.26104196
186 9970.76586996
187 9971.11007086
188 9971.6607923
189 9971.95909975
190 9972.23446048
191 9972.73928847
192 9973.22116973
193 9973.65715754
194 9973.95546499
195 9974.27671917
196 9974.55207989
197 9974.9880677
198 9975.40110879
199 9975.74530969
200 9975.99772368
201 9976.29603113
202 9976.61728531
203 9977.03032639
204 9977.55810111
205 9977.85640856
206 9978.13176928
207 9978.38418328
208 9978.84311782
209 9979.07258509
210 9979.57741308
211 9979.87572053
212 9980.15108125
213 9980.42644197
214 9980.7935896
215 9981.02305687
216 9981.29841759
217 9981.61967177
218 9981.9868194
219 9982.26218012
220 9982.46870066
221 9982.76700811
222 9982.83584829
223 9983.08826229
224 9983.34067629
225 9983.47835665
226 9983.75371737
227 9984.120865
228 9984.32738554
229 9984.78632008
230 9985.03873407
231 9985.24525462
232 9985.56650879
233 9985.75008261
234 9986.0024966
235 9986.11723024
236 9986.2549106
237 9986.53027132
238 9986.82857877
239 9987.17277967
240 9987.31046004
241 9987.65466094
242 9987.90707493
243 9988.09064875
244 9988.27422256
245 9988.48074311
246 9988.66431692
247 9989.00851783
248 9989.23798509
249 9989.44450564
250 9989.582186
251 9989.74281309
252 9989.9263869
253 9990.15585417
254 9990.33942798
255 9990.59184198
256 9990.98193634
257 9991.23435033
258 9991.37203069
259 9991.57855124
260 9991.67033814
261 9991.8080185
262 9992.01453905
263 9992.22105959
264 9992.28989977
265 9992.54231376
266 9992.70294085
267 9992.95535485
268 9993.04714176
269 9993.18482212
270 9993.36839593
271 9993.41428939
272 9993.52902302
273 9993.73554356
274 9993.9420641
275 9994.05679774
276 9994.21742483
277 9994.40099864
278 9994.538679
279 9994.72225282
280 9994.88287991
281 9994.97466681
282 9995.06645372
283 9995.18118736
284 9995.34181444
285 9995.45654808
286 9995.66306862
287 9995.82369571
288 9995.91548262
289 9995.93842934
290 9996.0761097
291 9996.19084334
292 9996.21379006
293 9996.30557697
294 9996.53504424
295 9996.83335169
296 9996.90219187
297 9996.9251386
298 9997.01692551
299 9997.13165914
300 9997.24639277
301 9997.38407314
302 9997.45291332
303 9997.47586004
304 9997.47586004
305 9997.56764695
306 9997.59059368
307 9997.6135404
308 9997.70532731
309 9997.77416749
310 9997.79711422
311 9997.82006095
312 9997.84300767
313 9997.91184785
314 9997.98068803
315 9998.00363476
316 9998.09542167
317 9998.14131512
318 9998.23310203
319 9998.25604876
320 9998.25604876
321 9998.34783566
322 9998.39372912
323 9998.43962257
324 9998.4625693
325 9998.60024966
326 9998.66908984
327 9998.71498329
328 9998.73793002
329 9998.82971693
330 9998.85266366
331 9998.87561038
332 9998.92150384
333 9998.99034402
334 9999.03623747
335 9999.03623747
336 9999.15097111
337 9999.17391783
338 9999.17391783
339 9999.19686456
340 9999.21981129
341 9999.21981129
342 9999.24275801
343 9999.26570474
344 9999.28865147
345 9999.28865147
346 9999.31159819
347 9999.31159819
348 9999.31159819
349 9999.33454492
350 9999.33454492
351 9999.35749165
352 9999.38043837
353 9999.38043837
354 9999.4033851
355 9999.4033851
356 9999.42633183
357 9999.42633183
358 9999.42633183
359 9999.42633183
360 9999.42633183
361 9999.42633183
362 9999.42633183
363 9999.42633183
364 9999.42633183
365 9999.44927855
366 9999.47222528
367 9999.47222528
368 9999.47222528
369 9999.47222528
370 9999.47222528
371 9999.49517201
372 9999.51811874
373 9999.51811874
374 9999.51811874
375 9999.51811874
376 9999.51811874
377 9999.51811874
378 9999.51811874
379 9999.51811874
380 9999.51811874
381 9999.51811874
393 9999.54106546
394 9999.54106546
395 9999.54106546
396 9999.54106546
397 9999.54106546
398 9999.54106546
399 9999.54106546
400 9999.54106546
401 9999.54106546
402 9999.54106546
409 9999.56401219
410 9999.58695892
411 9999.58695892
412 9999.60990564
413 9999.60990564
414 9999.60990564
415 9999.60990564
416 9999.60990564
417 9999.60990564
418 9999.60990564
419 9999.63285237
420 9999.63285237
421 9999.6557991
422 9999.6557991
423 9999.70169255
424 9999.72463928
425 9999.72463928
426 9999.72463928
427 9999.747586
428 9999.77053273
429 9999.77053273
430 9999.77053273
431 9999.77053273
432 9999.77053273
433 9999.77053273
434 9999.77053273
435 9999.77053273
436 9999.79347946
437 9999.79347946
438 9999.79347946
439 9999.79347946
440 9999.79347946
441 9999.79347946
442 9999.79347946
443 9999.79347946
444 9999.79347946
445 9999.81642618
446 9999.81642618
447 9999.81642618
448 9999.81642618
449 9999.81642618
450 9999.83937291
451 9999.83937291
452 9999.83937291
453 9999.83937291
454 9999.83937291
455 9999.83937291
456 9999.83937291
457 9999.83937291
458 9999.83937291
459 9999.83937291
471 9999.86231964
472 9999.90821309
473 9999.90821309
474 9999.90821309
475 9999.90821309
476 9999.93115982
477 9999.93115982
478 9999.93115982
479 9999.93115982
480 9999.93115982
481 9999.93115982
482 9999.93115982
483 9999.93115982
484 9999.93115982
485 9999.93115982
510 9999.95410655
511 9999.95410655
512 9999.95410655
513 9999.95410655
514 9999.95410655
515 9999.95410655
516 9999.95410655
517 9999.95410655
518 9999.95410655
519 9999.95410655
710 9999.97705327
711 9999.97705327
712 9999.97705327
713 9999.97705327
714 9999.97705327
715 9999.97705327
716 9999.97705327
717 9999.97705327
718 9999.97705327
719 9999.97705327
1104 10000.0
1105 10000.0
1106 10000.0
1107 10000.0
1108 10000.0
1109 10000.0
1110 10000.0
1111 10000.0
1112 10000.0
1113 10000.0
1501 10000.0
