0 0.0
1 0.0
2 0.0
3 0.0
4 0.0
5 0.0
6 0.0
7 0.0
8 0.0
26 0.00979345601269
27 0.00979345601269
28 0.0293803680381
29 0.0489672800635
30 0.0685541920888
31 0.195869120254
32 0.587607360762
33 1.26335582564
34 2.36022289906
35 3.86841512501
36 5.74875867945
37 8.19712268262
38 11.4779304469
39 14.9252269633
40 19.283314889
41 25.0908343045
42 32.9941533068
43 41.7201226141
44 52.5418915081
45 65.4006992528
46 80.0712963598
47 99.3154374247
48 123.877425105
49 151.485177604
50 183.725234798
51 219.657424909
52 262.063089444
53 309.747426769
54 361.094516644
55 417.250193421
56 477.479947899
57 543.39970032
58 617.4774016
59 698.077544585
60 787.736634381
61 879.462143396
62 975.937478577
63 1076.57503256
64 1179.43570106
65 1284.73494011
66 1390.0929399
67 1492.77732619
68 1602.4052728
69 1713.52182472
70 1824.72651774
71 1931.30869953
72 2028.33246824
73 2125.75776866
74 2216.8760834
75 2303.50899529
76 2386.18535095
77 2464.00415243
78 2546.12228109
79 2624.43075537
80 2697.9404362
81 2761.3040966
82 2815.99075498
83 2867.35743176
84 2915.13970365
85 2959.98393873
86 3002.13497341
87 3040.49594061
88 3077.31933522
89 3111.82168075
90 3144.95294244
91 3176.76208757
92 3204.82033905
93 3232.08532059
94 3257.29367637
95 3280.70003624
96 3302.77448609
97 3322.87065783
98 3341.644713
99 3359.26314037
100 3375.26564749
101 3390.23004828
102 3403.76460449
103 3416.50589076
104 3427.91526702
105 3438.5607537
106 3449.02995818
107 3458.98990295
108 3468.16637123
109 3476.98048164
110 3485.34409308
111 3493.23761862
112 3500.94506851
113 3509.44578832
114 3517.77022594
115 3526.19259811
116 3534.75207866
117 3543.5368087
118 3552.06690889
119 3562.00726674
120 3571.7909293
121 3583.56266343
122 3594.80555093
123 3607.4586961
124 3622.89318278
125 3637.85758356
126 3656.65122565
127 3674.83767347
128 3696.65749346
129 3717.94846683
130 3744.99799234
131 3769.84399025
132 3800.48771411
133 3829.10419258
134 3860.84478352
135 3898.6083499
136 3934.65806148
137 3977.22042131
138 4017.86326377
139 4067.02641295
140 4113.20255805
141 4168.84897511
142 4220.04916315
143 4279.00576835
144 4340.83185615
145 4402.70691124
146 4477.00986201
147 4544.64346923
148 4626.69304371
149 4701.95575317
150 4792.03596157
151 4872.36188779
152 4967.1821289
153 5053.63875858
154 5140.29125738
155 5244.94412833
156 5336.95364757
157 5448.67739377
158 5545.00582711
159 5658.70785141
160 5759.4335465
161 5878.55135199
162 5981.20635791
163 6100.55920634
164 6203.38070102
165 6308.05315888
166 6427.2297251
167 6528.55282101
168 6650.46176145
169 6750.75654448
170 6868.85583053
171 6969.34648268
172 7084.62525341
173 7183.42163766
174 7286.32147999
175 7390.23984174
176 7481.92617693
177 7587.35273091
178 7675.98350782
179 7776.69940945
180 7860.7370555
181 7954.34290807
182 8033.91473817
183 8122.70221038
184 8194.50782987
185 8264.77587676
186 8343.95596862
187 8408.60257176
188 8480.54529963
189 8539.85446924
190 8605.1866143
191 8658.73723178
192 8718.17371632
193 8765.76011909
194 8819.2813562
195 8862.46070376
196 8903.3287957
197 8949.75957065
198 8987.60148469
199 9028.45978317
200 9061.36579538
201 9096.8278996
202 9125.93405087
203 9157.33187084
204 9183.05927979
205 9209.6191325
206 9234.01463142
207 9255.92259252
208 9280.67065587
209 9300.96269673
210 9323.85000343
211 9341.75244102
212 9362.47539394
213 9379.41807284
214 9398.33902986
215 9413.4699194
216 9428.44411364
217 9444.60331606
218 9457.6873733
219 9471.7801565
220 9482.61171885
221 9494.50097445
222 9504.03980061
223 9513.42193147
224 9521.35463084
225 9529.74762264
226 9536.9262259
227 9543.19403774
228 9550.50974939
229 9556.02346512
230 9562.25210314
231 9567.54056939
232 9573.11304586
233 9577.51030761
234 9582.26992723
235 9586.81409082
236 9590.98610309
237 9595.40295175
238 9599.1538454
239 9604.18768179
240 9608.85916031
241 9613.67754067
242 9618.22170426
243 9624.0683975
244 9629.22954882
245 9635.20355698
246 9640.77603345
247 9646.64231361
248 9652.95909273
249 9658.75681869
250 9665.24988003
251 9670.71462849
252 9676.68863665
253 9682.36884114
254 9688.29388203
255 9693.00453437
256 9698.44969591
257 9702.69026237
258 9706.36280837
259 9710.83841777
260 9714.43261613
261 9718.29123779
262 9721.30762225
263 9724.84305987
264 9727.55584718
265 9730.5134709
266 9732.9618349
267 9735.65503531
268 9738.16216004
269 9740.48320912
270 9743.58773468
271 9746.44742383
272 9750.24728476
273 9753.72396165
274 9758.43461399
275 9762.56745243
276 9768.08116816
277 9773.50674279
278 9779.06942581
279 9785.88567119
280 9792.34935216
281 9800.43874683
282 9807.49982861
283 9816.03972226
284 9823.34564044
285 9832.27727233
286 9839.4754625
287 9847.50609643
288 9854.18523343
289 9861.05044609
290 9867.78834383
291 9873.53710251
292 9879.71677325
293 9884.52536015
294 9889.50043581
295 9893.51575277
296 9897.76611268
297 9900.94898589
298 9903.99475071
299 9907.29514538
300 9910.03731307
301 9913.11245826
302 9915.40412696
303 9917.81331714
304 9919.98746438
305 9922.08326396
306 9923.72856457
307 9925.43262592
308 9927.07792653
309 9928.40983655
310 9929.88864841
311 9931.15200423
312 9932.35659932
313 9933.48284676
314 9934.91269134
315 9935.98017805
316 9937.16518622
317 9938.13473837
318 9939.22181199
319 9940.11301648
320 9940.97484061
321 9941.91501239
322 9942.61034777
323 9943.52113917
324 9944.22626801
325 9945.09788559
326 9945.97929663
327 9946.80194694
328 9947.36996739
329 9948.06530276
330 9948.7704316
331 9949.42659315
332 9950.30800419
333 9950.94457883
334 9951.54197965
335 9952.1981412
336 9952.91306349
337 9953.4908774
338 9954.24497351
339 9954.66609212
340 9955.23411257
341 9955.87068721
342 9956.40932729
343 9956.97734774
344 9957.52578127
345 9958.16235591
346 9958.59326798
347 9959.18087534
348 9959.65096123
349 9960.14063403
350 9960.71844793
351 9961.05142544
352 9961.51171787
353 9961.87407574
354 9962.35395509
355 9962.79466061
356 9963.32350723
357 9963.74462584
358 9964.3322332
359 9964.66521071
360 9965.0667424
361 9965.49765447
362 9965.82083852
363 9966.19298984
364 9966.63369536
365 9967.08419434
366 9967.50531295
367 9968.04395303
368 9968.41610436
369 9968.78825569
370 9969.15061356
371 9969.5423518
372 9970.04181806
373 9970.4335563
374 9970.95260947
375 9971.21703278
376 9971.62835793
377 9972.02988963
378 9972.4803886
379 9972.84274648
380 9973.19531089
381 9973.54787531
382 9973.85147245
383 9974.18444995
384 9974.61536202
385 9974.89937224
386 9975.19317592
387 9975.56532725
388 9975.85913093
389 9976.18231498
390 9976.44673829
391 9976.75033543
392 9977.08331293
393 9977.37711661
394 9977.71009412
395 9977.95493052
396 9978.44460332
397 9978.75799391
398 9979.14973215
399 9979.51209002
400 9979.90382826
401 9980.11928429
402 9980.42288143
403 9980.79503276
404 9981.05945607
405 9981.50016159
406 9981.89189983
407 9982.14652969
408 9982.43053991
409 9982.78310433
410 9983.0573211
411 9983.38050515
412 9983.65472191
413 9983.87017795
414 9984.18356854
415 9984.49695913
416 9984.7711759
417 9984.91807774
418 9985.22167488
419 9985.40775054
420 9985.67217385
421 9985.89742334
422 9986.13246629
423 9986.40668305
424 9986.56337835
425 9986.75924747
426 9986.91594277
427 9987.14119226
428 9987.40561557
429 9987.76797344
430 9987.96384256
431 9988.29682006
432 9988.6004172
433 9988.8452536
434 9989.14885074
435 9989.31533949
436 9989.4916217
437 9989.69728427
438 9989.90294685
439 9990.04005524
440 9990.32406546
441 9990.51014112
442 9990.75497752
443 9990.99002047
444 9991.21526996
445 9991.43072599
446 9991.57762783
447 9991.73432313
448 9991.9399857
449 9992.08688754
450 9992.30234357
451 9992.43945196
452 9992.55697343
453 9992.72346218
454 9992.97809204
455 9993.13478734
456 9993.34044991
457 9993.45797138
458 9993.6538405
459 9993.84970962
460 9993.94764418
461 9994.0553722
462 9994.23165441
463 9994.33938242
464 9994.41773007
465 9994.56463191
466 9994.62339265
467 9994.73112067
468 9994.80946831
469 9994.98575052
470 9995.0347178
471 9995.12285891
472 9995.16203273
473 9995.26976075
474 9995.36769531
475 9995.42645604
476 9995.56356443
477 9995.66149899
478 9995.73005318
479 9995.83778119
480 9995.94550921
481 9995.98468303
482 9996.08261759
483 9996.13158487
484 9996.19034561
485 9996.2588998
486 9996.28828017
487 9996.33724745
488 9996.40580164
489 9996.47435584
490 9996.5037362
491 9996.56249694
492 9996.60167076
493 9996.67022496
494 9996.73877915
495 9996.77795297
496 9996.82692025
497 9996.86609408
498 9996.87588753
499 9996.93464827
500 9996.98361555
501 9997.04237628
502 9997.09134356
503 9997.11093048
504 9997.16969121
505 9997.18927812
506 9997.22845195
507 9997.25783232
508 9997.28721268
509 9997.34597342
510 9997.36556033
511 9997.43411452
512 9997.43411452
513 9997.44390798
514 9997.47328835
515 9997.52225563
516 9997.56142945
517 9997.56142945
518 9997.59080982
519 9997.61039673
520 9997.6397771
521 9997.68874438
522 9997.72791821
523 9997.76709203
524 9997.78667894
525 9997.80626585
526 9997.82585277
527 9997.89440696
528 9997.90420041
529 9997.92378733
530 9997.97275461
531 9997.99234152
532 9997.99234152
533 9998.0413088
534 9998.07068917
535 9998.10986299
536 9998.14903681
537 9998.18821064
538 9998.21759101
539 9998.23717792
540 9998.26655829
541 9998.27635174
542 9998.29593865
543 9998.30573211
544 9998.33511248
545 9998.34490593
546 9998.3742863
547 9998.39387321
548 9998.39387321
549 9998.40366667
550 9998.42325358
551 9998.42325358
552 9998.42325358
553 9998.44284049
554 9998.46242741
555 9998.49180777
556 9998.51139469
557 9998.51139469
558 9998.55056851
559 9998.57015542
560 9998.58974233
561 9998.59953579
562 9998.6191227
563 9998.6191227
564 9998.64850307
565 9998.67788344
566 9998.70726381
567 9998.72685072
568 9998.73664417
569 9998.73664417
570 9998.73664417
571 9998.74643763
572 9998.75623109
573 9998.76602454
574 9998.79540491
575 9998.80519837
576 9998.80519837
577 9998.80519837
578 9998.81499182
579 9998.82478528
580 9998.85416565
581 9998.88354601
582 9998.89333947
583 9998.92271984
584 9998.95210021
585 9998.96189366
586 9998.98148057
587 9998.98148057
588 9998.98148057
589 9998.98148057
590 9999.01086094
591 9999.03044785
592 9999.05982822
593 9999.07941513
594 9999.07941513
595 9999.1087955
596 9999.1087955
597 9999.12838241
598 9999.12838241
599 9999.12838241
600 9999.13817587
601 9999.15776278
602 9999.16755624
603 9999.17734969
604 9999.18714315
605 9999.18714315
606 9999.20673006
607 9999.21652352
608 9999.22631697
609 9999.22631697
610 9999.22631697
611 9999.23611043
612 9999.25569734
613 9999.25569734
614 9999.27528426
615 9999.28507771
616 9999.29487117
617 9999.30466462
618 9999.31445808
619 9999.33404499
620 9999.34383845
621 9999.38301227
622 9999.39280573
623 9999.39280573
624 9999.39280573
625 9999.39280573
626 9999.4221861
627 9999.4221861
628 9999.4221861
629 9999.4221861
630 9999.4221861
631 9999.43197955
632 9999.45156646
633 9999.46135992
634 9999.47115338
635 9999.47115338
636 9999.48094683
637 9999.5103272
638 9999.52012066
639 9999.52012066
640 9999.52991411
641 9999.53970757
642 9999.53970757
643 9999.54950102
644 9999.55929448
645 9999.55929448
646 9999.55929448
647 9999.55929448
648 9999.55929448
649 9999.55929448
650 9999.56908794
651 9999.5984683
652 9999.61805522
653 9999.62784867
654 9999.63764213
655 9999.64743558
656 9999.68660941
657 9999.68660941
658 9999.68660941
659 9999.68660941
660 9999.69640286
661 9999.69640286
662 9999.71598978
663 9999.71598978
664 9999.71598978
665 9999.71598978
666 9999.72578323
667 9999.72578323
668 9999.74537014
669 9999.74537014
670 9999.74537014
671 9999.7551636
672 9999.76495706
673 9999.76495706
674 9999.76495706
675 9999.77475051
676 9999.78454397
677 9999.78454397
678 9999.78454397
679 9999.78454397
680 9999.78454397
681 9999.78454397
682 9999.79433742
683 9999.79433742
684 9999.79433742
685 9999.80413088
686 9999.80413088
687 9999.81392434
688 9999.81392434
689 9999.81392434
690 9999.81392434
691 9999.82371779
692 9999.83351125
693 9999.83351125
694 9999.83351125
695 9999.8433047
696 9999.8433047
697 9999.8433047
698 9999.8433047
699 9999.8433047
700 9999.8433047
701 9999.8433047
702 9999.85309816
703 9999.85309816
704 9999.85309816
705 9999.85309816
706 9999.85309816
707 9999.87268507
708 9999.87268507
709 9999.88247853
710 9999.88247853
711 9999.88247853
712 9999.88247853
713 9999.88247853
714 9999.88247853
715 9999.88247853
716 9999.88247853
717 9999.89227198
718 9999.89227198
719 9999.89227198
720 9999.89227198
721 9999.89227198
722 9999.89227198
723 9999.89227198
724 9999.89227198
725 9999.89227198
726 9999.89227198
731 9999.90206544
732 9999.90206544
733 9999.90206544
734 9999.90206544
735 9999.9118589
736 9999.9118589
737 9999.9118589
738 9999.9118589
739 9999.9118589
740 9999.9118589
741 9999.9118589
742 9999.9118589
743 9999.9118589
744 9999.9118589
745 9999.92165235
746 9999.92165235
747 9999.93144581
748 9999.93144581
749 9999.93144581
750 9999.93144581
751 9999.93144581
752 9999.93144581
753 9999.93144581
754 9999.93144581
755 9999.93144581
756 9999.93144581
1132 9999.94123926
1133 9999.94123926
1134 9999.94123926
1135 9999.94123926
1136 9999.94123926
1137 9999.94123926
1138 9999.94123926
1139 9999.94123926
1140 9999.94123926
1141 9999.94123926
1166 9999.95103272
1167 9999.95103272
1168 9999.95103272
1169 9999.95103272
1170 9999.95103272
1171 9999.95103272
1172 9999.95103272
1173 9999.95103272
1174 9999.95103272
1175 9999.95103272
1180 9999.96082618
1181 9999.96082618
1182 9999.96082618
1183 9999.96082618
1184 9999.96082618
1185 9999.96082618
1186 9999.96082618
1187 9999.96082618
1188 9999.96082618
1189 9999.96082618
1192 9999.97061963
1193 9999.97061963
1194 9999.97061963
1195 9999.97061963
1196 9999.97061963
1197 9999.97061963
1198 9999.97061963
1199 9999.97061963
1200 9999.97061963
1201 9999.97061963
1220 9999.98041309
1221 9999.98041309
1222 9999.98041309
1223 9999.98041309
1224 9999.98041309
1225 9999.98041309
1226 9999.98041309
1227 9999.98041309
1228 9999.98041309
1229 9999.98041309
1307 9999.99020654
1308 9999.99020654
1309 9999.99020654
1310 9999.99020654
1311 9999.99020654
1312 9999.99020654
1313 9999.99020654
1314 9999.99020654
1315 9999.99020654
1316 9999.99020654
1329 10000.0
1330 10000.0
1331 10000.0
1332 10000.0
1333 10000.0
1334 10000.0
1335 10000.0
1336 10000.0
1337 10000.0
1338 10000.0
1501 10000.0
