0
3431
3431
3431
3431
3431
3431
3431
3431
3431
3431
3431
3431
3431
3431
3431
3431
3861
3861
3861
3861
3861
3861
3861
3861
3861
3861
3861
3861
3861
3861
3861
3861
3861
3861
4602
4602
4602
4636
4636
4752
5054
5292
5444
5444
5549
5653
5691
5865
5974
6106
6106
6506
9457
11908
13749
14767
17742
18585
18585
21272
22356
23101
27761
29014
29014
33348
35799
37131
38481
39249
40112
40112
42184
44783
48272
50636
53076
55940
55940
57959
59765
60483
62015
64048
65885
65885
68608
69245
70057
72086
72574
74019
74019
74280
77941
79686
80745
85503
88441
88441
89451
89660
92461
95048
95048
97678
99389
99389
100264
101948
103116
103514
107465
108365
110179
110179
112032
115816
117449
119561
120898
121008
124070
124070
126834
128565
130900
132669
135486
137995
137995
141216
143904
145430
146281
148431
151821
151821
155013
158003
158887
161002
162295
164539
165025
165025
170378
172218
173492
175557
176449
180102
180102
182865
185910
187130
190837
194460
194863
196505
196505
199375
200225
205065
206408
208177
210973
212630
212630
213472
214352
215635
217949
220583
225824
225824
226541
230695
232860
232860
234793
235452
235452
236016
239416
243244
245676
247085
250119
250119
251537
251745
254786
256423
259645
261107
261107
263124
266046
267472
268093
273803
277080
277080
278128
280308
283641
284039
286309
291860
292831
294566
295615
295615
297512
297904
298240
299912
301802
303601
303601
305303
305488
308510
309350
312772
313344
313344
313684
314237
317541
317541
320519
322804
322804
325307
327144
331027
332900
336039
338411
338411
340867
342458
343505
344897
345827
346499
346499
348300
352408
354250
355719
357943
361363
361363
362532
365392
366006
369316
370733
372775
372775
375037
375258
377644
377836
378765
381121
381121
387473
389067
389301
392199
395394
396911
397985
397985
399812
400430
402371
404960
404987
408458
408458
410495
414155
414470
418511
420023
423254
423254
425340
426654
428815
429746
432171
433554
433554
433609
434658
438981
440932
443111
444712
444712
447026
449272
449605
452299
453838
458764
458764
459214
459309
463536
464657
466526
472111
472111
472643
472643
476161
479030
481009
483781
486794
486794
488282
491796
493029
495631
497638
499293
499293
503680
504036
505338
507676
511071
511936
511936
514089
514767
518657
521259
523748
525569
525569
528823
528875
529011
532559
534422
537344
539254
539254
540186
543088
543491
547227
549225
550598
550598
553394
557641
559300
560951
564372
566013
566013
568480
571339
574327
575186
577251
577476
577476
580796
582849
586934
588501
588763
592000
592000
593731
596937
600017
602968
607348
610686
610686
612999
616905
618851
619608
621018
623529
623529
625064
627305
629161
630465
630729
631976
631976
634407
635764
638466
641646
644725
645662
645662
647194
650054
650643
651146
653616
654651
654651
655917
657555
659676
661841
664521
666198
666198
670160
672961
675839
679881
681582
681582
686159
687200
688727
688909
691853
695120
695120
696404
698065
699311
700768
701840
704194
704194
708068
708724
710999
713459
717019
718460
718460
720299
722259
722916
725774
726949
729150
729150
730305
730938
733874
737099
740677
743700
743700
744950
745445
746487
747813
747813
749427
749427
751810
752244
755959
756797
759292
760478
760478
764171
764705
768167
769173
770259
771261
773176
773176
773828
776167
777398
778548
781414
784211
784211
786190
787280
787280
790547
794286
795790
795790
799538
801157
802805
803732
807412
809791
809791
812559
816569
819791
824643
826143
826143
826143
826841
829742
830364
830816
832803
834101
834101
836302
836858
841343
844165
844993
850180
850180
851478
852947
855953
860911
863570
866113
866113
867022
867697
872932
875232
875945
876467
876467
880826
884127
884936
888155
888790
889254
889254
891633
891734
897768
899682
900862
905795
905795
907142
907264
909468
913674
916427
917441
917441
917574
919095
919365
923390
927488
927700
927700
929481
931477
934321
936302
937930
938885
938885
942872
945068
949510
950509
952673
953311
953916
953916
955799
956594
958570
959689
962741
963611
963611
967051
967112
969899
970473
974636
976489
976489
978911
980817
985093
987879
989964
991260
991260
993615
995364
996621
998704
1000134
1002605
1002605
1002609
1003432
1006106
1006601
1009253
1011797
1011797
1015598
1015598
1020556
1021090
1021090
1021090
