0 0.0
1 0.0
2 0.803063393041
3 3.21225357216
4 5.82710632755
5 9.20584865193
6 13.103644145
7 17.3246236865
8 21.4966359479
9 25.3356707048
10 29.5174764223
11 34.5317259008
12 41.0052003251
13 48.6636829271
14 57.869531579
15 67.9959650961
16 80.0810898158
17 95.1140447953
18 113.986034532
19 139.037695012
20 170.239645869
21 207.954244974
22 254.071629337
23 304.086809194
24 360.751745684
25 420.403686257
26 484.94256138
27 558.902741188
28 637.69109481
29 722.316348216
30 809.272444153
31 904.768433733
32 1008.7063824
33 1122.49654781
34 1254.54171523
35 1383.58029165
36 1507.47730367
37 1631.44286987
38 1756.04501072
39 1881.97906159
40 2004.04469733
41 2123.95577275
42 2256.00094017
43 2382.6792937
44 2500.73940593
45 2604.06036686
46 2697.24510082
47 2785.88567119
48 2873.07681008
49 2963.1961923
50 3055.16653772
51 3145.81476657
52 3233.67186046
53 3316.02503207
54 3385.7054716
55 3455.082314
56 3517.73105211
57 3583.87605402
58 3647.83711524
59 3717.87991264
60 3779.43178368
61 3843.61809439
62 3916.64789588
63 3984.59489369
64 4061.94360928
65 4131.53590771
66 4213.624656
67 4287.11474992
68 4376.29396038
69 4455.06272709
70 4546.83720338
71 4633.72474513
72 4721.36638298
73 4825.72545025
74 4917.19632941
75 5029.44892223
76 5129.01898951
77 5247.81361095
78 5350.83097474
79 5474.34604197
80 5583.39617468
81 5703.26807627
82 5823.87448707
83 5935.85286312
84 6067.57484649
85 6183.77420208
86 6317.5332243
87 6431.86202979
88 6565.10199884
89 6681.78123378
90 6817.92985927
91 6931.74940505
92 7042.08248049
93 7169.94584219
94 7277.85993399
95 7400.50338364
96 7507.81028117
97 7625.88998032
98 7721.6308063
99 7830.77887356
100 7923.97340097
101 8029.05718399
102 8114.40715314
103 8197.7298769
104 8290.19968857
105 8367.68551254
106 8452.45766779
107 8523.12724637
108 8600.17236483
109 8663.29118883
110 8732.9618349
111 8790.10665074
112 8847.99576923
113 8901.81081002
114 8950.47449294
115 9001.61592024
116 9043.58087926
117 9088.99313479
118 9126.65876661
119 9166.82172972
120 9199.14992802
121 9233.19198112
122 9261.20126531
123 9286.33127344
124 9314.83023044
125 9336.72839808
126 9360.30124671
127 9379.87836528
128 9400.57193783
129 9417.24039996
130 9434.66295821
131 9447.85474346
132 9462.87790498
133 9473.41566365
134 9484.3157802
135 9495.13754909
136 9504.37277811
137 9513.95077809
138 9521.84430364
139 9531.65734656
140 9542.20489869
141 9557.2966144
142 9568.68640375
143 9579.5179661
144 9589.08617262
145 9598.11573906
146 9608.55556317
147 9617.67327072
148 9628.25020321
149 9635.57570831
150 9641.86310707
151 9646.07429316
152 9650.22671851
153 9653.28227678
154 9655.96568373
155 9658.57074303
156 9660.50984732
157 9662.43915815
158 9663.84941582
159 9665.5240968
160 9666.88538718
161 9668.40337287
162 9669.83321744
163 9671.19450783
164 9672.5362113
165 9673.64287183
166 9674.8964342
167 9675.86598635
168 9676.91388614
169 9678.36331763
170 9681.15445259
171 9685.15018265
172 9691.67262435
173 9698.24403334
174 9705.29532167
175 9711.58272043
176 9716.51862226
177 9722.47304351
178 9727.97696579
179 9735.29267743
180 9742.12850973
181 9749.76740542
182 9756.28984712
183 9762.66538699
184 9767.51314771
185 9770.9898246
186 9774.907207
187 9777.81586344
188 9781.04770392
189 9783.33937263
190 9786.01298612
191 9788.01085115
192 9790.24375912
193 9791.66381024
194 9792.66274276
195 9793.4755996
196 9794.18072844
197 9794.73895543
198 9795.28738897
199 9795.86520287
200 9796.51157097
201 9798.00017628
202 9800.79131125
203 9806.66738485
204 9813.38569568
205 9822.11166499
206 9830.3675484
207 9838.0945852
208 9846.19377332
209 9853.42134386
210 9862.78388781
211 9872.01911683
212 9883.52642764
213 9893.30029674
214 9904.92512903
215 9914.61085703
216 9923.94402061
217 9932.67978337
218 9939.32954
219 9945.29375471
220 9949.73019029
221 9953.95116983
222 9957.19280377
223 9959.97414528
224 9961.6390328
225 9963.4410287
226 9964.44975467
227 9965.13529659
228 9965.89918616
229 9966.46720661
230 9967.02543361
231 9967.29965037
232 9967.86767082
233 9968.3181698
234 9968.94495098
235 9969.39544996
236 9969.88512276
237 9970.41396939
238 9970.9232291
239 9971.4129019
240 9971.83402051
241 9972.40204096
242 9972.78398574
243 9973.23448472
244 9973.70457061
245 9974.36073216
246 9974.77205731
247 9975.29111048
248 9975.92768512
249 9976.39777101
250 9976.99517183
251 9977.48484463
252 9978.02348471
253 9978.47398368
254 9978.9832434
255 9979.33580781
256 9979.76671988
257 9980.16825157
258 9980.50122908
259 9980.97131497
260 9981.29449902
261 9981.61768306
262 9981.87231292
263 9982.17591006
264 9982.45012683
265 9982.70475668
266 9982.98876691
267 9983.21401639
268 9983.52740699
269 9983.91914523
270 9984.18356854
271 9984.35985075
272 9984.6144806
273 9984.81034972
274 9985.14332723
275 9985.34898981
276 9985.57423929
277 9985.76031496
278 9985.93659717
279 9986.18143357
280 9986.32833541
281 9986.641726
282 9986.81800821
283 9987.0432577
284 9987.22933336
285 9987.51334358
286 9987.67983234
287 9987.93446219
288 9988.10095094
289 9988.2674397
290 9988.46330882
291 9988.62979757
292 9988.8452536
293 9988.99215544
294 9989.13905728
295 9989.28595912
296 9989.45244787
297 9989.5797628
298 9989.78542538
299 9989.97150104
300 9990.21633744
301 9990.36323928
302 9990.50034767
303 9990.63745605
304 9990.88229245
305 9991.1173354
306 9991.35237834
307 9991.54824746
308 9991.75391004
309 9991.91060533
310 9992.05750717
311 9992.27296321
312 9992.49821269
313 9992.61573417
314 9992.73325564
315 9992.88015748
316 9992.98788549
317 9993.13478734
318 9993.22292844
319 9993.35024337
320 9993.43838447
321 9993.52652558
322 9993.62446014
323 9993.76156852
324 9993.91826382
325 9994.03578529
326 9994.13371985
327 9994.28062169
328 9994.43731698
329 9994.545045
330 9994.67235993
331 9994.79967486
332 9995.01513089
333 9995.12285891
334 9995.25996729
335 9995.41666259
336 9995.51459715
337 9995.62232516
338 9995.77902046
339 9995.93571575
340 9996.05323723
341 9996.13158488
342 9996.2588998
343 9996.39600819
344 9996.47435584
345 9996.65063804
346 9996.78774643
347 9996.91506136
348 9997.00320246
349 9997.15989776
350 9997.25783232
351 9997.38514724
352 9997.51246217
353 9997.64957056
354 9997.84543968
355 9997.93358078
356 9998.05110225
357 9998.20779755
358 9998.30573211
359 9998.41346013
360 9998.51139469
361 9998.56036197
362 9998.64850307
363 9998.72685072
364 9998.78561145
365 9998.89333947
366 9998.98148057
367 9999.01086094
368 9999.1087955
369 9999.18714315
370 9999.22631698
371 9999.27528426
372 9999.29487117
373 9999.36342536
374 9999.38301227
375 9999.41239264
376 9999.45156646
377 9999.47115338
378 9999.49074029
379 9999.50053374
380 9999.5103272
381 9999.53970757
382 9999.53970757
383 9999.55929448
384 9999.57888139
385 9999.5984683
386 9999.60826176
387 9999.60826176
388 9999.60826176
389 9999.61805522
390 9999.61805522
391 9999.63764213
392 9999.64743558
393 9999.64743558
394 9999.65722904
395 9999.65722904
396 9999.65722904
397 9999.65722904
398 9999.6670225
399 9999.6670225
400 9999.67681595
401 9999.67681595
402 9999.67681595
403 9999.67681595
404 9999.67681595
405 9999.67681595
406 9999.67681595
407 9999.67681595
408 9999.67681595
409 9999.68660941
410 9999.68660941
411 9999.69640286
412 9999.69640286
413 9999.70619632
414 9999.71598978
415 9999.71598978
416 9999.71598978
417 9999.71598978
418 9999.71598978
419 9999.71598978
420 9999.71598978
421 9999.72578323
422 9999.72578323
423 9999.73557669
424 9999.74537014
425 9999.74537014
426 9999.74537014
427 9999.74537014
428 9999.74537014
429 9999.74537014
430 9999.74537014
431 9999.74537014
432 9999.74537014
433 9999.76495706
434 9999.76495706
435 9999.76495706
436 9999.76495706
437 9999.76495706
438 9999.76495706
439 9999.76495706
440 9999.76495706
441 9999.76495706
442 9999.77475051
443 9999.77475051
444 9999.77475051
445 9999.77475051
446 9999.77475051
447 9999.78454397
448 9999.78454397
449 9999.78454397
450 9999.78454397
451 9999.78454397
452 9999.78454397
453 9999.78454397
454 9999.78454397
455 9999.78454397
456 9999.78454397
457 9999.79433742
458 9999.79433742
459 9999.79433742
460 9999.79433742
461 9999.79433742
462 9999.79433742
463 9999.79433742
464 9999.79433742
465 9999.79433742
466 9999.79433742
468 9999.80413088
469 9999.80413088
470 9999.80413088
471 9999.80413088
472 9999.80413088
473 9999.80413088
474 9999.80413088
475 9999.80413088
476 9999.80413088
477 9999.80413088
479 9999.81392434
480 9999.81392434
481 9999.82371779
482 9999.82371779
483 9999.82371779
484 9999.82371779
485 9999.82371779
486 9999.82371779
487 9999.83351125
488 9999.83351125
489 9999.83351125
490 9999.83351125
491 9999.83351125
492 9999.83351125
493 9999.83351125
494 9999.83351125
495 9999.83351125
496 9999.83351125
507 9999.8433047
508 9999.8433047
509 9999.8433047
510 9999.85309816
511 9999.86289162
512 9999.86289162
513 9999.86289162
514 9999.86289162
515 9999.86289162
516 9999.86289162
517 9999.86289162
518 9999.86289162
519 9999.86289162
520 9999.86289162
534 9999.87268507
535 9999.87268507
536 9999.87268507
537 9999.87268507
538 9999.87268507
539 9999.87268507
540 9999.87268507
541 9999.87268507
542 9999.87268507
543 9999.87268507
554 9999.88247853
555 9999.88247853
556 9999.88247853
557 9999.88247853
558 9999.88247853
559 9999.88247853
560 9999.89227198
561 9999.89227198
562 9999.89227198
563 9999.89227198
564 9999.90206544
565 9999.90206544
566 9999.90206544
567 9999.90206544
568 9999.90206544
569 9999.90206544
570 9999.90206544
571 9999.90206544
572 9999.90206544
573 9999.9118589
574 9999.9118589
575 9999.9118589
576 9999.9118589
577 9999.9118589
578 9999.9118589
579 9999.9118589
580 9999.9118589
581 9999.9118589
582 9999.9118589
604 9999.92165235
605 9999.92165235
606 9999.92165235
607 9999.92165235
608 9999.92165235
609 9999.93144581
610 9999.93144581
611 9999.93144581
612 9999.93144581
613 9999.93144581
614 9999.93144581
615 9999.93144581
616 9999.93144581
617 9999.93144581
618 9999.93144581
624 9999.95103272
625 9999.95103272
626 9999.95103272
627 9999.95103272
628 9999.96082618
629 9999.96082618
630 9999.96082618
631 9999.96082618
632 9999.96082618
633 9999.97061963
634 9999.97061963
635 9999.97061963
636 9999.97061963
637 9999.97061963
638 9999.97061963
639 9999.97061963
640 9999.97061963
641 9999.97061963
642 9999.97061963
1111 9999.98041309
1112 9999.98041309
1113 9999.98041309
1114 9999.98041309
1115 9999.98041309
1116 9999.98041309
1117 9999.98041309
1118 9999.98041309
1119 9999.98041309
1120 9999.98041309
1218 9999.99020654
1219 9999.99020654
1220 9999.99020654
1221 9999.99020654
1222 9999.99020654
1223 9999.99020654
1224 9999.99020654
1225 9999.99020654
1226 9999.99020654
1227 9999.99020654
1256 10000.0
1257 10000.0
1258 10000.0
1259 10000.0
1260 10000.0
1261 10000.0
1262 10000.0
1263 10000.0
1264 10000.0
1265 10000.0
1501 10000.0
