0 0.0
1 0.0
2 0.0
3 0.0
4 0.0
5 0.0
6 0.0
7 0.0
8 0.0
29 0.0210974024878
30 0.0527435062195
31 0.263717531098
32 0.632922074634
33 1.33968505798
34 2.3312629749
35 3.80808114905
36 5.7912369829
37 8.17524346402
38 10.7596752688
39 13.5339836959
40 17.3209674425
41 21.234535604
42 25.6966362301
43 31.4245810056
44 38.6926361626
45 46.4775776806
46 56.6043308748
47 68.6614963966
48 83.1448632044
49 100.961619605
50 123.251025334
51 148.114314166
52 178.273051022
53 212.42974565
54 251.111833111
55 294.540836132
56 339.309524211
57 389.626829145
58 444.79653665
59 504.006396732
60 566.307026279
61 631.44525646
62 702.216493105
63 778.989940758
64 862.598946818
65 951.471754798
66 1042.33826731
67 1128.33127985
68 1219.4298638
69 1305.78153218
70 1393.36739861
71 1477.3034144
72 1562.69515097
73 1654.62708231
74 1746.9809617
75 1833.01616905
76 1912.41624331
77 1982.98705463
78 2053.97981401
79 2125.40507013
80 2201.62998532
81 2279.65872842
82 2352.34982869
83 2421.70753937
84 2486.36052929
85 2541.05554524
86 2588.56689564
87 2630.64566491
88 2669.90793094
89 2706.9022262
90 2741.75513511
91 2773.16916741
92 2802.60004388
93 2830.23764114
94 2857.40054684
95 2883.91998177
96 2907.29590373
97 2928.50934193
98 2947.44426066
99 2966.95935796
100 2985.27190332
101 3002.33970194
102 3018.69018886
103 3033.11026346
104 3047.54088677
105 3060.38920488
106 3072.4463704
107 3083.17439957
108 3093.33279887
109 3103.52284427
110 3112.76350656
111 3121.83538963
112 3130.50642205
113 3138.40739928
114 3145.91807457
115 3152.72198687
116 3159.97949332
117 3166.97328225
118 3173.55567183
119 3180.33848673
120 3187.30062955
121 3194.18893146
122 3201.56247363
123 3209.38960995
124 3218.58807744
125 3227.34349947
126 3237.54409357
127 3247.90291819
128 3259.63307398
129 3271.88011612
130 3287.14408682
131 3300.79410623
132 3318.29440159
133 3335.02464177
134 3353.71694037
135 3376.43884285
136 3398.23245962
137 3424.64640753
138 3449.63628078
139 3479.68953062
140 3508.3503519
141 3543.63575757
142 3576.08356259
143 3613.39431889
144 3652.86755895
145 3693.34292562
146 3742.77413965
147 3787.04703877
148 3841.74205472
149 3890.47705447
150 3949.15947948
151 4002.36712856
152 4066.10238147
153 4123.58225455
154 4183.26680619
155 4255.35663049
156 4321.94003274
157 4400.08481156
158 4469.90666509
159 4552.43970362
160 4626.23841753
161 4715.36439434
162 4792.61253354
163 4884.14361424
164 4964.83063005
165 5049.39956793
166 5148.91601546
167 5235.56304748
168 5337.94874175
169 5427.50721531
170 5532.15033165
171 5623.19617209
172 5727.77599622
173 5818.80073925
174 5921.49234586
175 6022.48561157
176 6114.10108187
177 6223.33288326
178 6317.41674965
179 6427.38696012
180 6519.6669986
181 6625.6919948
182 6716.66399433
183 6819.83029249
184 6907.52164593
185 6996.35225911
186 7096.76534625
187 7182.20982633
188 7277.68612128
189 7356.83302672
190 7447.00332495
191 7523.54470118
192 7609.66429813
193 7678.9587166
194 7758.54866749
195 7825.75444311
196 7889.97493629
197 7964.02681902
198 8024.17551351
199 8093.05853263
200 8148.7451265
201 8210.00143462
202 8260.73013891
203 8316.91252173
204 8363.74875525
205 8411.51327449
206 8456.91488464
207 8499.05694611
208 8543.25600432
209 8579.94438725
210 8621.24255262
211 8654.12285439
212 8691.43361069
213 8721.50795794
214 8753.3650357
215 8779.40977907
216 8804.16758089
217 8831.99505477
218 8853.72537933
219 8878.49372985
220 8898.367483
221 8919.51762899
222 8936.31116137
223 8955.2355314
224 8970.92145015
225 8988.76985266
226 9004.00217725
227 9018.8652973
228 9036.58711539
229 9051.84053739
230 9069.95265743
231 9085.57528397
232 9103.39204037
233 9118.26570913
234 9134.36302722
235 9148.46664079
236 9163.92048811
237 9178.98403349
238 9191.61082887
239 9205.93596516
240 9216.48466641
241 9228.51018583
242 9237.84578643
243 9247.17083833
244 9254.37560128
245 9262.13944539
246 9268.55305575
247 9273.82740637
248 9279.92455569
249 9285.38878293
250 9291.09563031
251 9295.68431535
252 9300.3784874
253 9304.98826984
254 9310.5368867
255 9315.6635555
256 9321.5602795
257 9327.35151648
258 9333.65963983
259 9342.16189303
260 9349.50378909
261 9358.9026819
262 9367.71084744
263 9378.62875323
264 9388.40739928
265 9398.96664923
266 9408.9246232
267 9419.31509393
268 9429.73721075
269 9439.26268798
270 9450.4443113
271 9459.22083073
272 9468.79905146
273 9476.48905467
274 9484.10521697
275 9489.78041823
276 9495.35013249
277 9499.87552533
278 9503.81019089
279 9508.56765515
280 9512.24915188
281 9516.31040186
282 9520.09738561
283 9525.0658239
284 9529.43298621
285 9535.68836605
286 9542.20746342
287 9551.3531874
288 9560.21409644
289 9570.10877821
290 9583.22081385
291 9595.61553781
292 9610.14109943
293 9622.91557663
294 9637.15632331
295 9650.21561545
296 9665.45848875
297 9678.83424193
298 9694.01382302
299 9709.57315735
300 9724.3729852
301 9741.66230654
302 9755.83976101
303 9772.03201742
304 9784.50058229
305 9798.11895559
306 9807.73937113
307 9818.21423146
308 9825.98862428
309 9832.9507671
310 9839.97620213
311 9845.86237742
312 9851.64306571
313 9855.91528971
314 9861.24238384
315 9865.59899745
316 9870.44085132
317 9874.57594221
318 9879.19627335
319 9882.9832571
320 9886.59091293
321 9890.49393239
322 9893.71128627
323 9896.85479924
324 9899.52362065
325 9902.21353947
326 9904.40766933
327 9906.86551672
328 9908.93306216
329 9911.10609462
330 9913.36351668
331 9915.35722122
332 9917.56189978
333 9919.50286081
334 9921.78138028
335 9923.43752637
336 9925.28354909
337 9926.49664973
338 9927.85743219
339 9928.97559452
340 9930.05156205
341 9931.24356529
342 9932.29843542
343 9933.50098736
344 9934.50311398
345 9935.81115293
346 9936.88712046
347 9937.99473409
348 9938.9124711
349 9939.7669159
350 9940.6530068
351 9941.39141589
352 9942.17201978
353 9942.91042887
354 9943.71213016
355 9944.31340613
356 9945.09401003
357 9945.63199379
358 9946.38095158
359 9946.98222755
360 9947.60460092
361 9948.39575351
362 9948.94428598
363 9949.61940286
364 9950.07299701
365 9950.64262688
366 9951.13841584
367 9951.71859441
368 9952.18273726
369 9952.84730544
370 9953.41693531
371 9953.99711388
372 9954.60893855
373 9955.0625327
374 9955.51612685
375 9955.98026971
376 9956.52880217
377 9956.99294503
378 9957.41489308
379 9957.83684113
380 9958.23769178
381 9958.73348073
382 9959.13433138
383 9959.52463333
384 9959.86219177
385 9960.36852943
386 9960.63224696
387 9961.04364631
388 9961.48669176
389 9961.92973721
390 9962.29894175
391 9962.7103411
392 9963.10064305
393 9963.5014937
394 9963.81795473
395 9964.13441577
396 9964.50362031
397 9964.88337356
398 9965.28422421
399 9965.59013654
400 9965.95934109
401 9966.29689953
402 9966.68720147
403 9967.21463653
404 9967.67877939
405 9968.02688653
406 9968.32225016
407 9968.72310081
408 9969.02901315
409 9969.35602289
410 9969.71467873
411 9970.05223717
412 9970.41089301
413 9970.73790275
414 9971.01216898
415 9971.24424041
416 9971.52905534
417 9971.67673716
418 9971.95100339
419 9972.21472092
420 9972.51008456
421 9972.79489949
422 9973.13245793
423 9973.43837027
424 9973.7020878
425 9973.99745143
426 9974.22952286
427 9974.49324039
428 9974.66201961
429 9975.01012675
430 9975.24219818
431 9975.62195143
432 9975.91731506
433 9976.19158129
434 9976.42365272
435 9976.63462674
436 9976.92999038
437 9977.21480531
438 9977.49962025
439 9977.68949687
440 9978.05870141
441 9978.41735725
442 9978.75491569
443 9979.00808452
444 9979.30344816
445 9979.55661699
446 9979.73594491
447 9980.03130855
448 9980.22118517
449 9980.5060001
450 9980.80136374
451 9981.17056828
452 9981.50812672
453 9981.76129555
454 9982.11995139
455 9982.35202282
456 9982.66848386
457 9983.11152931
458 9983.36469814
459 9983.68115918
460 9983.95542541
461 9984.13475333
462 9984.45121437
463 9984.58834748
464 9984.91535722
465 9985.23181826
466 9985.52718189
467 9985.80144813
468 9986.00187345
469 9986.30778579
470 9986.56095462
471 9986.80357474
472 9986.98290267
473 9987.13058448
474 9987.33100981
475 9987.61582474
476 9987.93228578
477 9988.07996759
478 9988.32258772
479 9988.44917214
480 9988.63904876
481 9988.74453577
482 9988.9871559
483 9989.11374032
484 9989.24032473
485 9989.44075005
486 9989.62007798
487 9989.7994059
488 9989.94708771
489 9990.11586693
490 9990.27409745
491 9990.48507148
492 9990.6538507
493 9990.88592213
494 9991.00195784
495 9991.11799355
496 9991.24457797
497 9991.37116238
498 9991.561039
499 9991.71926952
500 9991.85640264
501 9991.94079225
502 9992.12012017
503 9992.21505848
504 9992.3416429
505 9992.47877601
506 9992.54206822
507 9992.61590913
508 9992.72139614
509 9992.84798056
510 9992.95346757
511 9993.10114939
512 9993.1749903
513 9993.25937991
514 9993.44925653
515 9993.55474354
516 9993.68132795
517 9993.76571756
518 9993.86065588
519 9993.92394808
520 9993.99778899
521 9994.11382471
522 9994.19821432
523 9994.25095782
524 9994.32479873
525 9994.37754224
526 9994.44083444
527 9994.52522405
528 9994.62016237
529 9994.71510068
530 9994.77839288
531 9994.9049773
532 9995.01046431
533 9995.06320782
534 9995.14759743
535 9995.18979223
536 9995.22143834
537 9995.29527925
538 9995.39021756
539 9995.43241236
540 9995.51680197
541 9995.61174028
542 9995.68558119
543 9995.7805195
544 9995.84381171
545 9995.91765262
546 9995.97039612
547 9996.00204223
548 9996.05478573
549 9996.11807794
550 9996.18137015
551 9996.23411366
552 9996.28685716
553 9996.32905197
554 9996.35014937
555 9996.38179547
556 9996.45563638
557 9996.50837989
558 9996.5716721
559 9996.6033182
560 9996.65606171
561 9996.67715911
562 9996.71935391
563 9996.75100002
564 9996.77209742
565 9996.79319482
566 9996.82484093
567 9996.85648703
568 9996.90923054
569 9996.93032794
570 9996.94087664
571 9996.98307144
572 9997.02526625
573 9997.07800976
574 9997.09910716
575 9997.13075326
576 9997.18349677
577 9997.21514287
578 9997.23624027
579 9997.26788638
580 9997.27843508
581 9997.33117859
582 9997.35227599
583 9997.36282469
584 9997.36282469
585 9997.40501949
586 9997.4155682
587 9997.4472143
588 9997.52105521
589 9997.54215261
590 9997.56325001
591 9997.57379871
592 9997.58434742
593 9997.60544482
594 9997.62654222
595 9997.64763962
596 9997.66873703
597 9997.68983443
598 9997.70038313
599 9997.71093183
600 9997.73202923
601 9997.76367534
602 9997.84806495
603 9997.89025975
604 9997.92190585
605 9997.93245456
606 9997.94300326
607 9997.96410066
608 9998.02739287
609 9998.03794157
610 9998.11178248
611 9998.15397728
612 9998.15397728
613 9998.15397728
614 9998.15397728
615 9998.16452598
616 9998.16452598
617 9998.17507468
618 9998.17507468
619 9998.18562339
620 9998.24891559
621 9998.25946429
622 9998.3122078
623 9998.3333052
624 9998.3438539
625 9998.3438539
626 9998.35440261
627 9998.36495131
628 9998.39659741
629 9998.41769481
630 9998.44934092
631 9998.47043832
632 9998.48098702
633 9998.51263312
634 9998.53373053
635 9998.58647403
636 9998.58647403
637 9998.59702273
638 9998.59702273
639 9998.59702273
640 9998.61812014
641 9998.62866884
642 9998.64976624
643 9998.66031494
644 9998.66031494
645 9998.68141234
646 9998.69196105
647 9998.71305845
648 9998.71305845
649 9998.72360715
650 9998.72360715
651 9998.74470455
652 9998.75525325
653 9998.76580195
654 9998.77635066
655 9998.78689936
656 9998.79744806
657 9998.82909416
658 9998.86074027
659 9998.92403247
660 9998.96622728
661 9999.01897078
662 9999.01897078
663 9999.05061689
664 9999.05061689
665 9999.07171429
666 9999.10336039
667 9999.10336039
668 9999.1455552
669 9999.1561039
670 9999.1772013
671 9999.19829871
672 9999.21939611
673 9999.22994481
674 9999.25104221
675 9999.30378572
676 9999.31433442
677 9999.31433442
678 9999.32488312
679 9999.32488312
680 9999.35652922
681 9999.35652922
682 9999.36707793
683 9999.37762663
684 9999.38817533
685 9999.39872403
686 9999.41982143
687 9999.41982143
688 9999.43037013
689 9999.43037013
690 9999.45146754
691 9999.45146754
692 9999.46201624
693 9999.48311364
694 9999.49366234
695 9999.51475974
696 9999.51475974
697 9999.51475974
698 9999.52530844
699 9999.52530844
700 9999.52530844
701 9999.52530844
702 9999.53585715
703 9999.53585715
704 9999.53585715
705 9999.53585715
706 9999.53585715
707 9999.53585715
708 9999.53585715
709 9999.53585715
710 9999.54640585
711 9999.55695455
712 9999.55695455
713 9999.55695455
714 9999.55695455
715 9999.55695455
716 9999.56750325
717 9999.58860065
718 9999.58860065
719 9999.60969805
720 9999.60969805
721 9999.60969805
722 9999.60969805
723 9999.60969805
724 9999.62024676
725 9999.64134416
726 9999.65189286
727 9999.65189286
728 9999.66244156
729 9999.67299026
730 9999.67299026
731 9999.67299026
732 9999.68353896
733 9999.70463637
734 9999.70463637
735 9999.70463637
736 9999.70463637
737 9999.72573377
738 9999.72573377
739 9999.72573377
740 9999.72573377
741 9999.73628247
742 9999.73628247
743 9999.74683117
744 9999.75737987
745 9999.75737987
746 9999.75737987
747 9999.75737987
748 9999.75737987
749 9999.75737987
750 9999.77847727
751 9999.77847727
752 9999.77847727
753 9999.77847727
754 9999.77847727
755 9999.78902598
756 9999.81012338
757 9999.81012338
758 9999.81012338
759 9999.83122078
760 9999.83122078
761 9999.83122078
762 9999.83122078
763 9999.83122078
764 9999.84176948
765 9999.85231818
766 9999.85231818
767 9999.85231818
768 9999.85231818
769 9999.85231818
770 9999.86286688
771 9999.86286688
772 9999.87341559
773 9999.88396429
774 9999.88396429
775 9999.88396429
776 9999.90506169
777 9999.91561039
778 9999.91561039
779 9999.91561039
780 9999.91561039
781 9999.91561039
782 9999.91561039
783 9999.91561039
784 9999.91561039
785 9999.91561039
786 9999.91561039
789 9999.92615909
790 9999.92615909
791 9999.92615909
792 9999.92615909
793 9999.92615909
794 9999.92615909
795 9999.92615909
796 9999.92615909
797 9999.92615909
798 9999.92615909
811 9999.93670779
812 9999.93670779
813 9999.93670779
814 9999.93670779
815 9999.93670779
816 9999.93670779
817 9999.93670779
818 9999.93670779
819 9999.94725649
820 9999.94725649
821 9999.94725649
822 9999.94725649
823 9999.94725649
824 9999.94725649
825 9999.94725649
826 9999.94725649
827 9999.94725649
828 9999.94725649
850 9999.9578052
851 9999.9578052
852 9999.9578052
853 9999.9578052
854 9999.9578052
855 9999.9578052
856 9999.9578052
857 9999.9578052
858 9999.9578052
859 9999.9578052
865 9999.9683539
866 9999.9683539
867 9999.9683539
868 9999.9683539
869 9999.9683539
870 9999.9683539
871 9999.9683539
872 9999.9683539
873 9999.9683539
874 9999.9683539
939 9999.9789026
940 9999.9789026
941 9999.9789026
942 9999.9789026
943 9999.9789026
944 9999.9789026
945 9999.9789026
946 9999.9789026
947 9999.9789026
948 9999.9789026
1189 9999.9894513
1190 9999.9894513
1191 9999.9894513
1192 9999.9894513
1193 9999.9894513
1194 9999.9894513
1195 9999.9894513
1196 9999.9894513
1197 9999.9894513
1198 9999.9894513
1257 10000.0
1258 10000.0
1259 10000.0
1260 10000.0
1261 10000.0
1262 10000.0
1263 10000.0
1264 10000.0
1265 10000.0
1266 10000.0
1501 10000.0
