0 0.0
1 0.0
2 0.0
3 0.0
4 0.0
5 0.0
6 0.0
7 0.0
8 0.0
12 0.153101062011
13 8.87986159664
14 29.2423028441
15 56.188089758
16 103.904587418
17 203.267176663
18 303.75250703
19 418.527269851
20 522.329789894
21 607.249845623
22 692.986440349
23 766.883219613
24 834.349754273
25 891.609551465
26 944.327350484
27 1001.94438349
28 1074.51428688
29 1156.62748981
30 1268.18713032
31 1403.42640177
32 1552.75097092
33 1688.50057923
34 1801.59123037
35 1893.14566545
36 1977.1981485
37 2056.04519543
38 2125.0937744
39 2186.13006446
40 2239.40923404
41 2278.96034172
42 2322.74724546
43 2356.53154647
44 2383.22216495
45 2410.21898555
46 2433.33724592
47 2456.45550628
48 2481.56408045
49 2505.49887981
50 2531.42399298
51 2554.13398384
52 2573.93505453
53 2594.70576528
54 2615.06820652
55 2636.75752364
56 2660.2840535
57 2692.28217546
58 2726.72991442
59 2772.3540309
60 2818.13124844
61 2863.90846598
62 2926.6799014
63 2999.40290586
64 3098.3572256
65 3206.8038112
66 3341.7879142
67 3443.95735625
68 3542.40133912
69 3610.58234541
70 3678.40611588
71 3733.31836345
72 3788.7409479
73 3863.45426616
74 3935.10556318
75 4037.7853421
76 4144.54781601
77 4293.97445254
78 4427.32547755
79 4594.15460145
80 4737.30409443
81 4896.47816524
82 5053.96812436
83 5205.334041
84 5388.39187748
85 5559.25266268
86 5782.01470791
87 6006.15466269
88 6312.56092146
89 6613.35347463
90 6956.55502197
91 7221.82812875
92 7452.19419339
93 7668.98529719
94 7813.00236286
95 7961.20419089
96 8074.65207784
97 8195.85708526
98 8295.73001138
99 8411.37234689
100 8511.44940775
101 8623.97868833
102 8717.26826878
103 8810.55784924
104 8916.55481784
105 9004.43482743
106 9102.98087768
107 9179.93967818
108 9260.62393786
109 9324.26294597
110 9388.10608883
111 9435.97568755
112 9484.04942102
113 9525.59084252
114 9561.82476052
115 9597.90557747
116 9625.36170126
117 9655.77777891
118 9679.76361196
119 9704.56598401
120 9724.16291994
121 9744.62742857
122 9762.59128651
123 9777.03382002
124 9793.56873472
125 9805.05131437
126 9818.72834258
127 9829.1392148
128 9840.21352495
129 9848.68511705
130 9856.23810277
131 9862.26007788
132 9869.14962567
133 9874.20196071
134 9879.71359895
135 9886.7562478
136 9891.1961786
137 9895.73817677
138 9899.51466963
139 9904.15873518
140 9908.24143017
141 9911.3544851
142 9914.05927052
143 9916.30475277
144 9919.41780769
145 9921.56122256
146 9924.11290693
147 9925.8480523
148 9927.83836611
149 9930.13488204
150 9932.58449903
151 9934.57481283
152 9936.15685714
153 9937.43269932
154 9938.81060888
155 9939.72921525
156 9941.26022588
157 9942.74020281
158 9944.11811237
159 9945.29188717
160 9946.21049355
161 9947.02703254
162 9947.79253785
163 9948.71114423
164 9949.42561585
165 9950.0380201
166 9950.75249172
167 9951.31386228
168 9951.87523284
169 9952.58970446
170 9953.10004134
171 9953.61037821
172 9954.4779509
173 9954.73311933
174 9955.09035514
175 9955.29448989
176 9955.70275939
177 9956.41723101
178 9956.77446683
179 9957.38687107
180 9957.74410688
181 9958.1013427
182 9958.5096122
183 9958.71374694
184 9958.96891538
185 9959.22408382
186 9959.47925225
187 9959.53028594
188 9959.98958913
189 9960.39785863
190 9960.85716181
191 9961.16336394
192 9961.36749869
193 9961.52059975
194 9961.77576818
195 9961.92886925
196 9962.133004
197 9962.69437456
198 9962.84747562
199 9963.15367774
200 9963.66401462
201 9964.02125043
202 9964.22538518
203 9964.5315873
204 9964.73572205
205 9964.99089049
206 9965.24605892
207 9965.60329473
208 9965.7563958
209 9966.11363161
210 9966.62396848
211 9966.87913692
212 9967.3384401
213 9967.69567592
214 9968.00187804
215 9968.30808016
216 9968.71634966
217 9969.02255179
218 9969.27772022
219 9969.63495603
220 9969.83909078
221 9970.34942766
222 9970.65562978
223 9971.16596665
224 9971.42113509
225 9972.08457303
226 9972.28870778
227 9972.85007834
228 9973.56454996
229 9973.61558365
230 9974.27902158
231 9974.78935846
232 9975.29969533
233 9975.8100322
234 9976.57553751
235 9976.93277332
236 9977.54517757
237 9978.10654813
238 9978.92308713
239 9979.48445769
240 9980.04582825
241 9980.55616512
242 9981.066502
243 9981.67890625
244 9982.03614206
245 9982.54647893
246 9983.0568158
247 9983.41405162
248 9983.77128743
249 9984.33265799
250 9984.84299486
251 9985.40436542
252 9985.65953386
253 9986.11883704
254 9986.68020761
255 9987.03744342
256 9987.44571292
257 9987.59881398
258 9987.95604979
259 9988.36431929
260 9988.56845404
261 9989.02775722
262 9989.33395935
263 9989.69119516
264 9989.99739728
265 9990.35463309
266 9990.45670047
267 9990.91600365
268 9991.06910472
269 9991.22220578
270 9991.37530684
271 9991.88564371
272 9992.29391321
273 9992.44701427
274 9992.85528377
275 9993.05941852
276 9993.46768802
277 9993.67182277
278 9993.92699121
279 9994.02905858
280 9994.13112596
281 9994.33526071
282 9994.64146283
283 9994.7435302
284 9994.89663127
285 9995.10076602
286 9995.25386708
287 9995.35593445
288 9995.50903551
289 9995.66213658
290 9995.66213658
291 9995.76420395
292 9995.86627133
293 9995.86627133
294 9995.86627133
295 9996.01937239
296 9996.07040608
297 9996.27454082
298 9996.27454082
299 9996.3766082
300 9996.47867557
301 9996.58074295
302 9996.68281032
303 9996.7848777
304 9996.98901245
305 9996.98901245
306 9997.09107982
307 9997.1931472
308 9997.44831563
309 9997.49934932
310 9997.55038301
311 9997.70348407
312 9997.80555144
313 9997.90761882
314 9998.00968619
315 9998.21382094
316 9998.26485463
317 9998.41795569
318 9998.46898938
319 9998.52002307
320 9998.57105675
321 9998.72415782
322 9998.87725888
323 9998.87725888
324 9998.92829257
325 9998.92829257
326 9998.97932625
327 9998.97932625
328 9999.08139363
329 9999.23449469
330 9999.23449469
331 9999.28552838
332 9999.28552838
333 9999.28552838
334 9999.33656206
335 9999.33656206
336 9999.33656206
337 9999.38759575
338 9999.38759575
339 9999.43862944
340 9999.43862944
341 9999.48966313
342 9999.48966313
343 9999.54069681
344 9999.54069681
345 9999.64276419
346 9999.64276419
347 9999.64276419
348 9999.64276419
349 9999.64276419
350 9999.64276419
351 9999.64276419
352 9999.69379788
353 9999.69379788
354 9999.69379788
355 9999.69379788
356 9999.69379788
357 9999.69379788
358 9999.74483156
359 9999.74483156
360 9999.74483156
361 9999.74483156
362 9999.79586525
363 9999.79586525
364 9999.79586525
365 9999.79586525
366 9999.79586525
367 9999.79586525
368 9999.79586525
369 9999.79586525
370 9999.79586525
371 9999.79586525
374 9999.84689894
375 9999.84689894
376 9999.84689894
377 9999.84689894
378 9999.84689894
379 9999.84689894
380 9999.84689894
381 9999.84689894
382 9999.84689894
383 9999.84689894
397 9999.89793263
398 9999.89793263
399 9999.89793263
400 9999.89793263
401 9999.89793263
402 9999.89793263
403 9999.89793263
404 9999.89793263
405 9999.94896631
406 9999.94896631
407 9999.94896631
408 9999.94896631
409 9999.94896631
410 9999.94896631
411 9999.94896631
412 9999.94896631
413 9999.94896631
414 9999.94896631
427 10000.0
428 10000.0
429 10000.0
430 10000.0
431 10000.0
432 10000.0
433 10000.0
434 10000.0
435 10000.0
436 10000.0
1501 10000.0
