0 0.0
1 0.0251834615172
2 2.44279576716
3 8.63792730038
4 15.3115446024
5 25.2590119017
6 36.6923034305
7 49.13293342
8 61.0950776406
9 73.8379091683
10 86.8325753111
11 102.698156067
12 120.049561052
13 139.743027959
14 158.68099102
15 177.795238311
16 200.1833356
17 222.09294712
18 249.49255325
19 282.432520915
20 319.628493576
21 362.868497001
22 413.411704266
23 464.483764222
24 522.405725712
25 578.287826818
26 641.019829458
27 704.456969019
28 771.621260886
29 841.203165057
30 912.573094997
31 988.601965317
32 1062.0369391
33 1143.80763865
34 1237.23828088
35 1333.33837003
36 1414.90760188
37 1495.26802758
38 1570.06290829
39 1646.2932463
40 1717.48689201
41 1813.48624731
42 1932.27663529
43 2050.53817057
44 2170.76401586
45 2250.99852425
46 2325.8941388
47 2399.73204797
48 2482.76192059
49 2569.61967936
50 2662.94958775
51 2754.7936719
52 2849.63458797
53 2948.98334366
54 3039.51788781
55 3143.37448311
56 3239.65085649
57 3347.3605214
58 3445.67675516
59 3560.96664199
60 3663.26186267
61 3765.0030472
62 3886.53843248
63 3995.96057277
64 4126.68792151
65 4241.90225795
66 4381.01569937
67 4501.0148935
68 4642.06746146
69 4768.11068635
70 4914.80434969
71 5046.71532111
72 5176.10794639
73 5328.19087049
74 5457.07982654
75 5608.65908141
76 5739.9404663
77 5890.15981425
78 6013.4832253
79 6154.53579325
80 6273.65356623
81 6396.6999592
82 6524.48084294
83 6633.57559823
84 6758.5863012
85 6862.16587842
86 6980.72961525
87 7078.56736324
88 7185.47115738
89 7273.61327269
90 7373.36496376
91 7456.72222138
92 7531.7689367
93 7615.25211163
94 7681.7616335
95 7755.72545998
96 7814.35255839
97 7880.66061256
98 7931.45565444
99 7989.22651516
100 8034.75821359
101 8082.58160701
102 8123.95803428
103 8161.48139194
104 8203.00891998
105 8234.51343034
106 8270.92871569
107 8300.44373259
108 8332.07416026
109 8357.10652101
110 8381.86186368
111 8402.15973366
112 8422.98645633
113 8443.56134439
114 8460.45944707
115 8479.32185975
116 8493.95345089
117 8508.83687665
118 8520.69828702
119 8533.94478778
120 8543.89225508
121 8555.50183084
122 8565.02117929
123 8573.23098775
124 8581.03786082
125 8588.01367966
126 8595.21614965
127 8601.78903311
128 8608.6641181
129 8614.30521348
130 8619.97149232
131 8624.70598309
132 8630.29671154
133 8634.60308346
134 8638.55688692
135 8643.34174461
136 8647.32073153
137 8651.17380114
138 8654.67430229
139 8662.35525805
140 8673.99001728
141 8696.47884841
142 8714.45983993
143 8731.33275915
144 8744.83109452
145 8758.17832913
146 8775.6052845
147 8792.42783679
148 8810.05625985
149 8821.89248677
150 8831.61330291
151 8836.92701329
152 8841.68668752
153 8845.11163828
154 8847.73071828
155 8850.12314713
156 8852.13782405
157 8853.62364828
158 8855.15983943
159 8856.79676443
160 8857.70336904
161 8858.96254212
162 8860.07061443
163 8861.20387019
164 8862.76524481
165 8863.77258327
166 8864.80510519
167 8865.78726019
168 8867.42418519
169 8873.14083095
170 8890.16485094
171 8921.82046207
172 8973.34582433
173 9028.06948621
174 9084.12787154
175 9134.8725465
176 9177.9362657
177 9228.75649104
178 9274.21263908
179 9336.99500864
180 9395.79839128
181 9465.63213007
182 9522.37046887
183 9577.14449767
184 9611.62065648
185 9639.59948223
186 9664.88367759
187 9679.36416796
188 9691.45222949
189 9698.78061679
190 9704.77428063
191 9708.92955178
192 9712.65670409
193 9715.57798563
194 9718.92738601
195 9720.96724639
196 9722.65453831
197 9724.89586639
198 9727.01127715
199 9729.52962331
200 9731.89686869
201 9735.69957138
202 9740.25777791
203 9749.97859406
204 9762.89770982
205 9779.19140942
206 9795.53547594
207 9807.4724367
208 9817.84802285
209 9825.0756763
210 9833.33585168
211 9843.18258513
212 9855.64839858
213 9866.67875473
214 9881.28516241
215 9893.57469163
216 9903.37105816
217 9913.16742469
218 9919.79067507
219 9925.60805468
220 9929.2596566
221 9932.5335066
222 9934.24598198
223 9936.63841082
224 9938.17460198
225 9939.40859159
226 9940.44111351
227 9941.52400236
228 9942.9342762
229 9943.94161466
230 9945.30152158
231 9946.15775928
232 9947.56803312
233 9948.37390389
234 9949.35605889
235 9950.06119581
236 9950.84188312
237 9951.69812081
238 9952.62990889
239 9953.61206389
240 9954.36756773
241 9955.19862196
242 9955.95412581
243 9956.78518004
244 9957.26366581
245 9957.96880273
246 9958.69912311
247 9959.17760888
248 9959.93311273
249 9960.58788273
250 9961.11673542
251 9961.72113849
252 9962.45145888
253 9962.8292108
254 9963.23214618
255 9963.55953118
256 9964.03801695
257 9964.49131926
258 9964.96980503
259 9965.52384118
260 9965.90159311
261 9966.53117964
262 9966.8837481
263 9967.51333464
264 9967.71480233
265 9968.14292118
266 9968.41993926
267 9968.92360849
268 9969.40209426
269 9969.88058003
270 9970.33388233
271 9970.91310195
272 9971.36640425
273 9971.81970656
274 9972.22264195
275 9972.67594425
276 9973.00332925
277 9973.35589771
278 9973.63291579
279 9973.96030079
280 9974.46397002
281 9975.01800617
282 9975.24465733
283 9975.67277617
284 9976.00016117
285 9976.52901387
286 9977.00749963
287 9977.51116887
288 9977.98965463
289 9978.49332386
290 9978.97180963
291 9979.34956156
292 9979.92878117
293 9980.25616617
294 9980.91093617
295 9981.61607309
296 9982.22047617
297 9982.74932886
298 9983.42928232
299 9983.93295155
300 9984.33588694
301 9984.78918924
302 9985.09139078
303 9985.64542694
304 9985.97281193
305 9986.47648117
306 9986.87941655
307 9987.50900309
308 9988.06303924
309 9988.56670847
310 9989.0703777
311 9989.54886347
312 9990.00216578
313 9990.35473424
314 9990.73248616
315 9990.95913732
316 9991.3620727
317 9991.84055847
318 9992.11757655
319 9992.29386078
320 9992.54569539
321 9992.84789693
322 9993.15009847
323 9993.40193308
324 9993.57821731
325 9993.77968501
326 9994.00633616
327 9994.15743693
328 9994.40927154
329 9994.58555577
330 9994.88775731
331 9995.01367462
332 9995.24032577
333 9995.36624308
334 9995.49216039
335 9995.6180777
336 9995.76917847
337 9995.84472885
338 9995.9454627
339 9996.02101308
340 9996.14693039
341 9996.29803116
342 9996.34839808
343 9996.37358154
344 9996.49949885
345 9996.6002327
346 9996.72615
347 9996.85206731
348 9996.92761769
349 9997.02835154
350 9997.15426885
351 9997.28018616
352 9997.45647039
353 9997.50683731
354 9997.65793808
355 9997.75867192
356 9997.83422231
357 9997.88458923
358 9997.96013962
359 9998.01050654
360 9998.03569
361 9998.13642385
362 9998.18679077
363 9998.26234116
364 9998.31270808
365 9998.33789154
366 9998.38825846
367 9998.46380885
368 9998.53935923
369 9998.56454269
370 9998.58972616
371 9998.58972616
372 9998.61490962
373 9998.66527654
374 9998.76601039
375 9998.79119385
376 9998.81637731
377 9998.84156077
378 9998.84156077
379 9998.84156077
380 9998.86674423
381 9998.86674423
382 9998.89192769
383 9998.89192769
384 9998.91711115
385 9998.91711115
386 9998.91711115
387 9998.99266154
388 9998.99266154
389 9998.99266154
390 9999.017845
391 9999.017845
392 9999.04302846
393 9999.04302846
394 9999.04302846
395 9999.06821192
396 9999.09339539
397 9999.09339539
398 9999.14376231
399 9999.14376231
400 9999.14376231
401 9999.14376231
402 9999.16894577
403 9999.16894577
404 9999.16894577
405 9999.16894577
406 9999.16894577
407 9999.16894577
408 9999.19412923
409 9999.19412923
410 9999.19412923
411 9999.19412923
412 9999.21931269
413 9999.26967962
414 9999.26967962
415 9999.26967962
416 9999.26967962
417 9999.26967962
418 9999.29486308
419 9999.29486308
420 9999.29486308
421 9999.29486308
422 9999.29486308
423 9999.29486308
424 9999.29486308
425 9999.29486308
426 9999.29486308
427 9999.29486308
429 9999.32004654
430 9999.32004654
431 9999.32004654
432 9999.32004654
433 9999.32004654
434 9999.32004654
435 9999.32004654
436 9999.32004654
437 9999.32004654
438 9999.32004654
442 9999.34523
443 9999.37041346
444 9999.37041346
445 9999.37041346
446 9999.37041346
447 9999.37041346
448 9999.37041346
449 9999.37041346
450 9999.37041346
451 9999.37041346
452 9999.37041346
460 9999.39559692
461 9999.42078039
462 9999.42078039
463 9999.42078039
464 9999.42078039
465 9999.42078039
466 9999.42078039
467 9999.42078039
468 9999.42078039
469 9999.42078039
470 9999.42078039
473 9999.44596385
474 9999.44596385
475 9999.44596385
476 9999.44596385
477 9999.44596385
478 9999.47114731
479 9999.47114731
480 9999.47114731
481 9999.47114731
482 9999.47114731
483 9999.47114731
484 9999.47114731
485 9999.47114731
486 9999.47114731
487 9999.47114731
515 9999.49633077
516 9999.49633077
517 9999.49633077
518 9999.49633077
519 9999.49633077
520 9999.52151423
521 9999.52151423
522 9999.52151423
523 9999.54669769
524 9999.54669769
525 9999.54669769
526 9999.54669769
527 9999.54669769
528 9999.54669769
529 9999.54669769
530 9999.57188115
531 9999.57188115
532 9999.57188115
533 9999.59706462
534 9999.59706462
535 9999.59706462
536 9999.59706462
537 9999.59706462
538 9999.59706462
539 9999.59706462
540 9999.59706462
541 9999.59706462
542 9999.59706462
557 9999.62224808
558 9999.62224808
559 9999.62224808
560 9999.62224808
561 9999.62224808
562 9999.62224808
563 9999.62224808
564 9999.64743154
565 9999.64743154
566 9999.64743154
567 9999.64743154
568 9999.64743154
569 9999.64743154
570 9999.64743154
571 9999.64743154
572 9999.64743154
573 9999.64743154
575 9999.672615
576 9999.69779846
577 9999.69779846
578 9999.69779846
579 9999.69779846
580 9999.69779846
581 9999.69779846
582 9999.69779846
583 9999.72298192
584 9999.72298192
585 9999.74816538
586 9999.74816538
587 9999.74816538
588 9999.74816538
589 9999.74816538
590 9999.74816538
591 9999.74816538
592 9999.74816538
593 9999.74816538
594 9999.74816538
604 9999.77334885
605 9999.77334885
606 9999.77334885
607 9999.77334885
608 9999.77334885
609 9999.77334885
610 9999.77334885
611 9999.77334885
612 9999.77334885
613 9999.77334885
635 9999.79853231
636 9999.79853231
637 9999.79853231
638 9999.79853231
639 9999.79853231
640 9999.79853231
641 9999.79853231
642 9999.79853231
643 9999.79853231
644 9999.79853231
660 9999.82371577
661 9999.82371577
662 9999.82371577
663 9999.82371577
664 9999.82371577
665 9999.82371577
666 9999.84889923
667 9999.84889923
668 9999.84889923
669 9999.84889923
670 9999.84889923
671 9999.84889923
672 9999.84889923
673 9999.84889923
674 9999.84889923
675 9999.84889923
676 9999.87408269
677 9999.87408269
678 9999.87408269
679 9999.87408269
680 9999.87408269
681 9999.89926615
682 9999.89926615
683 9999.89926615
684 9999.89926615
685 9999.89926615
686 9999.89926615
687 9999.89926615
688 9999.89926615
689 9999.89926615
690 9999.89926615
728 9999.92444962
729 9999.92444962
730 9999.92444962
731 9999.92444962
732 9999.92444962
733 9999.92444962
734 9999.92444962
735 9999.92444962
736 9999.92444962
737 9999.92444962
796 9999.94963308
797 9999.94963308
798 9999.94963308
799 9999.94963308
800 9999.94963308
801 9999.94963308
802 9999.94963308
803 9999.94963308
804 9999.94963308
805 9999.94963308
976 9999.97481654
977 9999.97481654
978 9999.97481654
979 9999.97481654
980 9999.97481654
981 9999.97481654
982 9999.97481654
983 9999.97481654
984 9999.97481654
985 9999.97481654
1501 10000.0
