0 41.4035313829
1 91.5066374533
2 166.741848176
3 256.798556515
4 346.533058384
5 429.984534089
6 515.852558319
7 593.987627272
8 670.189457404
9 742.202603428
10 822.2709112
11 907.81672896
12 1005.76749581
13 1117.41203763
14 1238.23946385
15 1370.66632298
16 1506.95965975
17 1660.97435236
18 1828.36061348
19 2006.05748163
20 2181.4989045
21 2349.69068179
22 2560.73591958
23 2758.08738239
24 2980.57094986
25 3178.40572239
26 3399.11715427
27 3615.47879881
28 3867.12205181
29 4088.3167934
30 4287.27928857
31 4524.74545689
32 4751.73991494
33 5010.79391674
34 5228.92769687
35 5460.27194226
36 5664.06753448
37 5917.48292306
38 6122.56734115
39 6356.4892383
40 6536.11934528
41 6713.33290372
42 6928.88903209
43 7104.16935172
44 7300.55419513
45 7454.56888774
46 7618.8941874
47 7767.91467973
48 7920.64054646
49 8045.49555355
50 8163.58422477
51 8279.57855394
52 8387.03441165
53 8503.02874082
54 8589.05786828
55 8678.30906045
56 8757.08854234
57 8843.76208274
58 8913.84198995
59 8990.36602655
60 9048.52429437
61 9106.68256219
62 9164.19641706
63 9208.17760021
64 9263.4360098
65 9305.96726382
66 9350.5928599
67 9388.12991365
68 9420.35056064
69 9455.30996262
70 9488.81943549
71 9517.65691455
72 9542.3057095
73 9566.79340121
74 9587.41461529
75 9609.96906818
76 9630.75138549
77 9649.11715427
78 9663.61644542
79 9679.72676891
80 9690.35958242
81 9706.95321562
82 9718.3915453
83 9724.99677794
84 9735.14628174
85 9745.45688877
86 9756.08970228
87 9763.82265756
88 9772.84443872
89 9780.41629076
90 9787.9881428
91 9794.11006573
92 9799.58757572
93 9804.74287924
94 9811.0259054
95 9816.02010568
96 9819.72548009
97 9822.94754479
98 9826.81402243
99 9830.19719036
100 9832.93594535
101 9835.83580358
102 9840.34669416
103 9843.40765563
104 9847.75744297
105 9850.33509473
106 9853.07384972
107 9855.00708854
108 9857.1014306
109 9859.35687589
110 9861.29011471
111 9864.0288697
112 9866.60652146
113 9867.41203763
114 9869.18417322
115 9871.11741204
116 9872.56734115
117 9874.01727027
118 9875.30609615
119 9878.20595438
120 9879.33367702
121 9880.78360613
122 9881.75022554
123 9882.87794819
124 9884.16677407
125 9885.13339348
126 9887.0666323
127 9888.35545818
128 9888.99987112
129 9891.25531641
130 9892.86634876
131 9893.83296817
132 9895.12179405
133 9895.76620699
134 9896.57172316
135 9897.6994458
136 9899.31047815
137 9901.08261374
138 9902.69364609
139 9903.6602655
140 9904.94909138
141 9906.07681402
142 9906.56012373
143 9907.52674314
144 9908.49336255
145 9909.45998196
146 9910.90991107
147 9911.87653048
148 9912.68204666
149 9913.16535636
150 9914.61528547
151 9916.22631782
152 9917.5151437
153 9918.64286635
154 9919.77058899
155 9921.38162134
156 9922.18713752
157 9923.63706663
158 9924.28147957
159 9925.08699575
160 9925.40920222
161 9927.02023457
162 9927.50354427
163 9928.63126692
164 9929.59788633
165 9930.4034025
166 9932.17553808
167 9932.81995102
168 9934.59208661
169 9936.36422219
170 9937.3308416
171 9938.45856425
172 9939.58628689
173 9940.87511277
174 9941.35842248
175 9942.96945483
176 9944.58048718
177 9945.38600335
178 9946.35262276
179 9947.31924217
180 9948.28586158
181 9949.41358422
182 9950.2191004
183 9951.18571981
184 9952.79675216
185 9952.95785539
186 9955.21330068
187 9956.01881686
188 9956.98543627
189 9958.11315891
190 9959.24088156
191 9960.3686042
192 9961.01301714
193 9961.81853332
194 9962.62404949
195 9963.91287537
196 9964.07397861
197 9965.04059802
198 9966.16832066
199 9966.65163036
200 9967.13494007
201 9968.42376595
202 9969.22928212
203 9970.0347983
204 9970.35700477
205 9971.00141771
206 9971.64583065
207 9971.96803712
208 9972.61245006
209 9973.41796623
210 9974.06237917
211 9974.70679211
212 9975.67341152
213 9976.15672123
214 9976.64003093
215 9977.44554711
216 9978.08996005
217 9978.57326975
218 9979.21768269
219 9980.1843021
220 9980.82871504
221 9981.47312798
222 9982.27864416
223 9983.08416033
224 9983.8896765
225 9984.21188297
226 9985.17850238
227 9985.50070885
228 9985.98401856
229 9986.6284315
230 9986.95063797
231 9986.95063797
232 9986.95063797
233 9987.59505091
234 9988.40056708
235 9988.72277355
236 9988.88387679
237 9989.04498002
238 9989.04498002
239 9989.36718649
240 9989.36718649
241 9989.52828973
242 9989.68939296
243 9990.01159943
244 9990.3338059
245 9990.49490914
246 9990.65601237
247 9991.13932208
248 9991.78373502
249 9991.94483825
250 9992.42814796
251 9992.75035443
252 9992.91145766
253 9992.91145766
254 9993.23366413
255 9993.71697384
256 9993.87807707
257 9994.20028354
258 9994.52249001
259 9994.68359325
260 9995.00579972
261 9995.16690295
262 9995.48910942
263 9995.65021266
264 9995.81131589
265 9995.97241913
266 9996.13352236
267 9996.45572883
268 9996.45572883
269 9996.45572883
270 9996.93903854
271 9997.42234824
272 9997.42234824
273 9997.58345148
274 9997.90565795
275 9997.90565795
276 9998.06676118
277 9998.06676118
278 9998.06676118
279 9998.06676118
280 9998.06676118
281 9998.06676118
282 9998.06676118
283 9998.06676118
284 9998.06676118
285 9998.06676118
290 9998.22786442
291 9998.22786442
292 9998.38896765
293 9998.38896765
294 9998.38896765
295 9998.55007089
296 9998.55007089
297 9998.71117412
298 9998.71117412
299 9998.71117412
300 9998.71117412
301 9998.71117412
302 9998.71117412
303 9998.71117412
304 9998.71117412
305 9998.71117412
306 9998.71117412
309 9998.87227736
310 9998.87227736
311 9998.87227736
312 9998.87227736
313 9998.87227736
314 9998.87227736
315 9998.87227736
316 9998.87227736
317 9998.87227736
318 9998.87227736
340 9999.03338059
341 9999.03338059
342 9999.19448383
343 9999.19448383
344 9999.19448383
345 9999.19448383
346 9999.35558706
347 9999.35558706
348 9999.35558706
349 9999.35558706
350 9999.35558706
351 9999.35558706
352 9999.35558706
353 9999.35558706
354 9999.35558706
355 9999.5166903
356 9999.5166903
357 9999.5166903
358 9999.5166903
359 9999.5166903
360 9999.5166903
361 9999.5166903
362 9999.5166903
363 9999.5166903
364 9999.5166903
542 9999.67779353
543 9999.67779353
544 9999.67779353
545 9999.67779353
546 9999.67779353
547 9999.67779353
548 9999.67779353
549 9999.67779353
550 9999.67779353
551 9999.67779353
592 9999.83889677
593 9999.83889677
594 9999.83889677
595 9999.83889677
596 9999.83889677
597 9999.83889677
598 9999.83889677
599 9999.83889677
600 9999.83889677
601 9999.83889677
652 10000.0
653 10000.0
654 10000.0
655 10000.0
656 10000.0
657 10000.0
658 10000.0
659 10000.0
660 10000.0
661 10000.0
1501 10000.0
