0 0.0
1 0.0
2 0.0
3 0.0
4 0.0
5 0.0
6 0.0
7 0.0
8 0.0
22 0.0251834615172
23 0.17628423062
24 0.402935384274
25 0.579219614895
26 1.23398961434
27 1.98949345986
28 2.56871307475
29 3.60123499695
30 4.5582065346
31 5.66627884136
32 7.58022191666
33 10.7281546063
34 14.5560407569
35 19.3660819067
36 24.5538749792
37 32.3859315111
38 41.5023445803
39 53.5400391855
40 66.811723405
41 81.418131085
42 97.7118306866
43 115.390620672
44 133.824914502
45 153.442831024
46 174.11845293
47 199.402648293
48 227.4066575
49 259.742222088
50 295.427187058
51 331.238069335
52 371.179039301
53 413.713905804
54 459.749273457
55 505.230604957
56 551.895559148
57 600.449272953
58 653.158257909
59 705.363573634
60 761.824894355
61 817.83291277
62 875.578590028
63 934.684174209
64 990.717376085
65 1047.93420065
66 1098.07447253
67 1148.97024826
68 1205.65822013
69 1267.18141662
70 1335.52933118
71 1400.32637766
72 1458.17278877
73 1511.43580987
74 1554.97801484
75 1594.71751711
76 1633.60078169
77 1668.65616013
78 1705.87731625
79 1742.26741814
80 1773.94821273
81 1801.34781886
82 1825.12100653
83 1847.03061805
84 1867.70623996
85 1887.72709186
86 1906.56432108
87 1923.53797414
88 1942.35001989
89 1958.94592103
90 1973.85453025
91 1987.70543409
92 1999.61721138
93 2011.27715407
94 2022.20677637
95 2032.83419713
96 2043.15941635
97 2052.90541596
98 2062.90325018
99 2072.17076402
100 2080.80869132
101 2089.89992092
102 2098.46229784
103 2106.69728976
104 2115.00783206
105 2123.87241051
106 2133.11474089
107 2141.95413588
108 2152.45563933
109 2162.47865702
110 2174.34006739
111 2185.69780854
112 2199.19614391
113 2212.64411236
114 2227.82973965
115 2246.36476733
116 2264.89979501
117 2288.82408345
118 2310.12929189
119 2337.20151302
120 2362.38497454
121 2394.44352105
122 2426.72871872
123 2464.98239676
124 2510.16152672
125 2554.30813476
126 2611.04647356
127 2665.44275044
128 2729.98796231
129 2790.9823061
130 2866.07938834
131 2934.67913752
132 3019.29556821
133 3096.40732738
134 3176.96922077
135 3274.15219877
136 3362.44541485
137 3468.4929713
138 3562.07471429
139 3678.59859073
140 3778.97986834
141 3900.76708824
142 4008.95523892
143 4124.77397843
144 4247.84555487
145 4361.32223246
146 4492.57843389
147 4610.21038264
148 4745.47075445
149 4861.13839319
150 4998.99266154
151 5117.95933375
152 5255.25956594
153 5372.79078084
154 5490.19607843
155 5620.09237294
156 5732.18396015
157 5865.00153619
158 5977.49605879
159 6102.53194522
160 6206.1367059
161 6325.88406542
162 6424.50250072
163 6540.85009293
164 6633.70151554
165 6725.47004931
166 6829.30146114
167 6915.17706492
168 7011.62972253
169 7089.194784
170 7177.38726623
171 7250.31857079
172 7331.68633495
173 7399.60613066
174 7469.9939056
175 7535.77310709
176 7594.42538896
177 7661.26229583
178 7714.97861924
179 7772.87539727
180 7820.42177261
181 7874.21364641
182 7915.69080753
183 7964.21933788
184 8002.22118131
185 8037.17582589
186 8076.61312663
187 8108.84795737
188 8142.11531003
189 8171.25257501
190 8201.92603114
191 8225.67403535
192 8253.14919186
193 8274.37884992
194 8298.02612029
195 8316.25894642
196 8334.21475449
197 8354.3615237
198 8369.6730683
199 8387.75479367
200 8401.65606443
201 8417.19426019
202 8429.15640441
203 8442.22662093
204 8454.01248092
205 8466.88122976
206 8479.57369436
207 8491.1329032
208 8505.6637605
209 8518.75916048
210 8532.78634855
211 8545.906932
212 8561.16810968
213 8574.16277582
214 8589.62542119
215 8603.7533431
216 8617.9568154
217 8632.8150577
218 8644.90311922
219 8658.75402306
220 8669.38144382
221 8681.06656996
222 8689.95633188
223 8698.3172411
224 8704.83975763
225 8712.62144724
226 8718.06107493
227 8723.87845454
228 8729.67065069
229 8734.80807684
230 8740.80174068
231 8745.08292914
232 8751.07659298
233 8755.33259798
234 8760.72185874
235 8765.25488181
236 8771.70184796
237 8778.52656603
238 8786.71119103
239 8798.16966602
240 8811.4665337
241 8829.67417637
242 8850.42534867
243 8877.37165249
244 8904.97272631
245 8939.67553628
246 8973.64802587
247 9007.46941469
248 9049.09767657
249 9084.85819193
250 9128.75296535
251 9167.73696378
252 9212.89091028
253 9248.97881064
254 9291.66477791
255 9325.7631848
256 9361.42296631
257 9388.64628821
258 9412.7972278
259 9437.95550586
260 9458.17782546
261 9477.11578852
262 9491.34444428
263 9506.15231965
264 9518.71886695
265 9532.39348655
266 9543.62531039
267 9555.43635384
268 9566.21487537
269 9575.28092151
270 9586.0846265
271 9595.47805765
272 9607.13800033
273 9616.15367956
274 9627.30995301
275 9638.84397838
276 9651.86382799
277 9663.7000549
278 9675.38518104
279 9687.57397642
280 9698.17621372
281 9710.39019255
282 9721.11834716
283 9732.82865676
284 9743.35534368
285 9754.81381867
286 9764.25761674
287 9775.36352327
288 9784.05181749
289 9792.26162595
290 9800.89955325
291 9808.05165632
292 9815.07784208
293 9821.22260669
294 9826.33484938
295 9830.81750553
296 9835.27497822
297 9839.50579975
298 9843.63588744
299 9847.74079167
300 9851.26647628
301 9854.74179397
302 9857.76380935
303 9860.88655858
304 9863.50563858
305 9866.22545242
306 9869.37338511
307 9872.42058395
308 9874.51081126
309 9876.14773626
310 9878.8675501
311 9880.52965856
312 9883.02282125
313 9884.91158087
314 9886.77515702
315 9888.31134817
316 9889.84753932
317 9891.4340974
318 9893.22212317
319 9894.45611278
320 9895.63973547
321 9897.30184393
322 9898.61138393
323 9900.04684124
324 9901.15491355
325 9902.6911047
326 9903.62289277
327 9904.68059816
328 9905.86422085
329 9907.09821046
330 9908.10554892
331 9908.91141969
332 9909.89357469
333 9910.72462892
334 9911.88306815
335 9912.94077354
336 9913.82219469
337 9914.95545046
338 9915.86205507
339 9916.59237546
340 9917.24714545
341 9918.50631853
342 9919.26182238
343 9920.14324353
344 9921.02466468
345 9921.90608584
346 9922.9134243
347 9923.82002891
348 9924.49998237
349 9925.12956891
350 9925.88507276
351 9926.59020968
352 9927.24497968
353 9928.05085045
354 9928.88190468
355 9929.63740852
356 9930.51882967
357 9931.47580121
358 9932.25648852
359 9933.11272621
360 9933.9689639
361 9934.57336698
362 9935.25332044
363 9936.15992505
364 9936.86506198
365 9937.69611621
366 9938.37606967
367 9939.10639005
368 9939.93744428
369 9940.74331505
370 9941.54918582
371 9942.2795062
372 9943.18611082
373 9943.79051389
374 9944.59638466
375 9945.04968697
376 9945.90592466
377 9946.68661197
378 9947.41693235
379 9948.04651889
380 9948.8272062
381 9949.6078935
382 9950.2626635
383 9950.76633273
384 9951.47146966
385 9951.97513889
386 9952.60472542
387 9953.41059619
388 9954.26683388
389 9955.04752119
390 9956.08004311
391 9956.73481311
392 9957.66660119
393 9958.32137119
394 9958.85022388
395 9959.37907657
396 9960.03384657
397 9960.81453388
398 9961.57003772
399 9962.02334003
400 9962.85439426
401 9963.33288003
402 9964.06320042
403 9964.66760349
404 9965.1209058
405 9965.59939157
406 9966.30452849
407 9966.95929849
408 9967.56370157
409 9968.11773772
410 9968.67177387
411 9969.3769108
412 9969.90576349
413 9970.4849831
414 9971.06420272
415 9971.41677118
416 9971.89525695
417 9972.27300887
418 9972.72631118
419 9972.90259541
420 9973.17961348
421 9973.70846618
422 9974.11140156
423 9974.38841964
424 9974.94245579
425 9975.42094156
426 9975.74832656
427 9976.25199579
428 9976.55419733
429 9976.93194925
430 9977.28451771
431 9977.66226963
432 9977.88892079
433 9978.1407554
434 9978.39259002
435 9978.56887425
436 9978.99699309
437 9979.19846079
438 9979.47547886
439 9979.7776804
440 9980.13024886
441 9980.38208348
442 9980.70946848
443 9981.01167002
444 9981.4146054
445 9981.7419904
446 9981.91827463
447 9982.14492578
448 9982.37157694
449 9982.69896194
450 9982.79969578
451 9983.0515304
452 9983.3789154
453 9983.58038309
454 9983.83221771
455 9984.0336854
456 9984.23515309
457 9984.41143732
458 9984.66327194
459 9984.83955617
460 9985.16694117
461 9985.3432254
462 9985.72097732
463 9985.89726155
464 9985.97281193
465 9986.04836232
466 9986.30019693
467 9986.47648117
468 9986.57721501
469 9986.92978347
470 9987.1060677
471 9987.20680155
472 9987.40826924
473 9987.53418655
474 9987.71047078
475 9987.81120463
476 9987.83638809
477 9987.91193847
478 9987.98748886
479 9988.03785578
480 9988.16377309
481 9988.34005732
482 9988.46597463
483 9988.56670847
484 9988.66744232
485 9988.84372655
486 9988.94446039
487 9989.04519424
488 9989.09556116
489 9989.17111155
490 9989.19629501
491 9989.32221232
492 9989.42294616
493 9989.49849655
494 9989.57404693
495 9989.62441385
496 9989.75033116
497 9989.85106501
498 9989.90143193
499 9990.02734924
500 9990.07771616
501 9990.20363347
502 9990.35473424
503 9990.35473424
504 9990.3799177
505 9990.45546809
506 9990.53101847
507 9990.60656885
508 9990.7073027
509 9990.73248616
510 9990.78285308
511 9990.83322001
512 9990.90877039
513 9991.00950424
514 9991.00950424
515 9991.05987116
516 9991.16060501
517 9991.21097193
518 9991.23615539
519 9991.28652232
520 9991.33688924
521 9991.46280655
522 9991.48799001
523 9991.58872385
524 9991.71464116
525 9991.76500808
526 9991.76500808
527 9991.81537501
528 9991.84055847
529 9991.91610885
530 9992.0168427
531 9992.09239308
532 9992.11757655
533 9992.16794347
534 9992.19312693
535 9992.26867731
536 9992.3442277
537 9992.3442277
538 9992.41977808
539 9992.44496154
540 9992.54569539
541 9992.62124578
542 9992.6716127
543 9992.69679616
544 9992.79753001
545 9992.84789693
546 9992.92344731
547 9992.94863078
548 9992.9989977
549 9993.09973154
550 9993.12491501
551 9993.20046539
552 9993.22564885
553 9993.22564885
554 9993.25083231
555 9993.27601577
556 9993.27601577
557 9993.3263827
558 9993.35156616
559 9993.37674962
560 9993.42711654
561 9993.45230001
562 9993.45230001
563 9993.50266693
564 9993.6537677
565 9993.67895116
566 9993.70413462
567 9993.72931808
568 9993.80486847
569 9993.90560231
570 9994.03151962
571 9994.05670308
572 9994.10707001
573 9994.23298731
574 9994.25817077
575 9994.25817077
576 9994.33372116
577 9994.51000539
578 9994.56037231
579 9994.61073924
580 9994.66110616
581 9994.73665654
582 9994.76184
583 9994.81220693
584 9994.86257385
585 9994.88775731
586 9994.98849116
587 9995.06404154
588 9995.21514231
589 9995.34105962
590 9995.36624308
591 9995.41661
592 9995.49216039
593 9995.59289423
594 9995.64326116
595 9995.743995
596 9995.79436193
597 9995.89509577
598 9995.97064616
599 9995.99582962
600 9996.09656346
601 9996.22248077
602 9996.24766423
603 9996.32321462
604 9996.37358154
605 9996.52468231
606 9996.6002327
607 9996.62541616
608 9996.67578308
609 9996.70096654
610 9996.75133346
611 9996.75133346
612 9996.77651693
613 9996.82688385
614 9996.90243423
615 9996.95280116
616 9996.97798462
617 9997.02835154
618 9997.053535
619 9997.10390193
620 9997.12908539
621 9997.25500269
622 9997.33055308
623 9997.35573654
624 9997.43128693
625 9997.45647039
626 9997.45647039
627 9997.53202077
628 9997.55720423
629 9997.60757116
630 9997.60757116
631 9997.65793808
632 9997.75867193
633 9997.83422231
634 9997.83422231
635 9997.88458923
636 9997.90977269
637 9997.96013962
638 9997.98532308
639 9998.01050654
640 9998.08605692
641 9998.11124039
642 9998.13642385
643 9998.13642385
644 9998.21197423
645 9998.26234116
646 9998.31270808
647 9998.33789154
648 9998.33789154
649 9998.38825846
650 9998.41344192
651 9998.46380885
652 9998.48899231
653 9998.51417577
654 9998.51417577
655 9998.53935923
656 9998.56454269
657 9998.58972616
658 9998.58972616
659 9998.61490962
660 9998.61490962
661 9998.66527654
662 9998.74082692
663 9998.76601039
664 9998.76601039
665 9998.76601039
666 9998.76601039
667 9998.79119385
668 9998.81637731
669 9998.81637731
670 9998.86674423
671 9998.86674423
672 9998.89192769
673 9998.89192769
674 9998.89192769
675 9998.91711115
676 9998.94229462
677 9999.04302846
678 9999.04302846
679 9999.04302846
680 9999.06821192
681 9999.09339539
682 9999.14376231
683 9999.19412923
684 9999.19412923
685 9999.19412923
686 9999.21931269
687 9999.21931269
688 9999.26967962
689 9999.26967962
690 9999.29486308
691 9999.29486308
692 9999.29486308
693 9999.29486308
694 9999.29486308
695 9999.29486308
696 9999.34523
697 9999.34523
698 9999.34523
699 9999.34523
700 9999.34523
701 9999.34523
702 9999.34523
703 9999.34523
704 9999.37041346
705 9999.42078039
706 9999.42078039
707 9999.42078039
708 9999.44596385
709 9999.44596385
710 9999.44596385
711 9999.47114731
712 9999.47114731
713 9999.47114731
714 9999.47114731
715 9999.47114731
716 9999.49633077
717 9999.49633077
718 9999.49633077
719 9999.49633077
720 9999.49633077
721 9999.52151423
722 9999.52151423
723 9999.52151423
724 9999.54669769
725 9999.54669769
726 9999.54669769
727 9999.57188115
728 9999.57188115
729 9999.59706462
730 9999.59706462
731 9999.62224808
732 9999.62224808
733 9999.62224808
734 9999.62224808
735 9999.64743154
736 9999.64743154
737 9999.64743154
738 9999.672615
739 9999.672615
740 9999.672615
741 9999.72298192
742 9999.72298192
743 9999.72298192
744 9999.72298192
745 9999.72298192
746 9999.72298192
747 9999.72298192
748 9999.72298192
749 9999.72298192
750 9999.72298192
771 9999.74816538
772 9999.77334885
773 9999.77334885
774 9999.77334885
775 9999.77334885
776 9999.77334885
777 9999.77334885
778 9999.77334885
779 9999.77334885
780 9999.77334885
781 9999.77334885
782 9999.79853231
783 9999.79853231
784 9999.79853231
785 9999.79853231
786 9999.79853231
787 9999.79853231
788 9999.79853231
789 9999.79853231
790 9999.79853231
791 9999.79853231
829 9999.82371577
830 9999.82371577
831 9999.82371577
832 9999.82371577
833 9999.82371577
834 9999.82371577
835 9999.82371577
836 9999.82371577
837 9999.82371577
838 9999.82371577
851 9999.84889923
852 9999.84889923
853 9999.84889923
854 9999.84889923
855 9999.84889923
856 9999.84889923
857 9999.87408269
858 9999.87408269
859 9999.87408269
860 9999.87408269
861 9999.87408269
862 9999.87408269
863 9999.87408269
864 9999.87408269
865 9999.87408269
866 9999.87408269
867 9999.89926615
868 9999.89926615
869 9999.89926615
870 9999.89926615
871 9999.89926615
872 9999.89926615
873 9999.89926615
874 9999.89926615
875 9999.89926615
876 9999.89926615
1098 9999.92444962
1099 9999.92444962
1100 9999.92444962
1101 9999.92444962
1102 9999.92444962
1103 9999.92444962
1104 9999.92444962
1105 9999.92444962
1106 9999.92444962
1107 9999.92444962
1501 10000.0
