0 0.0
1 0.0
2 0.0
3 0.0
4 0.0
5 0.0
6 0.0
7 0.0
8 0.0
15 0.189495326572
16 0.615859811357
17 1.18434579107
18 1.89495326572
19 3.07929905679
20 3.78990653143
21 4.40576634279
22 5.35324297565
23 14.0700279979
24 40.5046260547
25 103.22757915
26 182.010261172
27 349.429382198
28 585.493185274
29 803.412810832
30 1012.89989436
31 1202.3478471
32 1383.55275313
33 1537.5650798
34 1662.48987384
35 1763.86987356
36 1839.28901353
37 1903.24368625
38 1951.47024687
39 1989.27456452
40 2018.83583546
41 2041.9542653
42 2061.80390076
43 2080.61131192
44 2102.11903149
45 2123.3898819
46 2147.78740519
47 2173.74826493
48 2204.96761999
49 2236.80283485
50 2264.56390019
51 2286.78222723
52 2307.29509633
53 2324.44442339
54 2340.12516166
55 2355.23741396
56 2367.64935785
57 2379.01907744
58 2388.02010545
59 2396.9263858
60 2404.03246055
61 2409.9541895
62 2416.72864743
63 2422.69775022
64 2430.65655393
65 2439.70495578
66 2450.31669406
67 2460.83368469
68 2474.33522671
69 2487.45777807
70 2501.29093691
71 2519.62460976
72 2542.93253493
73 2586.89545069
74 2646.01799258
75 2752.0406278
76 2879.57098258
77 3078.68319698
78 3295.79746739
79 3609.17536371
80 3931.31741888
81 4333.56862336
82 4784.80436976
83 5241.06174231
84 5802.11003046
85 6299.01415056
86 6839.31270045
87 7254.5443348
88 7659.73271684
89 7934.5483142
90 8181.2712294
91 8344.71094857
92 8476.97868651
93 8616.06825622
94 8721.19078863
95 8837.96728363
96 8930.53575066
97 9033.85807748
98 9117.56763799
99 9214.73136669
100 9298.63042253
101 9390.67777741
102 9457.47488003
103 9525.69319759
104 9593.29565535
105 9642.99080474
106 9690.79100087
107 9721.06287929
108 9752.42435583
109 9772.08449597
110 9790.56029031
111 9802.87748653
112 9813.82084164
113 9823.81672012
114 9831.91764533
115 9839.26058924
116 9845.32443969
117 9851.05667331
118 9854.70445835
119 9858.73123404
120 9862.18952375
121 9865.5530658
122 9867.77963588
123 9869.67458915
124 9872.09065456
125 9873.55924335
126 9875.8805611
127 9877.87026202
128 9880.33370127
129 9882.3234022
130 9884.64471995
131 9886.53967322
132 9888.29250499
133 9890.04533676
134 9891.94029002
135 9893.97736478
136 9896.20393487
137 9898.95161711
138 9901.22556102
139 9903.49950494
140 9905.34708438
141 9908.09476661
142 9910.51083203
143 9912.69002828
144 9915.15346753
145 9917.23791612
146 9919.41711238
147 9921.35943947
148 9923.15964508
149 9924.62823386
150 9926.3336918
151 9927.89702824
152 9930.0762245
153 9931.7343086
154 9932.7765329
155 9934.71886
156 9935.85583196
157 9937.4191684
158 9938.17714971
159 9939.31412167
160 9940.35634596
161 9941.58806558
162 9942.34604689
163 9943.29352352
164 9943.90938333
165 9944.80948614
166 9945.70958894
167 9946.27807492
168 9947.27292538
169 9948.03090669
170 9948.78888799
171 9949.45212164
172 9949.78373846
173 9949.92585995
174 9950.4469721
175 9950.63646743
176 9950.87333659
177 9951.29970107
178 9951.72606556
179 9951.96293471
180 9952.48404686
181 9953.05253284
182 9953.289402
183 9953.52627116
184 9953.85788798
185 9954.09475714
186 9954.75799078
187 9955.2317291
188 9955.51597209
189 9955.89496274
190 9956.22657956
191 9956.70031788
192 9957.07930853
193 9957.55304685
194 9958.26365432
195 9958.78476647
196 9959.25850479
197 9960.01648609
198 9960.39547675
199 9961.10608422
200 9961.72194403
201 9962.33780384
202 9962.95366366
203 9963.66427113
204 9964.13800945
205 9965.13285991
206 9965.74871972
207 9966.3172057
208 9967.40680383
209 9967.73842065
210 9968.54377579
211 9969.01751411
212 9969.91761691
213 9970.77034588
214 9971.38620569
215 9972.23893466
216 9972.76004681
217 9973.32853279
218 9973.84964493
219 9974.27600942
220 9974.65500007
221 9974.93924306
222 9975.46035521
223 9976.07621502
224 9976.88157016
225 9977.45005614
226 9977.78167296
227 9978.25541128
228 9978.68177576
229 9979.3450094
230 9979.96086922
231 9980.2451122
232 9980.90834585
233 9981.47683183
234 9982.14006547
235 9982.42430846
236 9983.0875421
237 9983.60865425
238 9984.03501874
239 9984.55613088
240 9984.88774771
241 9985.26673836
242 9986.02471967
243 9986.54583181
244 9986.9721963
245 9987.39856078
246 9987.7301776
247 9988.15654209
248 9988.67765424
249 9989.15139255
250 9989.53038321
251 9989.95674769
252 9990.5726075
253 9990.85685049
254 9991.4727103
255 9991.85170096
256 9992.5149346
257 9992.75180376
258 9993.08342058
259 9993.27291591
260 9993.50978506
261 9993.84140189
262 9994.22039254
263 9994.36251403
264 9994.78887852
265 9995.07312151
266 9995.30999067
267 9995.49948599
268 9995.73635515
269 9996.11534581
270 9996.16271964
271 9996.44696263
272 9996.77857945
273 9996.96807477
274 9997.34706543
275 9997.53656075
276 9997.77342991
277 9997.82080374
278 9997.96292524
279 9998.24716823
280 9998.29454206
281 9998.48403739
282 9998.53141122
283 9998.57878505
284 9998.67353271
285 9998.81565421
286 9998.86302804
287 9998.86302804
288 9999.00514954
289 9999.05252337
290 9999.0998972
291 9999.0998972
292 9999.19464486
293 9999.24201869
294 9999.28939253
295 9999.28939253
296 9999.28939253
297 9999.28939253
298 9999.28939253
299 9999.28939253
300 9999.28939253
301 9999.28939253
302 9999.33676636
303 9999.33676636
304 9999.47888785
305 9999.47888785
306 9999.47888785
307 9999.47888785
308 9999.47888785
309 9999.47888785
310 9999.47888785
311 9999.47888785
312 9999.47888785
313 9999.47888785
315 9999.52626168
316 9999.52626168
317 9999.52626168
318 9999.52626168
319 9999.57363552
320 9999.62100935
321 9999.62100935
322 9999.62100935
323 9999.62100935
324 9999.62100935
325 9999.66838318
326 9999.66838318
327 9999.71575701
328 9999.71575701
329 9999.71575701
330 9999.71575701
331 9999.71575701
332 9999.71575701
333 9999.71575701
334 9999.71575701
335 9999.71575701
336 9999.71575701
343 9999.76313084
344 9999.76313084
345 9999.81050467
346 9999.81050467
347 9999.81050467
348 9999.81050467
349 9999.81050467
350 9999.81050467
351 9999.81050467
352 9999.81050467
353 9999.81050467
354 9999.81050467
391 9999.85787851
392 9999.85787851
393 9999.85787851
394 9999.85787851
395 9999.85787851
396 9999.85787851
397 9999.90525234
398 9999.90525234
399 9999.90525234
400 9999.90525234
401 9999.90525234
402 9999.90525234
403 9999.90525234
404 9999.90525234
405 9999.90525234
406 9999.90525234
433 9999.95262617
434 9999.95262617
435 9999.95262617
436 9999.95262617
437 9999.95262617
438 9999.95262617
439 9999.95262617
440 9999.95262617
441 9999.95262617
442 9999.95262617
461 10000.0
462 10000.0
463 10000.0
464 10000.0
465 10000.0
466 10000.0
467 10000.0
468 10000.0
469 10000.0
470 10000.0
1501 10000.0
