0 0.0
1 19.1242453561
2 1733.55437491
3 1829.00585986
4 1865.99071701
5 1931.737383
6 1991.6562464
7 2070.68049497
8 2107.43902968
9 3806.32835235
10 7840.71427359
11 9525.83564842
12 9629.98168674
13 9675.45363502
14 9698.23675967
15 9713.21176047
16 9722.26465768
17 9730.03506112
18 9735.56110046
19 9739.91780724
20 9743.72756815
21 9746.3679965
22 9749.53651052
23 9752.78046536
24 9757.30691396
25 9761.68248095
26 9766.85017644
27 9773.05518307
28 9780.50496306
29 9786.38934625
30 9793.12243855
31 9802.28849697
32 9809.09703008
33 9815.1888755
34 9820.73377504
35 9827.52344795
36 9832.97404648
37 9840.51812748
38 9847.27007999
39 9853.02244175
40 9858.26557806
41 9862.3205216
42 9866.8469702
43 9870.46812909
44 9874.71167465
45 9879.48330589
46 9886.63132265
47 9893.57187717
48 9899.06019611
49 9903.05855904
50 9907.56614745
51 9912.52638071
52 9917.31687215
53 9922.23938501
54 9926.38862956
55 9930.10408946
56 9933.17830247
57 9936.62971953
58 9939.55305092
59 9942.75928535
60 9945.49401471
61 9948.56822773
62 9951.88762337
63 9954.41489051
64 9957.28164129
65 9959.52600539
66 9962.03441233
67 9963.43006731
68 9964.97660392
69 9966.63630174
70 9968.5600424
71 9970.31404123
72 9971.89829824
73 9973.35053384
74 9974.68960822
75 9976.066403
76 9977.10371414
77 9978.06558447
78 9979.15947621
79 9980.15906695
80 9981.10207707
81 9982.25254943
82 9983.30872077
83 9984.3083115
84 9985.25132163
85 9985.98686953
86 9986.98646026
87 9987.62770715
88 9988.68387849
89 9989.38170598
90 9989.87207125
91 9990.45673752
92 9990.94710279
93 9991.64493028
94 9992.00327413
95 9992.73882203
96 9993.2857679
97 9993.85157398
98 9994.28535864
99 9994.62484228
100 9994.96432593
101 9995.28494937
102 9995.54899221
103 9995.90733605
104 9996.2845401
105 9996.47314213
106 9996.83148598
107 9997.05780841
108 9997.26527063
109 9997.54817367
110 9997.83107671
111 9997.98195833
112 9998.15170015
113 9998.26486137
114 9998.41574299
115 9998.54776441
116 9998.66092562
117 9998.73636643
118 9998.83066744
119 9998.90610825
120 9998.92496846
121 9999.09471028
122 9999.20787149
123 9999.20787149
124 9999.2833123
125 9999.33989291
126 9999.35875311
127 9999.37761332
128 9999.41533372
129 9999.41533372
130 9999.41533372
131 9999.47191433
132 9999.49077453
133 9999.52849494
134 9999.52849494
135 9999.52849494
136 9999.52849494
137 9999.58507554
138 9999.58507554
139 9999.62279595
140 9999.62279595
141 9999.66051635
142 9999.67937656
143 9999.67937656
144 9999.69823676
145 9999.71709696
146 9999.71709696
147 9999.77367757
148 9999.77367757
149 9999.77367757
150 9999.79253777
151 9999.79253777
152 9999.79253777
153 9999.79253777
154 9999.79253777
155 9999.79253777
156 9999.81139797
157 9999.81139797
158 9999.83025818
159 9999.83025818
160 9999.83025818
161 9999.86797858
162 9999.86797858
163 9999.86797858
164 9999.86797858
165 9999.86797858
166 9999.86797858
167 9999.88683878
168 9999.88683878
169 9999.88683878
170 9999.90569899
171 9999.90569899
172 9999.90569899
173 9999.90569899
174 9999.90569899
175 9999.90569899
176 9999.90569899
177 9999.90569899
178 9999.92455919
179 9999.92455919
180 9999.92455919
181 9999.92455919
182 9999.92455919
183 9999.92455919
184 9999.92455919
185 9999.94341939
186 9999.94341939
187 9999.94341939
188 9999.94341939
189 9999.94341939
190 9999.94341939
191 9999.94341939
192 9999.94341939
193 9999.94341939
194 9999.94341939
246 9999.96227959
247 9999.96227959
248 9999.96227959
249 9999.96227959
250 9999.96227959
251 9999.96227959
252 9999.96227959
253 9999.96227959
254 9999.96227959
255 9999.96227959
299 9999.9811398
300 9999.9811398
301 9999.9811398
302 9999.9811398
303 9999.9811398
304 9999.9811398
305 9999.9811398
306 9999.9811398
307 9999.9811398
308 9999.9811398
558 10000.0
559 10000.0
560 10000.0
561 10000.0
562 10000.0
563 10000.0
564 10000.0
565 10000.0
566 10000.0
567 10000.0
1501 10000.0
