0 11.9791997532
1 25.3196722055
2 45.0581263443
3 69.470283417
4 94.0185677596
5 112.804131009
6 132.860215444
7 152.09953626
8 169.160820757
9 184.906208311
10 202.421250374
11 222.658837836
12 243.486310134
13 268.12534599
14 297.483460537
15 330.244756831
16 369.494786326
17 418.727482281
18 469.775208502
19 533.573522338
20 602.045539109
21 684.402537412
22 779.147117278
23 879.291412184
24 990.825022007
25 1103.49302575
26 1230.09138677
27 1360.27443258
28 1500.30401757
29 1642.19400859
30 1773.64757557
31 1910.59160912
32 2055.3402728
33 2198.00165168
34 2333.76591555
35 2465.03797951
36 2585.41986188
37 2712.78961077
38 2831.58334165
39 2952.91811491
40 3061.91068236
41 3172.67290432
42 3290.51374432
43 3405.99504497
44 3524.01738799
45 3625.56833135
46 3736.73893512
47 3842.64595112
48 3964.02610014
49 4074.7883221
50 4188.04621067
51 4305.34254159
52 4413.92672723
53 4539.48144585
54 4655.2803768
55 4783.01313174
56 4895.99876578
57 5033.98644172
58 5153.27930593
59 5297.66496356
60 5422.03991252
61 5545.59809785
62 5692.43404634
63 5822.93472244
64 5970.67818606
65 6097.63955314
66 6246.97116824
67 6379.78600793
68 6529.07224728
69 6663.79286875
70 6814.03199898
71 6944.12429327
72 7071.0402846
73 7223.27594813
74 7348.55841221
75 7494.21459103
76 7619.90543692
77 7756.80409471
78 7872.46689839
79 7998.9745079
80 8105.65291176
81 8216.55126099
82 8326.72359812
83 8421.74043252
84 8529.28097576
85 8620.44087085
86 8716.04759009
87 8793.59475819
88 8883.1665018
89 8953.72580338
90 9028.3235473
91 9090.48833389
92 9149.11381147
93 9213.63813742
94 9265.36649999
95 9323.99197757
96 9370.81975842
97 9422.50274523
98 9462.75104137
99 9505.08662232
100 9540.29820947
101 9576.50806327
102 9605.86617782
103 9634.18064996
104 9662.63124938
105 9684.59311559
106 9711.09255747
107 9733.23592671
108 9753.3373869
109 9770.71630169
110 9790.5908831
111 9806.24551914
112 9819.90362189
113 9832.47270648
114 9842.86375475
115 9855.02445753
116 9863.78197856
117 9875.17129348
118 9883.15742665
119 9891.41581436
120 9896.95165667
121 9903.39501411
122 9908.84010491
123 9913.5591836
124 9918.73201986
125 9922.67971068
126 9927.5802924
127 9930.80197112
128 9934.20515287
129 9936.74619524
130 9940.28550426
131 9942.64504361
132 9945.23146173
133 9947.3641223
134 9949.26990408
135 9951.53869191
136 9953.03609188
137 9955.03262517
138 9956.57540089
139 9958.20892813
140 9959.47944932
141 9960.88609778
142 9961.74823715
143 9963.10950985
144 9964.51615831
145 9965.55980071
146 9966.33118857
147 9967.23870371
148 9968.23697035
149 9968.96298246
150 9969.77974608
151 9970.32425516
152 9971.14101878
153 9971.9577824
154 9972.41153996
155 9973.04680056
156 9973.54593388
157 9974.27194598
158 9974.86183082
159 9975.17946112
160 9975.63321868
161 9976.04160049
162 9976.35923079
163 9976.67686109
164 9977.0852429
165 9977.53900046
166 9977.94738227
167 9978.21963681
168 9978.4465156
169 9978.71877014
170 9979.35403073
171 9979.71703678
172 9980.26154586
173 9980.62455191
174 9980.98755797
175 9981.21443675
176 9981.5774428
177 9981.94044886
178 9982.16732764
179 9982.53033369
180 9982.75721248
181 9982.84796399
182 9983.12021853
183 9983.52860034
184 9983.71010337
185 9983.84623064
186 9983.89160639
187 9983.93698215
188 9984.02773366
189 9984.11848518
190 9984.2999882
191 9984.6176185
192 9984.84449728
193 9985.02600031
194 9985.11675182
195 9985.29825485
196 9985.47975787
197 9985.61588514
198 9985.88813968
199 9986.16039422
200 9986.25114574
201 9986.29652149
202 9986.61415179
203 9986.79565482
204 9986.97715784
205 9987.24941238
206 9987.3401639
207 9987.47629117
208 9987.70316995
209 9987.83929722
210 9988.11155176
211 9988.20230327
212 9988.42918206
213 9988.7014366
214 9988.88293962
215 9988.92831538
216 9989.06444265
217 9989.20056992
218 9989.51820022
219 9989.83583051
220 9989.97195778
221 9990.24421232
222 9990.47109111
223 9990.7887214
224 9990.87947292
225 9990.97022443
226 9991.19710321
227 9991.33323048
228 9991.46935775
229 9991.69623653
230 9991.87773956
231 9991.96849107
232 9992.10461834
233 9992.28612137
234 9992.55837591
235 9992.78525469
236 9992.96675772
237 9993.1936365
238 9993.32976377
239 9993.37513953
240 9993.5112668
241 9993.78352134
242 9993.78352134
243 9994.01040012
244 9994.01040012
245 9994.10115164
246 9994.14652739
247 9994.28265466
248 9994.46415769
249 9994.5549092
250 9994.8725395
251 9995.00866677
252 9995.05404253
253 9995.14479404
254 9995.32629707
255 9995.50780009
256 9995.50780009
257 9995.59855161
258 9995.64392736
259 9995.73467888
260 9995.9161819
261 9995.9161819
262 9996.09768493
263 9996.36993947
264 9996.36993947
265 9996.46069098
266 9996.5514425
267 9996.73294552
268 9996.91444855
269 9997.00520006
270 9997.09595157
271 9997.18670309
272 9997.18670309
273 9997.2774546
274 9997.41358187
275 9997.54970914
276 9997.73121217
277 9997.82196368
278 9997.91271519
279 9997.91271519
280 9997.91271519
281 9998.04884246
282 9998.09421822
283 9998.18496973
284 9998.27572125
285 9998.36647276
286 9998.36647276
287 9998.41184852
288 9998.41184852
289 9998.41184852
290 9998.54797579
291 9998.59335154
292 9998.59335154
293 9998.68410306
294 9998.77485457
295 9998.77485457
296 9998.82023033
297 9998.82023033
298 9998.86560608
299 9998.9563576
300 9999.00173335
301 9999.00173335
302 9999.00173335
303 9999.04710911
304 9999.04710911
305 9999.04710911
306 9999.09248487
307 9999.13786062
308 9999.18323638
309 9999.22861214
310 9999.22861214
311 9999.27398789
312 9999.36473941
313 9999.36473941
314 9999.36473941
315 9999.36473941
316 9999.41011516
317 9999.45549092
318 9999.45549092
319 9999.45549092
320 9999.45549092
321 9999.54624243
322 9999.54624243
323 9999.54624243
324 9999.54624243
325 9999.54624243
326 9999.54624243
327 9999.54624243
328 9999.54624243
329 9999.54624243
330 9999.54624243
336 9999.59161819
337 9999.59161819
338 9999.59161819
339 9999.59161819
340 9999.63699395
341 9999.63699395
342 9999.6823697
343 9999.6823697
344 9999.6823697
345 9999.6823697
346 9999.6823697
347 9999.72774546
348 9999.72774546
349 9999.72774546
350 9999.72774546
351 9999.72774546
352 9999.72774546
353 9999.72774546
354 9999.72774546
355 9999.72774546
356 9999.77312122
357 9999.77312122
358 9999.77312122
359 9999.77312122
360 9999.77312122
361 9999.77312122
362 9999.77312122
363 9999.77312122
364 9999.77312122
365 9999.77312122
373 9999.81849697
374 9999.81849697
375 9999.81849697
376 9999.81849697
377 9999.81849697
378 9999.81849697
379 9999.81849697
380 9999.81849697
381 9999.81849697
382 9999.81849697
430 9999.86387273
431 9999.86387273
432 9999.86387273
433 9999.86387273
434 9999.90924849
435 9999.90924849
436 9999.90924849
437 9999.90924849
438 9999.90924849
439 9999.90924849
440 9999.90924849
441 9999.90924849
442 9999.90924849
443 9999.90924849
449 9999.95462424
450 9999.95462424
451 9999.95462424
452 9999.95462424
453 9999.95462424
454 9999.95462424
455 9999.95462424
456 9999.95462424
457 9999.95462424
458 9999.95462424
596 10000.0
597 10000.0
598 10000.0
599 10000.0
600 10000.0
601 10000.0
602 10000.0
603 10000.0
604 10000.0
605 10000.0
1501 10000.0
