0 35.0425421772
1 73.6689807133
2 130.613111751
3 194.194087898
4 258.571485459
5 316.710248616
6 368.610377371
7 413.342713408
8 457.942312542
9 498.294330807
10 544.354035866
11 596.386901522
12 652.534611147
13 717.841167023
14 784.740565725
15 861.59523209
16 944.688532859
17 1042.38289287
18 1155.47473353
19 1277.45994664
20 1409.93137502
21 1542.53554031
22 1698.10318967
23 1852.74168071
24 2016.0080704
25 2175.42508993
26 2334.44389875
27 2507.798293
28 2687.25858476
29 2853.31244939
30 3008.21641425
31 3177.19049073
32 3345.6336196
33 3519.38622456
34 3671.90092518
35 3832.24710302
36 3983.69990841
37 4159.84177761
38 4318.72784953
39 4498.9845627
40 4659.99442505
41 4821.93344572
42 5011.34900514
43 5170.10234015
44 5363.36726973
45 5522.25334165
46 5715.91648194
47 5891.12919283
48 6086.78338665
49 6248.45693351
50 6410.39595418
51 6576.71529262
52 6736.66325975
53 6914.92891939
54 7067.1781462
55 7230.97548349
56 7365.70343921
57 7523.12940521
58 7652.41514794
59 7791.25794762
60 7909.79200127
61 8017.83983965
62 8145.00179195
63 8242.69615196
64 8359.77009969
65 8449.36750866
66 8555.42429351
67 8639.8449633
68 8728.51321396
69 8805.76609103
70 8893.23970957
71 8955.7587905
72 9014.95944888
73 9080.00053095
74 9139.33392622
75 9202.64942857
76 9249.37281814
77 9297.68905053
78 9345.47433532
79 9391.00309277
80 9422.85994929
81 9459.893545
82 9496.2634562
83 9525.99652229
84 9555.99506219
85 9582.27696882
86 9608.55887545
87 9630.46046431
88 9655.54773883
89 9672.1398516
90 9695.23607258
91 9709.30618421
92 9723.24355894
93 9740.89756693
94 9756.16231068
95 9770.36515922
96 9779.65674237
97 9789.74474694
98 9800.23096221
99 9809.92075607
100 9818.54865471
101 9827.04381645
102 9833.54792466
103 9841.64487569
104 9848.67993151
105 9853.9894076
106 9859.29888368
107 9863.01551694
108 9867.79404542
109 9870.71425727
110 9874.96183814
111 9878.2802607
112 9883.32426298
113 9886.77542244
114 9889.43016048
115 9891.02300331
116 9893.14679374
117 9895.00511037
118 9897.26163771
119 9899.51816505
120 9901.77469238
121 9904.03121972
122 9905.22585184
123 9906.81869467
124 9910.00438032
125 9911.46448624
126 9913.19006597
127 9914.38469809
128 9916.50848852
129 9918.63227896
130 9919.42870037
131 9921.1542801
132 9922.34891222
133 9923.41080744
134 9925.40186097
135 9925.66733478
136 9926.72922999
137 9927.92386211
138 9928.45480972
139 9929.51670494
140 9929.78217874
141 9930.84407396
142 9931.50775847
143 9932.43691679
144 9933.498812
145 9933.63154891
146 9934.69344412
147 9934.95891793
148 9935.88807624
149 9936.15355005
150 9937.08270836
151 9937.21544527
152 9938.41007739
153 9938.94102499
154 9939.4719726
155 9940.79934162
156 9941.19755233
157 9941.59576304
158 9941.99397374
159 9943.05586896
160 9943.45407967
161 9944.11776418
162 9945.1796594
163 9945.3123963
164 9945.71060701
165 9946.24155461
166 9946.50702842
167 9947.30344983
168 9947.70166054
169 9948.49808195
170 9948.89629266
171 9949.29450336
172 9950.09092478
173 9950.75460929
174 9951.4182938
175 9951.6837676
176 9951.94924141
177 9952.74566282
178 9953.01113663
179 9953.67482114
180 9953.94029494
181 9954.60397945
182 9955.40040087
183 9955.79861157
184 9956.06408538
185 9956.19682228
186 9956.72776989
187 9957.2587175
188 9957.7896651
189 9958.18787581
190 9958.71882342
191 9959.38250793
192 9959.91345554
193 9960.31166625
194 9960.70987695
195 9960.84261386
196 9961.24082456
197 9962.03724597
198 9962.30271978
199 9962.83366739
200 9963.4973519
201 9963.7628257
202 9964.42651021
203 9964.95745782
204 9965.48840543
205 9966.01935304
206 9966.28482684
207 9966.68303755
208 9967.34672206
209 9967.74493277
210 9968.01040657
211 9968.14314348
212 9968.27588038
213 9968.54135418
214 9968.93956489
215 9969.33777559
216 9969.8687232
217 9970.93061842
218 9971.59430293
219 9972.39072435
220 9972.78893505
221 9973.45261956
222 9973.71809337
223 9974.24904098
224 9974.24904098
225 9975.04546239
226 9975.4436731
227 9975.9746207
228 9976.77104212
229 9977.30198973
230 9977.56746353
231 9977.83293733
232 9978.49662185
233 9979.02756945
234 9979.95672777
235 9980.35493848
236 9981.01862299
237 9981.15135989
238 9981.15135989
239 9981.6823075
240 9981.8150444
241 9982.61146581
242 9983.00967652
243 9983.54062413
244 9983.80609793
245 9984.60251935
246 9984.86799315
247 9985.39894076
248 9985.66441456
249 9985.79715147
250 9986.59357288
251 9986.72630978
252 9986.85904668
253 9986.99178359
254 9987.38999429
255 9988.45188951
256 9988.85010022
257 9989.24831092
258 9989.51378473
259 9990.04473234
260 9990.17746924
261 9990.44294304
262 9990.44294304
263 9990.44294304
264 9990.84115375
265 9991.10662755
266 9991.10662755
267 9991.37210136
268 9991.50483826
269 9991.77031206
270 9992.56673348
271 9992.56673348
272 9992.69947038
273 9992.83220728
274 9993.09768109
275 9993.36315489
276 9993.6286287
277 9993.6286287
278 9993.7613656
279 9994.0268394
280 9994.42505011
281 9994.82326081
282 9995.35420842
283 9995.61968223
284 9995.75241913
285 9996.15062984
286 9996.41610364
287 9996.41610364
288 9996.68157745
289 9996.81431435
290 9996.94705125
291 9997.07978815
292 9997.21252505
293 9997.47799886
294 9997.74347266
295 9997.74347266
296 9997.87620957
297 9998.00894647
298 9998.00894647
299 9998.00894647
300 9998.00894647
301 9998.14168337
302 9998.40715717
303 9998.67263098
304 9998.67263098
305 9998.80536788
306 9998.80536788
307 9998.80536788
308 9998.80536788
309 9998.80536788
310 9998.80536788
311 9998.80536788
312 9998.93810478
313 9998.93810478
314 9998.93810478
315 9998.93810478
316 9998.93810478
317 9998.93810478
318 9999.20357859
319 9999.20357859
320 9999.20357859
321 9999.20357859
322 9999.20357859
323 9999.20357859
324 9999.20357859
325 9999.20357859
326 9999.20357859
327 9999.20357859
331 9999.46905239
332 9999.46905239
333 9999.46905239
334 9999.60178929
335 9999.60178929
336 9999.8672631
337 9999.8672631
338 9999.8672631
339 9999.8672631
340 9999.8672631
341 9999.8672631
342 9999.8672631
343 9999.8672631
344 10000.0
345 10000.0
346 10000.0
347 10000.0
348 10000.0
349 10000.0
350 10000.0
351 10000.0
352 10000.0
353 10000.0
1501 10000.0
