0 0.0
1 9.2517057253
2 1923.26090181
3 2014.98071789
4 2071.39943637
5 2116.24888757
6 2190.1883714
7 2277.08765945
8 2327.49925838
9 3936.73983981
10 7826.4795313
11 9525.54879858
12 9635.75348561
13 9680.47315337
14 9703.76001187
15 9719.38964699
16 9728.88237912
17 9736.26149511
18 9741.50845446
19 9746.12503708
20 9749.88875705
21 9753.30020765
22 9756.67457728
23 9759.43711065
24 9764.20201721
25 9768.6331949
26 9773.32393948
27 9780.42494809
28 9788.54568377
29 9794.79382972
30 9801.468407
31 9811.35048947
32 9818.52566004
33 9825.31148027
34 9831.31859982
35 9837.90047464
36 9844.53797093
37 9852.86265203
38 9859.75971522
39 9866.08202314
40 9872.0520617
41 9877.16923761
42 9882.30495402
43 9886.68051023
44 9891.37125482
45 9896.30302581
46 9902.36576683
47 9908.46558885
48 9913.78671018
49 9918.16226639
50 9922.37095817
51 9926.93191931
52 9930.69563928
53 9934.92287155
54 9937.83372886
55 9941.39350341
56 9943.95209137
57 9947.08543459
58 9949.86650845
59 9953.11109463
60 9955.83654702
61 9958.67324236
62 9961.99199051
63 9964.12414714
64 9966.68273509
65 9968.59240581
66 9970.76164343
67 9972.26342332
68 9973.93206764
69 9975.08157817
70 9976.60189855
71 9977.936814
72 9979.27172946
73 9980.30999703
74 9981.16285969
75 9982.29382972
76 9983.05398991
77 9983.96247404
78 9984.77825571
79 9985.42717295
80 9986.09463067
81 9986.83625037
82 9987.67057253
83 9988.30094927
84 9989.02402848
85 9989.58024325
86 9990.04375556
87 9990.54434886
88 9991.21180659
89 9991.6567784
90 9992.41693859
91 9993.17709878
92 9993.64061109
93 9994.08558291
94 9994.40077128
95 9994.80866212
96 9995.16093147
97 9995.53174132
98 9995.77276772
99 9996.0694156
100 9996.34752299
101 9996.79249481
102 9997.0520617
103 9997.16330466
104 9997.42287155
105 9997.64535746
106 9997.84930288
107 9998.01616731
108 9998.14595076
109 9998.25719371
110 9998.38697716
111 9998.5353011
112 9998.59092257
113 9998.70216553
114 9998.73924651
115 9998.88757045
116 9998.90611095
117 9998.99881341
118 9999.07297538
119 9999.20275883
120 9999.2583803
121 9999.31400178
122 9999.36962326
123 9999.36962326
124 9999.38816375
125 9999.40670424
126 9999.4994067
127 9999.53648769
128 9999.57356867
129 9999.59210917
130 9999.59210917
131 9999.62919015
132 9999.64773064
133 9999.64773064
134 9999.66627114
135 9999.70335212
136 9999.72189261
137 9999.74043311
138 9999.7589736
139 9999.77751409
140 9999.77751409
141 9999.77751409
142 9999.77751409
143 9999.77751409
144 9999.77751409
145 9999.77751409
146 9999.77751409
147 9999.77751409
148 9999.79605458
149 9999.79605458
150 9999.79605458
151 9999.79605458
152 9999.83313557
153 9999.83313557
154 9999.83313557
155 9999.83313557
156 9999.83313557
157 9999.83313557
158 9999.83313557
159 9999.85167606
160 9999.87021655
161 9999.87021655
162 9999.87021655
163 9999.88875705
164 9999.88875705
165 9999.88875705
166 9999.88875705
167 9999.88875705
168 9999.88875705
169 9999.88875705
170 9999.88875705
171 9999.90729754
172 9999.90729754
173 9999.90729754
174 9999.90729754
175 9999.90729754
176 9999.90729754
177 9999.90729754
178 9999.90729754
179 9999.90729754
180 9999.90729754
198 9999.92583803
199 9999.92583803
200 9999.92583803
201 9999.92583803
202 9999.92583803
203 9999.92583803
204 9999.92583803
205 9999.92583803
206 9999.92583803
207 9999.92583803
212 9999.94437852
213 9999.94437852
214 9999.94437852
215 9999.94437852
216 9999.94437852
217 9999.94437852
218 9999.94437852
219 9999.94437852
220 9999.94437852
221 9999.94437852
229 9999.96291902
230 9999.96291902
231 9999.96291902
232 9999.96291902
233 9999.96291902
234 9999.96291902
235 9999.96291902
236 9999.96291902
237 9999.96291902
238 9999.96291902
542 9999.98145951
543 9999.98145951
544 9999.98145951
545 9999.98145951
546 9999.98145951
547 9999.98145951
548 9999.98145951
549 9999.98145951
550 9999.98145951
551 9999.98145951
950 10000.0
951 10000.0
952 10000.0
953 10000.0
954 10000.0
955 10000.0
956 10000.0
957 10000.0
958 10000.0
959 10000.0
1501 10000.0
