0 0.0
1 0.0
2 0.0
3 0.0
4 0.0
5 0.0
6 0.0
7 0.0
8 0.0
23 0.111186718079
24 0.244610779775
25 0.444746872318
26 0.733832339324
27 1.31200327334
28 1.97912358181
29 2.53505717221
30 3.26888951153
31 4.49194341041
32 6.47106699222
33 8.9616494772
34 12.275013676
35 16.9670931789
36 21.7036473691
37 28.019052956
38 36.4247688428
39 46.7428962806
40 58.3285523045
41 72.0712306591
42 88.5268649348
43 106.405689202
44 124.929396434
45 144.676157565
46 164.778716194
47 189.41769292
48 216.013555885
49 249.814318181
50 284.215488755
51 319.750763853
52 359.021912678
53 401.428526954
54 446.081112935
55 492.490449061
56 536.164591923
57 582.440503987
58 632.830324621
59 681.885904637
60 732.542573394
61 778.596112023
62 830.120037181
63 883.000440299
64 938.882884806
65 999.012661943
66 1061.29946141
67 1121.6071373
68 1180.89189538
69 1235.70694739
70 1285.6742585
71 1331.03843947
72 1376.15800967
73 1424.59094406
74 1475.20313813
75 1521.01206598
76 1562.17338902
77 1596.55232225
78 1626.63944816
79 1652.54595347
80 1679.11957909
81 1702.04628036
82 1722.94938336
83 1743.18536605
84 1761.39775047
85 1779.98816973
86 1797.84475666
87 1812.54364079
88 1827.04238882
89 1840.09570953
90 1852.79323273
91 1864.66797422
92 1874.31898135
93 1883.88103911
94 1892.19780562
95 1901.22616713
96 1909.54293364
97 1916.6588836
98 1922.77415309
99 1929.02284665
100 1935.40496426
101 1941.1866736
102 1946.96838294
103 1952.19415869
104 1957.2420357
105 1961.80069114
106 1967.00422954
107 1971.34051155
108 1976.14377777
109 1980.96928133
110 1986.95112677
111 1993.04415892
112 2000.36024497
113 2007.89870445
114 2016.25994565
115 2025.5106806
116 2036.25131756
117 2048.28172046
118 2062.13558553
119 2079.16939074
120 2095.8696358
121 2119.17437191
122 2142.47910802
123 2166.62886318
124 2198.69511268
125 2229.16027343
126 2268.49813429
127 2307.1021628
128 2356.86933782
129 2405.05766143
130 2464.87611576
131 2521.78147807
132 2590.73948062
133 2654.53841946
134 2723.09614983
135 2807.53134354
136 2884.36136573
137 2979.29258562
138 3066.70758338
139 3173.17998461
140 3267.86659373
141 3381.12138476
142 3483.10184259
143 3598.31351986
144 3711.79068433
145 3821.99895929
146 3952.26531819
147 4070.92378373
148 4207.32764947
149 4324.82977313
150 4462.50116746
151 4579.98105378
152 4719.80947044
153 4840.89180643
154 4960.70661383
155 5098.84499237
156 5217.03647369
157 5352.99559256
158 5468.51859264
159 5598.82942623
160 5707.85912198
161 5833.09984123
162 5942.08506229
163 6064.63506295
164 6165.70378969
165 6265.34932643
166 6376.62499388
167 6468.44298567
168 6571.98005755
169 6657.43816907
170 6757.86201284
171 6836.29312377
172 6927.02148572
173 7000.38248231
174 7077.65725138
175 7152.73052342
176 7218.04160162
177 7290.15730697
178 7349.73115052
179 7415.9539598
180 7470.96914791
181 7529.67573506
182 7577.99748273
183 7632.96819615
184 7674.46307934
185 7716.84745627
186 7762.07821318
187 7796.54609579
188 7836.10633008
189 7866.57149084
190 7901.79544312
191 7929.70330936
192 7959.83490996
193 7985.20771903
194 8011.11422434
195 8033.26261858
196 8053.69873736
197 8077.47045769
198 8095.57165539
199 8115.60750199
200 8130.72889565
201 8148.71890663
202 8161.92788874
203 8177.80535208
204 8190.61406201
205 8202.844601
206 8214.43025702
207 8224.17021352
208 8235.62244549
209 8244.89541777
210 8255.28025724
211 8262.88542876
212 8271.84707824
213 8279.78580991
214 8287.39098142
215 8294.46245669
216 8301.11142243
217 8308.16066036
218 8314.56501532
219 8321.19174372
220 8328.19650696
221 8335.64601707
222 8341.78352391
223 8350.27818917
224 8358.01678475
225 8368.86860843
226 8381.87745445
227 8397.08779748
228 8419.14724235
229 8442.60763986
230 8475.09639888
231 8505.1835248
232 8544.1878255
233 8580.27903419
234 8622.41880034
235 8662.33483213
236 8701.42808221
237 8742.23360774
238 8777.88006956
239 8818.9969179
240 8851.88594911
241 8886.93200265
242 8913.7724764
243 8942.480887
244 8963.42846469
245 8985.04316268
246 9001.25418618
247 9016.21991843
248 9032.29751787
249 9043.97212327
250 9057.803751
251 9070.36785014
252 9083.86591771
253 9095.51828577
254 9109.43886287
255 9122.84798107
256 9138.74768176
257 9154.04697416
258 9170.03562422
259 9191.42794878
260 9211.26365929
261 9236.34738289
262 9259.05171072
263 9285.603099
264 9309.08573385
265 9337.19373619
266 9360.83203245
267 9387.24999666
268 9415.75827118
269 9441.8204379
270 9470.884646
271 9494.45623024
272 9520.87419445
273 9542.51112979
274 9565.39335637
275 9581.84899065
276 9600.30598585
277 9614.15985092
278 9625.74550694
279 9637.93157125
280 9648.96129368
281 9659.99101611
282 9669.01937762
283 9678.95947022
284 9686.38674299
285 9694.99259496
286 9702.33091836
287 9710.46978612
288 9717.6969228
289 9723.74548026
290 9731.77316131
291 9738.62226314
292 9746.56099481
293 9753.29890993
294 9759.88116364
295 9765.86300907
296 9772.48973747
297 9777.960124
298 9784.40895364
299 9790.61317251
300 9796.70620466
301 9803.37740775
302 9809.02569303
303 9814.89635174
304 9820.21107687
305 9825.54803933
306 9830.28459352
307 9835.33247052
308 9839.11281894
309 9843.2712022
310 9847.31839873
311 9850.29820278
312 9853.76722838
313 9856.45794696
314 9859.57117507
315 9861.97280818
316 9864.90813753
317 9866.75383705
318 9869.44455563
319 9871.73500202
320 9873.80307498
321 9876.02680934
322 9878.16159433
323 9880.58546478
324 9882.6313004
325 9884.89950944
326 9886.30046209
327 9888.10168692
328 9889.72501301
329 9891.43728847
330 9892.39349424
331 9893.5943108
332 9895.17316219
333 9896.24055469
334 9897.4191339
335 9898.44205171
336 9899.66510561
337 9901.0882956
338 9902.40029887
339 9903.24531793
340 9904.24599839
341 9905.22444151
342 9906.1361726
343 9907.04790369
344 9908.18200821
345 9909.31611273
346 9910.25008117
347 9911.339711
348 9912.2069674
349 9913.31883459
350 9914.31951505
351 9915.16453411
352 9916.27640129
353 9916.98799628
354 9918.07762612
355 9919.16725596
356 9920.4125472
357 9921.43546501
358 9922.41390812
359 9923.25892718
360 9924.19289561
361 9925.1046267
362 9925.72727232
363 9926.52781669
364 9927.39507309
365 9928.21785481
366 9928.97392449
367 9929.90789292
368 9930.75291198
369 9931.7313551
370 9932.5986115
371 9933.26573181
372 9933.8216654
373 9934.48878571
374 9935.11143133
375 9935.88973836
376 9936.53462132
377 9937.09055491
378 9937.73543788
379 9938.38032084
380 9939.00296646
381 9939.84798552
382 9940.64852989
383 9941.24893817
384 9941.71592238
385 9942.38304269
386 9943.00568831
387 9943.49490987
388 9943.89518206
389 9944.40664096
390 9945.11823596
391 9945.69640689
392 9946.3635272
393 9946.69708735
394 9947.31973297
395 9947.80895453
396 9948.4538375
397 9948.85410968
398 9949.18766984
399 9949.8325528
400 9950.34401171
401 9950.83323327
402 9951.34469217
403 9952.2786606
404 9952.74564482
405 9953.23486638
406 9953.79079997
407 9954.48015762
408 9955.10280324
409 9955.7476862
410 9956.21467042
411 9956.85955339
412 9957.23758823
413 9957.6823351
414 9958.12708197
415 9958.77196494
416 9959.28342384
417 9959.72817071
418 9960.30634165
419 9960.66213914
420 9961.26254742
421 9961.64058226
422 9962.30770257
423 9962.64126273
424 9963.19719632
425 9963.5974685
426 9964.19787678
427 9964.90947177
428 9965.39869333
429 9966.13252567
430 9966.53279786
431 9966.88859536
432 9967.28886754
433 9967.66690238
434 9967.93375051
435 9968.20059863
436 9968.71205753
437 9969.09009237
438 9969.64602596
439 9970.02406081
440 9970.31314627
441 9970.75789315
442 9971.20264002
443 9971.75857361
444 9972.20332048
445 9972.69254204
446 9973.02610219
447 9973.44861172
448 9973.89335859
449 9974.20468141
450 9974.80508968
451 9975.31654859
452 9975.67234608
453 9975.85024483
454 9976.20604233
455 9976.53960249
456 9976.87316264
457 9977.16224811
458 9977.60699498
459 9977.78489373
460 9978.16292857
461 9978.27411529
462 9978.67438747
463 9978.91899825
464 9979.07465966
465 9979.43045716
466 9979.67506794
467 9979.85296668
468 9979.9641534
469 9980.25323887
470 9980.49784965
471 9980.74246043
472 9981.07602058
473 9981.38734339
474 9981.5430048
475 9981.65419152
476 9981.98775167
477 9982.18788776
478 9982.52144792
479 9982.83277073
480 9983.09961885
481 9983.25528026
482 9983.34422963
483 9983.49989104
484 9983.70002713
485 9984.01134994
486 9984.18924869
487 9984.45609681
488 9984.56728353
489 9984.74518228
490 9984.90084368
491 9985.07874243
492 9985.18992915
493 9985.27887853
494 9985.45677728
495 9985.61243868
496 9985.74586274
497 9985.92376149
498 9985.99047352
499 9986.03494821
500 9986.16837227
501 9986.2350843
502 9986.43522039
503 9986.50193243
504 9986.61311914
505 9986.79101789
506 9986.9466793
507 9987.03562867
508 9987.08010336
509 9987.19129008
510 9987.23576476
511 9987.28023945
512 9987.39142617
513 9987.43590086
514 9987.52485023
515 9987.52485023
516 9987.61379961
517 9987.68051164
518 9987.76946101
519 9987.85841039
520 9987.94735976
521 9988.08078382
522 9988.14749585
523 9988.25868257
524 9988.3253946
525 9988.39210663
526 9988.45881866
527 9988.54776804
528 9988.61448007
529 9988.63671741
530 9988.72566679
531 9988.77014147
532 9988.85909085
533 9988.92580288
534 9989.05922694
535 9989.21488835
536 9989.28160038
537 9989.41502444
538 9989.43726178
539 9989.43726178
540 9989.45949913
541 9989.45949913
542 9989.50397381
543 9989.59292319
544 9989.68187256
545 9989.77082194
546 9989.81529662
547 9989.904246
548 9989.97095803
549 9990.03767006
550 9990.08214475
551 9990.14885678
552 9990.23780615
553 9990.28228084
554 9990.34899287
555 9990.4157049
556 9990.48241693
557 9990.57136631
558 9990.7715024
559 9990.81597709
560 9990.90492646
561 9990.9271638
562 9991.03835052
563 9991.17177458
564 9991.23848662
565 9991.41638536
566 9991.43862271
567 9991.50533474
568 9991.61652146
569 9991.68323349
570 9991.77218286
571 9991.81665755
572 9991.92784427
573 9992.06126833
574 9992.1502177
575 9992.26140442
576 9992.3503538
577 9992.48377786
578 9992.55048989
579 9992.57272723
580 9992.75062598
581 9992.75062598
582 9992.83957536
583 9992.90628739
584 9993.0174741
585 9993.12866082
586 9993.17313551
587 9993.32879692
588 9993.35103426
589 9993.39550895
590 9993.46222098
591 9993.52893301
592 9993.5734077
593 9993.64011973
594 9993.7290691
595 9993.84025582
596 9993.88473051
597 9994.04039191
598 9994.15157863
599 9994.15157863
600 9994.26276535
601 9994.30724003
602 9994.39618941
603 9994.4406641
604 9994.48513878
605 9994.52961347
606 9994.68527488
607 9994.81869894
608 9994.952123
609 9995.01883503
610 9995.1077844
611 9995.17449644
612 9995.19673378
613 9995.28568315
614 9995.41910722
615 9995.50805659
616 9995.55253128
617 9995.64148065
618 9995.70819268
619 9995.73043003
620 9995.77490471
621 9995.88609143
622 9995.99727815
623 9996.04175284
624 9996.10846487
625 9996.21965159
626 9996.30860096
627 9996.3308383
628 9996.39755033
629 9996.46426237
630 9996.57544908
631 9996.6866358
632 9996.77558518
633 9996.82005986
634 9996.88677189
635 9996.93124658
636 9996.99795861
637 9997.06467064
638 9997.15362002
639 9997.1980947
640 9997.22033205
641 9997.30928142
642 9997.42046814
643 9997.48718017
644 9997.50941752
645 9997.53165486
646 9997.62060423
647 9997.66507892
648 9997.75402829
649 9997.79850298
650 9997.86521501
651 9997.9096897
652 9997.9096897
653 9997.97640173
654 9998.06535111
655 9998.10982579
656 9998.17653782
657 9998.17653782
658 9998.19877517
659 9998.22101251
660 9998.24324985
661 9998.30996189
662 9998.35443657
663 9998.35443657
664 9998.37667392
665 9998.46562329
666 9998.48786063
667 9998.48786063
668 9998.53233532
669 9998.55457267
670 9998.59904735
671 9998.68799673
672 9998.73247141
673 9998.75470876
674 9998.84365813
675 9998.86589548
676 9998.88813282
677 9998.95484485
678 9998.95484485
679 9998.99931954
680 9998.99931954
681 9999.06603157
682 9999.1327436
683 9999.1327436
684 9999.1327436
685 9999.1327436
686 9999.1327436
687 9999.15498094
688 9999.15498094
689 9999.17721829
690 9999.24393032
691 9999.24393032
692 9999.26616766
693 9999.35511704
694 9999.35511704
695 9999.37735438
696 9999.37735438
697 9999.44406641
698 9999.44406641
699 9999.51077844
700 9999.55525313
701 9999.55525313
702 9999.55525313
703 9999.57749047
704 9999.57749047
705 9999.57749047
706 9999.59972781
707 9999.62196516
708 9999.6442025
709 9999.6442025
710 9999.6442025
711 9999.66643985
712 9999.66643985
713 9999.66643985
714 9999.66643985
715 9999.66643985
716 9999.66643985
717 9999.68867719
718 9999.68867719
719 9999.73315188
720 9999.73315188
721 9999.73315188
722 9999.73315188
723 9999.73315188
724 9999.73315188
725 9999.73315188
726 9999.73315188
727 9999.73315188
728 9999.73315188
739 9999.75538922
740 9999.77762656
741 9999.79986391
742 9999.79986391
743 9999.79986391
744 9999.79986391
745 9999.79986391
746 9999.79986391
747 9999.82210125
748 9999.82210125
749 9999.84433859
750 9999.84433859
751 9999.84433859
752 9999.84433859
753 9999.84433859
754 9999.84433859
755 9999.84433859
756 9999.84433859
757 9999.84433859
758 9999.84433859
774 9999.86657594
775 9999.86657594
776 9999.86657594
777 9999.86657594
778 9999.86657594
779 9999.86657594
780 9999.86657594
781 9999.86657594
782 9999.86657594
783 9999.91105063
784 9999.91105063
785 9999.91105063
786 9999.91105063
787 9999.91105063
788 9999.91105063
789 9999.91105063
790 9999.91105063
791 9999.91105063
792 9999.91105063
874 9999.93328797
875 9999.93328797
876 9999.93328797
877 9999.93328797
878 9999.93328797
879 9999.93328797
880 9999.93328797
881 9999.93328797
882 9999.93328797
883 9999.93328797
1149 9999.95552531
1150 9999.95552531
1151 9999.95552531
1152 9999.95552531
1153 9999.95552531
1154 9999.95552531
1155 9999.95552531
1156 9999.95552531
1157 9999.95552531
1158 9999.95552531
1214 9999.97776266
1215 9999.97776266
1216 9999.97776266
1217 9999.97776266
1218 9999.97776266
1219 9999.97776266
1220 9999.97776266
1221 9999.97776266
1222 9999.97776266
1223 9999.97776266
1281 10000.0
1282 10000.0
1283 10000.0
1284 10000.0
1285 10000.0
1286 10000.0
1287 10000.0
1288 10000.0
1289 10000.0
1290 10000.0
1501 10000.0
