0 0.0
1 14.1122507406
2 1833.65904055
3 1900.61054545
4 1945.14115363
5 2001.18561577
6 2060.85538599
7 2128.0869576
8 2167.57636486
9 4626.74886106
10 8394.98431626
11 9583.41631606
12 9659.23660036
13 9694.3382957
14 9712.46483607
15 9724.46102716
16 9732.75411387
17 9738.91558167
18 9743.19437875
19 9746.53962011
20 9749.83818367
21 9753.60352511
22 9758.92479275
23 9764.04378999
24 9769.48953173
25 9774.1417511
26 9780.06982997
27 9787.35156464
28 9797.79182952
29 9805.16691976
30 9811.93519879
31 9820.05713361
32 9826.66982001
33 9833.34474346
34 9839.08611118
35 9845.57432348
36 9851.96918021
37 9861.33585601
38 9869.33331674
39 9876.10159576
40 9881.82740422
41 9887.28870522
42 9891.73865419
43 9895.73738455
44 9900.24957056
45 9903.5636934
46 9909.18058702
47 9915.41985113
48 9922.67046728
49 9927.35380517
50 9931.35253554
51 9935.6002141
52 9939.78565561
53 9944.18892678
54 9947.4252533
55 9950.86385023
56 9953.57116184
57 9955.85837337
58 9958.20782195
59 9960.71286315
60 9963.20234509
61 9965.44287884
62 9967.93236078
63 9969.97062411
64 9972.11780229
65 9973.81376186
66 9975.36968807
67 9976.47439568
68 9977.85917001
69 9978.65269237
70 9980.0374667
71 9980.97102243
72 9982.18464488
73 9983.35158953
74 9984.50297493
75 9985.91886778
76 9986.91466056
77 9987.95713112
78 9988.67285718
79 9989.49749807
80 9990.1821056
81 9990.7577983
82 9991.27125395
83 9991.73803182
84 9992.20480968
85 9992.62490976
86 9993.15392467
87 9993.57402475
88 9993.99412482
89 9994.30531006
90 9994.66317309
91 9995.00547686
92 9995.36333989
93 9995.59672882
94 9995.83011775
95 9996.18798078
96 9996.35913266
97 9996.5925216
98 9996.81035127
99 9996.95038462
100 9997.15265503
101 9997.40160323
102 9997.57275511
103 9997.63499216
104 9997.88394035
105 9998.03953297
106 9998.24180338
107 9998.36627748
108 9998.50631084
109 9998.59966641
110 9998.6463442
111 9998.75525903
112 9998.80193682
113 9998.87973313
114 9998.94197018
115 9998.98864796
116 9999.01976649
117 9999.0975628
118 9999.12868132
119 9999.20647763
120 9999.22203689
121 9999.2998332
122 9999.31539247
123 9999.33095173
124 9999.36207025
125 9999.39318878
126 9999.40874804
127 9999.4243073
128 9999.48654435
129 9999.51766287
130 9999.53322214
131 9999.5487814
132 9999.5487814
133 9999.57989992
134 9999.57989992
135 9999.61101845
136 9999.64213697
137 9999.64213697
138 9999.64213697
139 9999.64213697
140 9999.64213697
141 9999.64213697
142 9999.65769623
143 9999.65769623
144 9999.65769623
145 9999.65769623
146 9999.6732555
147 9999.6732555
148 9999.6732555
149 9999.68881476
150 9999.73549254
151 9999.73549254
152 9999.73549254
153 9999.75105181
154 9999.75105181
155 9999.76661107
156 9999.76661107
157 9999.76661107
158 9999.76661107
159 9999.76661107
160 9999.76661107
161 9999.76661107
162 9999.76661107
163 9999.76661107
164 9999.76661107
166 9999.78217033
167 9999.78217033
168 9999.79772959
169 9999.79772959
170 9999.79772959
171 9999.81328885
172 9999.82884812
173 9999.82884812
174 9999.84440738
175 9999.84440738
176 9999.84440738
177 9999.84440738
178 9999.84440738
179 9999.85996664
180 9999.85996664
181 9999.85996664
182 9999.85996664
183 9999.8755259
184 9999.8755259
185 9999.89108517
186 9999.90664443
187 9999.90664443
188 9999.90664443
189 9999.90664443
190 9999.90664443
191 9999.90664443
192 9999.90664443
193 9999.90664443
194 9999.90664443
195 9999.90664443
214 9999.92220369
215 9999.92220369
216 9999.92220369
217 9999.92220369
218 9999.92220369
219 9999.92220369
220 9999.92220369
221 9999.92220369
222 9999.92220369
223 9999.92220369
253 9999.93776295
254 9999.93776295
255 9999.93776295
256 9999.93776295
257 9999.93776295
258 9999.93776295
259 9999.93776295
260 9999.93776295
261 9999.93776295
262 9999.93776295
284 9999.95332221
285 9999.95332221
286 9999.95332221
287 9999.95332221
288 9999.95332221
289 9999.95332221
290 9999.95332221
291 9999.95332221
292 9999.95332221
293 9999.95332221
335 9999.96888148
336 9999.96888148
337 9999.96888148
338 9999.96888148
339 9999.96888148
340 9999.96888148
341 9999.96888148
342 9999.96888148
343 9999.96888148
344 9999.96888148
356 9999.98444074
357 9999.98444074
358 9999.98444074
359 9999.98444074
360 9999.98444074
361 9999.98444074
362 9999.98444074
363 9999.98444074
364 9999.98444074
365 9999.98444074
1073 10000.0
1074 10000.0
1075 10000.0
1076 10000.0
1077 10000.0
1078 10000.0
1079 10000.0
1080 10000.0
1081 10000.0
1082 10000.0
1501 10000.0
