0 0.0
1 0.0
2 0.0
3 0.0
4 0.0
5 0.0
6 0.0
7 0.0
8 0.0
16 0.0215566022484
17 0.323349033725
18 1.03471690792
19 1.85386779336
20 2.5867922698
21 3.42749975749
22 4.44066006316
23 8.60108429709
24 22.2679701225
25 68.8517875812
26 165.921167506
27 341.047004171
28 573.25472359
29 776.167020554
30 931.719462378
31 1055.51902909
32 1172.87317173
33 1275.65505125
34 1360.5018377
35 1421.8734843
36 1466.9052264
37 1502.86163895
38 1529.46248612
39 1551.85979586
40 1570.26913418
41 1587.14795374
42 1603.40163183
43 1620.10799858
44 1638.19398786
45 1656.71110919
46 1676.13360782
47 1698.33690814
48 1720.08751981
49 1741.25610321
50 1759.3636491
51 1776.52270449
52 1792.23746753
53 1808.44803242
54 1823.17119176
55 1834.44529473
56 1844.18887895
57 1852.16482178
58 1858.80425527
59 1865.12033973
60 1870.40170728
61 1876.22198989
62 1881.1368952
63 1886.892508
64 1893.51038489
65 1899.41689391
66 1905.73297837
67 1911.20835534
68 1917.5891096
69 1924.44410912
70 1933.60566508
71 1944.59953222
72 1960.46519148
73 1989.37259509
74 2030.22235635
75 2110.13268089
76 2222.4425786
77 2430.03265825
78 2688.49631921
79 3092.57482836
80 3526.83258065
81 4072.66730618
82 4682.46047058
83 5273.90896647
84 5958.28797465
85 6506.64482264
86 7059.83034954
87 7442.24447343
88 7787.1932226
89 8009.50646159
90 8212.31097554
91 8353.70072969
92 8473.18897595
93 8597.41967471
94 8696.53693185
95 8805.3331034
96 8896.23729508
97 8998.97606139
98 9083.30548939
99 9182.07784089
100 9259.96184481
101 9347.37386693
102 9411.48320202
103 9470.05249033
104 9527.15592968
105 9569.04040785
106 9608.89856541
107 9637.65507281
108 9663.39365589
109 9682.44969228
110 9700.57879477
111 9714.82770886
112 9727.22275515
113 9740.07049009
114 9750.82723461
115 9761.82110176
116 9770.48685586
117 9779.06638356
118 9785.85671326
119 9793.12128822
120 9799.43737268
121 9806.09836278
122 9811.25039071
123 9815.73416398
124 9821.85623902
125 9826.4693519
126 9831.88005907
127 9836.0835965
128 9840.8907188
129 9844.90024682
130 9849.08222766
131 9852.70373684
132 9856.47614223
133 9859.77430237
134 9862.70600028
135 9866.41373587
136 9868.91430173
137 9871.73821662
138 9874.17411268
139 9876.67467854
140 9878.89500857
141 9881.02911219
142 9883.14165921
143 9885.14642322
144 9887.23741364
145 9888.98349842
146 9890.85892282
147 9892.38944158
148 9893.96307354
149 9895.10557346
150 9896.74387523
151 9898.16661098
152 9899.46000711
153 9900.49472402
154 9901.44321452
155 9902.86595027
156 9903.81444077
157 9905.1293935
158 9906.20722362
159 9907.22038392
160 9907.78085558
161 9908.79401589
162 9909.80717619
163 9910.69099689
164 9911.57481758
165 9912.60953449
166 9913.665808
167 9914.42028907
168 9915.34722297
169 9916.29571347
170 9917.20109076
171 9918.04179825
172 9918.88250574
173 9919.72321323
174 9920.4130245
175 9921.16750558
176 9921.94354326
177 9923.04292997
178 9923.88363746
179 9924.74590155
180 9925.47882603
181 9926.36264672
182 9927.18179761
183 9928.23807112
184 9929.057222
185 9929.72547667
186 9930.30750493
187 9931.16976902
188 9931.8811369
189 9932.65717458
190 9933.54099527
191 9934.33858955
192 9935.35174986
193 9936.25712715
194 9937.16250445
195 9937.6583063
196 9938.32656097
197 9939.01637224
198 9939.6415137
199 9940.69778721
200 9941.58160791
201 9942.443872
202 9943.13368327
203 9943.97439076
204 9944.75042844
205 9945.59113593
206 9946.53962642
207 9947.2941075
208 9948.52283383
209 9949.29887151
210 9949.90245637
211 9950.63538085
212 9951.67009776
213 9952.38146563
214 9952.92038069
215 9953.86887119
216 9954.47245605
217 9955.22693713
218 9955.95986161
219 9956.75745589
220 9957.36104075
221 9958.02929542
222 9958.7406633
223 9959.27957835
224 9960.05561603
225 9961.04721974
226 9961.58613479
227 9962.08193665
228 9962.85797433
229 9963.41844598
230 9964.32382328
231 9965.09986096
232 9965.81122883
233 9966.65193632
234 9967.55731362
235 9968.24712489
236 9968.76448334
237 9969.84231345
238 9970.33811531
239 9971.15726619
240 9971.86863407
241 9972.58000194
242 9973.1835868
243 9973.87339807
244 9974.56320935
245 9974.99434139
246 9975.64103946
247 9976.15839791
248 9976.93443559
249 9977.51646385
250 9978.29250154
251 9978.63740717
252 9979.37033165
253 9979.77990709
254 9980.25415234
255 9980.64217118
256 9981.22419944
257 9981.56910508
258 9982.06490693
259 9982.47448237
260 9983.16429364
261 9983.63853889
262 9984.06967094
263 9984.41457657
264 9984.93193503
265 9985.29839727
266 9985.70797271
267 9986.09599155
268 9986.46245379
269 9986.82891603
270 9987.23849147
271 9987.4971707
272 9987.88518954
273 9988.25165177
274 9988.57500081
275 9988.94146305
276 9989.32948189
277 9989.4803781
278 9989.76061393
279 9989.97617995
280 9990.21330258
281 9990.49353841
282 9990.88155725
283 9991.14023648
284 9991.42047231
285 9991.70070813
286 9992.02405717
287 9992.39051941
288 9992.54141562
289 9992.67075524
290 9992.75698164
291 9992.90787786
292 9993.08033068
293 9993.33900991
294 9993.59768913
295 9993.72702875
296 9993.89948156
297 9994.00726457
298 9994.13660419
299 9994.48150982
300 9994.67551924
301 9994.86952866
302 9995.02042488
303 9995.30066071
304 9995.47311353
305 9995.64556635
306 9995.75334936
307 9995.96891538
308 9996.05514179
309 9996.1198116
310 9996.1629248
311 9996.31382102
312 9996.37849082
313 9996.55094364
314 9996.72339646
315 9996.87429267
316 9996.96051908
317 9997.06830209
318 9997.1329719
319 9997.26231151
320 9997.39165113
321 9997.54254734
322 9997.58566055
323 9997.67188696
324 9997.69344356
325 9997.77966997
326 9997.86589638
327 9998.01679259
328 9998.0599058
329 9998.14613221
330 9998.16768881
331 9998.21080201
332 9998.23235862
333 9998.29702842
334 9998.42636804
335 9998.49103784
336 9998.55570765
337 9998.59882085
338 9998.68504726
339 9998.72816047
340 9998.81438688
341 9998.81438688
342 9998.81438688
343 9998.83594348
344 9998.87905668
345 9998.92216989
346 9998.96528309
347 9998.98683969
348 9998.98683969
349 9999.0299529
350 9999.0299529
351 9999.0730661
352 9999.0730661
353 9999.0730661
354 9999.11617931
355 9999.11617931
356 9999.11617931
357 9999.11617931
358 9999.13773591
359 9999.15929251
360 9999.15929251
361 9999.15929251
362 9999.15929251
363 9999.18084911
364 9999.18084911
365 9999.20240572
366 9999.22396232
367 9999.22396232
368 9999.24551892
369 9999.24551892
370 9999.24551892
371 9999.26707552
372 9999.26707552
373 9999.28863213
374 9999.33174533
375 9999.33174533
376 9999.35330193
377 9999.35330193
378 9999.39641514
379 9999.39641514
380 9999.43952834
381 9999.43952834
382 9999.46108494
383 9999.50419815
384 9999.52575475
385 9999.54731135
386 9999.54731135
387 9999.54731135
388 9999.54731135
389 9999.54731135
390 9999.54731135
391 9999.54731135
392 9999.56886796
393 9999.59042456
394 9999.61198116
395 9999.61198116
396 9999.61198116
397 9999.61198116
398 9999.61198116
399 9999.61198116
400 9999.61198116
401 9999.61198116
402 9999.61198116
403 9999.61198116
406 9999.63353776
407 9999.63353776
408 9999.63353776
409 9999.63353776
410 9999.65509436
411 9999.65509436
412 9999.65509436
413 9999.65509436
414 9999.65509436
415 9999.65509436
416 9999.65509436
417 9999.65509436
418 9999.65509436
419 9999.65509436
424 9999.67665097
425 9999.69820757
426 9999.69820757
427 9999.69820757
428 9999.69820757
429 9999.69820757
430 9999.69820757
431 9999.69820757
432 9999.69820757
433 9999.69820757
434 9999.69820757
446 9999.71976417
447 9999.71976417
448 9999.71976417
449 9999.74132077
450 9999.74132077
451 9999.74132077
452 9999.74132077
453 9999.74132077
454 9999.74132077
455 9999.76287738
456 9999.76287738
457 9999.76287738
458 9999.76287738
459 9999.78443398
460 9999.78443398
461 9999.78443398
462 9999.80599058
463 9999.80599058
464 9999.80599058
465 9999.84910378
466 9999.84910378
467 9999.84910378
468 9999.87066039
469 9999.89221699
470 9999.89221699
471 9999.89221699
472 9999.89221699
473 9999.89221699
474 9999.89221699
475 9999.91377359
476 9999.91377359
477 9999.91377359
478 9999.91377359
479 9999.91377359
480 9999.91377359
481 9999.91377359
482 9999.91377359
483 9999.91377359
484 9999.91377359
493 9999.93533019
494 9999.93533019
495 9999.93533019
496 9999.93533019
497 9999.93533019
498 9999.93533019
499 9999.93533019
500 9999.93533019
501 9999.93533019
502 9999.93533019
565 9999.9568868
566 9999.9568868
567 9999.9568868
568 9999.9568868
569 9999.9568868
570 9999.9784434
571 9999.9784434
572 9999.9784434
573 9999.9784434
574 9999.9784434
575 9999.9784434
576 9999.9784434
577 9999.9784434
578 9999.9784434
579 9999.9784434
1501 10000.0
