0 0.0
1 0.0
2 0.0
3 0.0
4 0.0
5 0.0
6 0.0
7 0.0
8 0.0
26 0.0513215293816
27 0.102643058763
28 0.102643058763
29 0.102643058763
30 0.102643058763
31 0.102643058763
32 0.153964588145
33 0.153964588145
34 0.153964588145
35 0.153964588145
36 0.153964588145
37 0.153964588145
38 0.153964588145
39 0.153964588145
40 0.153964588145
41 0.153964588145
42 0.205286117526
43 0.307929176289
44 0.359250705671
45 0.359250705671
46 0.359250705671
47 0.359250705671
48 0.359250705671
49 0.359250705671
50 0.359250705671
51 0.410572235053
52 0.461893764434
53 0.461893764434
54 0.461893764434
55 0.461893764434
56 0.513215293816
57 0.564536823197
58 0.564536823197
59 0.564536823197
60 0.615858352579
61 0.66717988196
62 0.66717988196
63 0.769822940724
64 0.769822940724
65 0.821144470105
66 0.872465999487
67 0.872465999487
68 0.872465999487
69 0.872465999487
70 0.97510905825
71 0.97510905825
72 1.02643058763
73 1.07775211701
74 1.07775211701
75 1.12907364639
76 1.18039517578
77 1.23171670516
78 1.28303823454
79 1.28303823454
80 1.33435976392
81 1.3856812933
82 1.48832435207
83 1.53964588145
84 1.53964588145
85 1.59096741083
86 1.64228894021
87 1.74493199897
88 1.74493199897
89 1.84757505774
90 1.9502181165
91 2.00153964588
92 2.00153964588
93 2.15550423403
94 2.30946882217
95 2.46343341032
96 2.46343341032
97 2.5147549397
98 2.61739799846
99 2.66871952784
100 2.92532717475
101 3.07929176289
102 3.23325635104
103 3.28457788042
104 3.38722093918
105 3.43854246857
106 3.59250705671
107 3.74647164486
108 3.84911470362
109 3.84911470362
110 3.900436233
111 3.900436233
112 4.05440082114
113 4.05440082114
114 4.10572235053
115 4.31100846805
116 4.31100846805
117 4.51629458558
118 4.67025917372
119 4.82422376187
120 4.87554529125
121 4.97818835001
122 5.02950987939
123 5.18347446754
124 5.2861175263
125 5.38876058507
126 5.38876058507
127 5.38876058507
128 5.59404670259
129 5.74801129074
130 5.8506543495
131 5.90197587888
132 6.05594046703
133 6.26122658455
134 6.31254811393
135 6.31254811393
136 6.46651270208
137 6.56915576084
138 6.87708493713
139 7.39030023095
140 7.74955093662
141 8.10880164229
142 8.41673081858
143 8.6220169361
144 8.98126764178
145 9.34051834745
146 9.44316140621
147 9.69976905312
148 10.0590197588
149 10.3669489351
150 10.4695919938
151 10.6748781114
152 10.9828072877
153 11.2907364639
154 11.2907364639
155 11.6499871696
156 11.8039517578
157 11.9579163459
158 12.0092378753
159 12.2658455222
160 12.3171670516
161 12.4711316397
162 12.779060816
163 13.0869899923
164 13.2409545804
165 13.3949191686
166 13.446240698
167 13.6002052861
168 13.856812933
169 14.0107775212
170 14.3700282268
171 14.523992815
172 14.8319219913
173 14.9858865794
174 15.3451372851
175 15.7043879908
176 15.9096741083
177 16.0123171671
178 16.1662817552
179 16.3715678727
180 16.5768539902
181 17.0387477547
182 17.2953554016
183 17.7059276366
184 17.9112137542
185 18.2191429305
186 18.4757505774
187 18.8863228124
188 19.3995381062
189 19.8614318707
190 20.2720041057
191 20.5286117526
192 20.7852193995
193 21.0418270464
194 21.7603284578
195 22.0682576341
196 22.4275083397
197 22.6327944573
198 23.2486528099
199 23.8645111624
200 25.0962278676
201 41.7757249166
202 66.1534513729
203 141.134205799
204 269.540672312
205 423.146009751
206 586.091865538
207 702.07852194
208 772.389017193
209 812.368488581
210 838.747754683
211 858.301257377
212 874.570182191
213 887.862458301
214 898.79394406
215 908.288426995
216 918.398768283
217 927.380035925
218 938.362843213
219 949.140364383
220 958.583525789
221 966.948935078
222 974.23659225
223 981.011034129
224 987.888119066
225 993.32820118
226 997.587888119
227 1001.02643059
228 1004.36233
229 1006.51783423
230 1008.36540929
231 1009.75109058
232 1011.03412882
233 1012.26584552
234 1014.62663587
235 1015.80703105
236 1017.19271234
237 1018.06517834
238 1019.34821658
239 1021.09314858
240 1023.19733128
241 1025.76340775
242 1028.27816269
243 1030.43366692
244 1032.38388504
245 1033.97485245
246 1035.05260457
247 1036.48960739
248 1038.13189633
249 1039.8255068
250 1041.05722351
251 1043.16140621
252 1044.85501668
253 1046.49730562
254 1047.72902232
255 1048.80677444
256 1050.85963562
257 1052.14267385
258 1053.52835514
259 1055.3759302
260 1056.7616115
261 1058.40390044
262 1059.7382602
263 1060.96997691
264 1062.76623043
265 1064.04926867
266 1065.53759302
267 1067.33384655
268 1069.02745702
269 1070.51578137
270 1072.10674878
271 1073.13317937
272 1074.62150372
273 1076.46907878
274 1077.75211701
275 1079.49704901
276 1080.88273031
277 1082.78162689
278 1085.70695407
279 1089.65871183
280 1094.79086477
281 1098.84526559
282 1102.43777265
283 1105.31177829
284 1107.46728253
285 1109.72542982
286 1112.08622017
287 1114.2417244
288 1115.67872723
289 1117.62894534
290 1119.83577111
291 1122.65845522
292 1125.5837824
293 1128.09853734
294 1131.02386451
295 1133.64126251
296 1136.20733898
297 1139.18398768
298 1142.26327945
299 1145.34257121
300 1147.54939697
301 1149.96150885
302 1152.16833462
303 1154.78573261
304 1157.35180908
305 1159.86656402
306 1162.17603285
307 1164.22889402
308 1165.81986143
309 1167.97536567
310 1169.97690531
311 1171.82448037
312 1173.9799846
313 1175.82755966
314 1177.72645625
315 1179.93328201
316 1182.08878625
317 1183.88503977
318 1186.34847318
319 1190.14626636
320 1193.99538106
321 1199.94867847
322 1203.33589941
323 1205.95329741
324 1208.31408776
325 1210.16166282
326 1212.36848858
327 1213.8054914
328 1215.34513729
329 1216.67949705
330 1217.96253528
331 1219.19425199
332 1220.57993328
333 1221.81164999
334 1223.09468822
335 1224.58301257
336 1225.86605081
337 1227.40569669
338 1228.79137798
339 1230.53630998
340 1231.92199128
341 1233.7182448
342 1235.41185527
343 1237.97793174
344 1239.8255068
345 1242.64819092
346 1245.9327688
347 1250.44906338
348 1257.22350526
349 1267.64177572
350 1283.91070054
351 1305.61970747
352 1337.49037721
353 1380.85706954
354 1445.98409033
355 1525.01924557
356 1623.29997434
357 1748.16525532
358 1904.23402617
359 2074.82678984
360 2273.59507313
361 2481.19065948
362 2710.3926097
363 2962.84321273
364 3212.9330254
365 3454.65742879
366 3679.54837054
367 3906.33820888
368 4117.93687452
369 4310.54657429
370 4487.60585065
371 4636.74621504
372 4772.59430331
373 4896.073903
374 5003.69515012
375 5093.55914806
376 5170.02822684
377 5235.4631768
378 5293.66179112
379 5351.24454709
380 5401.38568129
381 5445.11162433
382 5484.47523736
383 5520.75955863
384 5553.29740826
385 5580.34385425
386 5605.49140364
387 5626.94380293
388 5646.39466256
389 5661.58583526
390 5676.98229407
391 5689.65871183
392 5699.92301771
393 5708.80164229
394 5715.6274057
395 5722.55581216
396 5728.25250192
397 5732.87143957
398 5736.46394663
399 5738.97870157
400 5741.90402874
401 5744.16217603
402 5746.21503721
403 5747.85732615
404 5749.80754426
405 5751.65511932
406 5753.65665897
407 5755.86348473
408 5758.37823967
409 5760.22581473
410 5761.9194252
411 5763.97228637
412 5766.2817552
413 5767.77007955
414 5769.77161919
415 5771.67051578
416 5774.33923531
417 5776.49473954
418 5779.83063895
419 5781.98614319
420 5784.91147036
421 5787.68283295
422 5790.96741083
423 5794.25198871
424 5797.69053118
425 5801.18039518
426 5804.56761611
427 5808.05748011
428 5810.8288427
429 5814.21606364
430 5817.24403387
431 5819.55350269
432 5821.86297152
433 5823.91583269
434 5826.27662304
435 5828.94534257
436 5831.10084681
437 5832.89710033
438 5834.33410316
439 5835.4631768
440 5836.69489351
441 5838.02925327
442 5839.10700539
443 5840.54400821
444 5842.23761868
445 5845.4195535
446 5849.47395432
447 5852.7585322
448 5855.94046703
449 5857.42879138
450 5858.81447267
451 5860.14883244
452 5861.27790608
453 5862.25301514
454 5863.02283808
455 5863.53605337
456 5864.40851937
457 5865.07569926
458 5865.74287914
459 5866.41005902
460 5866.92327431
461 5867.17988196
462 5867.9497049
463 5868.36027714
464 5869.02745702
465 5869.43802925
466 5869.79727996
467 5870.15653066
468 5870.61842443
469 5871.08031819
470 5871.49089043
471 5871.7988196
472 5872.15807031
473 5872.46599949
474 5872.72260713
475 5873.08185784
476 5873.49243007
477 5873.69771619
478 5873.80035925
479 5874.15960996
480 5874.67282525
481 5874.98075443
482 5875.34000513
483 5875.69925584
484 5875.95586348
485 5876.26379266
486 5876.77700795
487 5877.59815242
488 5877.9060816
489 5878.26533231
490 5879.24044137
491 5879.6510136
492 5880.16422889
493 5880.88273031
494 5881.34462407
495 5881.85783936
496 5882.47369772
497 5883.29484219
498 5883.96202207
499 5884.83448807
500 5885.50166795
501 5886.32281242
502 5887.09263536
503 5887.8624583
504 5888.58095971
505 5889.45342571
506 5890.27457018
507 5890.63382089
508 5891.09571465
509 5891.66025148
510 5892.73800359
511 5893.14857583
512 5894.17500642
513 5895.61200924
514 5897.818835
515 5900.69284065
516 5904.90120606
517 5908.90428535
518 5912.29150629
519 5915.57608417
520 5917.7315884
521 5919.52784193
522 5920.75955863
523 5921.83731075
524 5923.17167052
525 5924.35206569
526 5925.68642546
527 5926.30228381
528 5926.96946369
529 5927.84192969
530 5928.40646651
531 5929.27893251
532 5930.10007698
533 5930.71593533
534 5931.02386451
535 5931.38311522
536 5931.69104439
537 5931.89633051
538 5932.25558122
539 5932.71747498
540 5933.02540416
541 5933.38465486
542 5933.58994098
543 5933.89787016
544 5934.1544778
545 5934.61637157
546 5934.77033616
547 5935.12958686
548 5935.43751604
549 5936.05337439
550 5936.36130357
551 5937.02848345
552 5938.00359251
553 5938.77341545
554 5939.59455992
555 5940.72363356
556 5941.85270721
557 5943.7516038
558 5945.44521427
559 5947.6007185
560 5949.85886579
561 5951.86040544
562 5954.27251732
563 5956.88991532
564 5960.63638696
565 5964.63946626
566 5968.07800872
567 5971.61919425
568 5975.05773672
569 5978.29099307
570 5981.21632025
571 5985.42468566
572 5988.86322812
573 5992.30177059
574 5995.43238389
575 5998.87092635
576 6002.66871953
577 6006.00461894
578 6008.31408776
579 6011.29073646
580 6013.90813446
581 6015.80703105
582 6017.60328458
583 6019.9127534
584 6021.50372081
585 6022.5301514
586 6023.50526046
587 6024.73697716
588 6026.07133693
589 6027.50833975
590 6028.27816269
591 6028.74005645
592 6029.04798563
593 6029.81780857
594 6030.48498845
595 6030.84423916
596 6031.46009751
597 6031.66538363
598 6032.02463433
599 6032.4865281
600 6032.79445727
601 6032.99974339
602 6033.3589941
603 6033.41031563
604 6033.7182448
605 6033.92353092
606 6034.07749551
607 6034.33410316
608 6034.74467539
609 6035.05260457
610 6035.20656916
611 6035.56581986
612 6035.77110598
613 6036.18167821
614 6036.54092892
615 6036.79753657
616 6037.05414421
617 6037.41339492
618 6037.77264562
619 6038.02925327
620 6038.49114704
621 6038.90171927
622 6039.26096998
623 6039.51757762
624 6039.8255068
625 6040.54400821
626 6041.00590198
627 6041.46779574
628 6041.9296895
629 6042.23761868
630 6042.59686939
631 6042.95612009
632 6043.41801386
633 6044.03387221
634 6044.5470875
635 6044.90633821
636 6045.36823197
637 6045.88144727
638 6046.2920195
639 6046.59994868
640 6047.11316397
641 6047.57505774
642 6048.0369515
643 6048.44752374
644 6049.31998974
645 6049.93584809
646 6050.70567103
647 6051.5268155
648 6052.91249679
649 6053.88760585
650 6054.65742879
651 6055.8891455
652 6057.06954067
653 6058.30125738
654 6060.09751091
655 6061.58583526
656 6063.48473185
657 6065.38362843
658 6067.43648961
659 6069.54067231
660 6071.38824737
661 6073.74903772
662 6075.75057737
663 6078.11136772
664 6080.5234796
665 6083.19219913
666 6085.34770336
667 6088.17038748
668 6090.83910701
669 6093.86707724
670 6097.97279959
671 6100.94944829
672 6103.82345394
673 6106.49217347
674 6108.90428535
675 6111.72696946
676 6113.3692584
677 6114.85758276
678 6116.75647934
679 6117.83423146
680 6118.70669746
681 6119.98973569
682 6121.17013087
683 6121.88863228
684 6122.65845522
685 6123.47959969
686 6124.40338722
687 6125.12188863
688 6125.73774698
689 6126.04567616
690 6126.61021298
691 6127.17474981
692 6127.63664357
693 6127.84192969
694 6128.2011804
695 6128.5604311
696 6129.12496792
697 6129.33025404
698 6129.53554016
699 6129.94611239
700 6130.20272004
701 6130.45932769
702 6130.56197075
703 6130.81857839
704 6130.92122145
705 6131.07518604
706 6131.12650757
707 6131.22915063
708 6131.43443675
709 6131.63972286
710 6131.74236592
711 6131.89633051
712 6131.99897357
713 6132.10161663
714 6132.35822428
715 6132.51218886
716 6132.71747498
717 6133.07672569
718 6133.2820118
719 6133.43597639
720 6133.58994098
721 6133.84654863
722 6134.10315627
723 6134.51372851
724 6134.61637157
725 6134.97562227
726 6135.23222992
727 6135.64280216
728 6136.15601745
729 6136.72055427
730 6137.02848345
731 6137.6443418
732 6138.36284321
733 6139.23530921
734 6139.95381062
735 6140.46702592
736 6141.18552733
737 6142.05799333
738 6142.72517321
739 6143.59763921
740 6143.90556839
741 6144.88067744
742 6145.95842956
743 6146.83089556
744 6147.70336156
745 6148.52450603
746 6149.85886579
747 6151.44983321
748 6152.42494226
749 6153.55401591
750 6153.96458814
751 6154.78573261
752 6156.27405697
753 6157.1978445
754 6158.0703105
755 6158.78881191
756 6159.76392096
757 6160.84167308
758 6161.56017449
759 6162.38131896
760 6162.94585579
761 6163.86964332
762 6164.48550167
763 6165.05003849
764 6166.07646908
765 6166.48704131
766 6167.05157814
767 6167.87272261
768 6168.28329484
769 6168.84783167
770 6169.46369002
771 6170.23351296
772 6171.05465743
773 6171.82448037
774 6172.33769566
775 6172.85091096
776 6173.51809084
777 6174.33923531
778 6175.21170131
779 6175.67359507
780 6176.64870413
781 6177.77777778
782 6178.95817295
783 6180.39517578
784 6181.57557095
785 6183.01257377
786 6184.55221966
787 6185.93790095
788 6187.58018989
789 6189.73569412
790 6191.07005389
791 6192.25044906
792 6193.37952271
793 6194.61123941
794 6195.63767
795 6197.33128047
796 6198.76828329
797 6200.41057224
798 6202.30946882
799 6204.36233
800 6205.79933282
801 6207.3389787
802 6208.87862458
803 6210.00769823
804 6211.23941493
805 6212.41981011
806 6213.65152682
807 6215.5504234
808 6216.98742623
809 6218.11649987
810 6219.34821658
811 6220.11803952
812 6221.19579163
813 6221.96561458
814 6222.78675905
815 6223.71054657
816 6224.12111881
817 6224.53169104
818 6224.83962022
819 6225.5068001
820 6225.96869387
821 6226.58455222
822 6226.8924814
823 6227.2517321
824 6227.45701822
825 6227.71362587
826 6228.17551963
827 6228.58609187
828 6229.09930716
829 6229.97177316
830 6233.51295869
831 6239.31229151
832 6252.24531691
833 6275.08339749
834 6313.3692584
835 6353.55401591
836 6403.79779317
837 6462.15037208
838 6508.23710547
839 6557.81370285
840 6591.07005389
841 6622.99204516
842 6647.62637927
843 6672.61996407
844 6689.86399795
845 6704.74724147
846 6717.16705158
847 6726.86682063
848 6736.72055427
849 6744.1108545
850 6751.24454709
851 6757.04387991
852 6762.99717732
853 6767.82140108
854 6772.28637413
855 6776.13548884
856 6781.31896331
857 6784.75750577
858 6788.2986913
859 6791.83987683
860 6794.55991789
861 6797.58788812
862 6799.74339235
863 6801.69361047
864 6803.54118553
865 6805.234796
866 6806.20990506
867 6807.59558635
868 6808.77598152
869 6809.54580446
870 6810.36694894
871 6810.67487811
872 6811.44470105
873 6811.85527329
874 6812.88170387
875 6813.85681293
876 6814.98588658
877 6816.01231717
878 6817.03874775
879 6817.65460611
880 6818.68103669
881 6819.81011034
882 6821.04182705
883 6821.91429305
884 6823.14600975
885 6824.17244034
886 6824.89094175
887 6825.81472928
888 6826.8924814
889 6828.22684116
890 6829.56120092
891 6831.30613292
892 6832.53784963
893 6834.2314601
894 6835.56581986
895 6837.46471645
896 6839.56889915
897 6841.41647421
898 6843.3153708
899 6845.11162433
900 6846.59994868
901 6848.75545291
902 6850.91095715
903 6853.37439056
904 6855.47857326
905 6858.35257891
906 6860.81601232
907 6863.5873749
908 6865.8455222
909 6868.92481396
910 6871.64485502
911 6875.59661278
912 6878.82986913
913 6881.3959456
914 6883.96202207
915 6886.93867077
916 6889.76135489
917 6892.89196818
918 6896.43315371
919 6899.30715935
920 6902.02720041
921 6905.10649217
922 6908.33974852
923 6910.85450346
924 6913.77983064
925 6916.29458558
926 6918.6040544
927 6920.96484475
928 6923.99281499
929 6926.55889145
930 6929.58686169
931 6931.69104439
932 6933.53861945
933 6935.5401591
934 6937.69566333
935 6939.3892738
936 6941.18552733
937 6942.72517321
938 6944.36746215
939 6945.39389274
940 6946.57428791
941 6947.75468309
942 6948.93507827
943 6949.91018732
944 6951.0905825
945 6952.11701309
946 6952.8355145
947 6953.50269438
948 6954.42648191
949 6955.4529125
950 6956.3253785
951 6956.94123685
952 6957.50577367
953 6958.0703105
954 6958.63484732
955 6958.94277649
956 6959.14806261
957 6959.81524249
958 6960.07185014
959 6960.48242238
960 6960.84167308
961 6961.0469592
962 6961.35488838
963 6961.81678214
964 6962.17603285
965 6962.84321273
966 6963.20246343
967 6963.61303567
968 6963.92096484
969 6964.33153708
970 6964.58814473
971 6965.10136002
972 6965.35796767
973 6965.7685399
974 6966.17911214
975 6966.58968437
976 6967.1542212
977 6967.5134719
978 6968.07800872
979 6968.23197331
980 6968.79651014
981 6969.00179625
982 6969.51501155
983 6970.23351296
984 6970.38747755
985 6970.90069284
986 6971.31126508
987 6971.82448037
988 6972.54298178
989 6972.95355402
990 6973.15884013
991 6973.67205543
992 6974.28791378
993 6974.64716449
994 6974.95509366
995 6975.10905825
996 6975.62227354
997 6976.08416731
998 6976.2381319
999 6976.54606107
1000 6976.90531178
1001 6977.4698486
1002 6977.82909931
1003 6978.18835001
1004 6978.39363613
1005 6978.54760072
1006 6978.95817295
1007 6979.47138825
1008 6979.83063895
1009 6980.0872466
1010 6980.24121119
1011 6980.54914036
1012 6981.01103413
1013 6981.31896331
1014 6981.52424942
1015 6981.78085707
1016 6982.34539389
1017 6982.49935848
1018 6982.96125225
1019 6983.47446754
1020 6983.83371824
1021 6984.09032589
1022 6984.29561201
1023 6984.65486271
1024 6984.91147036
1025 6985.21939954
1026 6985.83525789
1027 6986.1945086
1028 6986.39979471
1029 6986.96433154
1030 6987.16961765
1031 6987.52886836
1032 6987.99076212
1033 6988.24736977
1034 6988.70926354
1035 6988.91454965
1036 6989.1711573
1037 6989.47908648
1038 6990.09494483
1039 6990.30023095
1040 6990.55683859
1041 6991.53194765
1042 6992.30177059
1043 6992.55837824
1044 6993.32820118
1045 6993.84141647
1046 6994.4059533
1047 6994.86784706
1048 6995.32974083
1049 6995.89427765
1050 6996.25352836
1051 6996.92070824
1052 6997.33128047
1053 6997.69053118
1054 6998.51167565
1055 6999.127534
1056 6999.84603541
1057 7000.97510906
1058 7001.53964588
1059 7002.1041827
1060 7002.46343341
1061 7002.92532717
1062 7003.59250706
1063 7004.05440082
1064 7004.77290223
1065 7005.64536823
1066 7006.82576341
1067 7007.44162176
1068 7008.05748011
1069 7008.98126764
1070 7010.46959199
1071 7011.64998717
1072 7013.18963305
1073 7014.42134976
1074 7015.49910187
1075 7016.98742623
1076 7018.52707211
1077 7019.81011034
1078 7020.99050552
1079 7022.32486528
1080 7023.86451116
1081 7024.78829869
1082 7025.55812163
1083 7027.14908904
1084 7028.53477034
1085 7030.27970234
1086 7031.51141904
1087 7032.99974339
1088 7034.33410316
1089 7035.25789069
1090 7036.8488581
1091 7038.28586092
1092 7039.8255068
1093 7041.10854503
1094 7042.4429048
1095 7043.82858609
1096 7045.26558891
1097 7046.54862715
1098 7047.78034385
1099 7048.85809597
1100 7049.67924044
1101 7050.50038491
1102 7051.42417244
1103 7052.55324609
1104 7053.6309982
1105 7054.5034642
1106 7055.47857326
1107 7056.35103926
1108 7057.22350526
1109 7057.89068514
1110 7058.50654349
1111 7059.58429561
1112 7059.84090326
1113 7060.55940467
1114 7061.17526302
1115 7061.79112138
1116 7062.81755196
1117 7063.27944573
1118 7064.1005902
1119 7065.02437773
1120 7065.38362843
1121 7065.8455222
1122 7066.82063125
1123 7067.43648961
1124 7068.25763408
1125 7068.56556325
1126 7069.48935078
1127 7069.95124455
1128 7070.87503208
1129 7071.54221196
1130 7072.00410572
1131 7072.82525019
1132 7073.44110855
1133 7073.95432384
1134 7074.36489607
1135 7075.03207596
1136 7075.75057737
1137 7076.21247113
1138 7076.93097254
1139 7077.9060816
1140 7078.47061842
1141 7079.03515525
1142 7079.70233513
1143 7080.16422889
1144 7080.78008725
1145 7081.60123172
1146 7082.16576854
1147 7082.98691301
1148 7083.5001283
1149 7084.16730819
1150 7085.14241724
1151 7085.86091866
1152 7086.68206313
1153 7087.65717218
1154 7087.96510136
1155 7088.7349243
1156 7089.81267642
1157 7090.63382089
1158 7091.24967924
1159 7092.12214524
1160 7093.04593277
1161 7093.86707724
1162 7094.63690018
1163 7095.76597383
1164 7096.5871183
1165 7097.92147806
1166 7099.46112394
1167 7101.10341288
1168 7101.82191429
1169 7103.25891712
1170 7104.74724147
1171 7106.33820888
1172 7108.18578394
1173 7109.36617911
1174 7111.21375417
1175 7112.4967924
1176 7114.44701052
1177 7116.14062099
1178 7117.57762381
1179 7119.21991275
1180 7121.32409546
1181 7122.65845522
1182 7124.76263793
1183 7126.40492687
1184 7128.45778804
1185 7129.63818322
1186 7131.5370798
1187 7133.07672569
1188 7135.07826533
1189 7137.2850911
1190 7139.33795227
1191 7141.1342058
1192 7143.18706697
1193 7145.39389274
1194 7147.6007185
1195 7149.80754426
1196 7151.70644085
1197 7153.75930203
1198 7155.96612779
1199 7158.48088273
1200 7160.58506543
1201 7162.58660508
1202 7164.58814473
1203 7166.17911214
1204 7168.28329484
1205 7170.43879908
1206 7172.33769566
1207 7173.77469849
1208 7174.95509366
1209 7177.21324095
1210 7179.26610213
1211 7181.42160636
1212 7182.55068001
1213 7184.03900436
1214 7185.98922248
1215 7187.16961765
1216 7188.45265589
1217 7189.78701565
1218 7190.86476777
1219 7192.35309212
1220 7193.94405953
1221 7195.07313318
1222 7196.40749294
1223 7197.74185271
1224 7198.97356941
1225 7200.05132153
1226 7201.02643059
1227 7202.46343341
1228 7203.74647164
1229 7204.77290223
1230 7205.33743906
1231 7206.4665127
1232 7207.44162176
1233 7208.77598152
1234 7209.80241211
1235 7211.13677188
1236 7212.16320246
1237 7213.03566846
1238 7214.01077752
1239 7214.88324352
1240 7215.60174493
1241 7216.52553246
1242 7217.75724917
1243 7218.57839364
1244 7219.45085964
1245 7220.06671799
1246 7221.29843469
1247 7222.22222222
1248 7223.24865281
1249 7224.22376187
1250 7225.25019246
1251 7225.86605081
1252 7226.73851681
1253 7227.35437516
1254 7228.27816269
1255 7228.84269951
1256 7229.40723634
1257 7230.33102386
1258 7231.30613292
1259 7231.71670516
1260 7232.12727739
1261 7232.64049269
1262 7233.51295869
1263 7233.97485245
1264 7234.79599692
1265 7235.15524763
1266 7235.92507057
1267 7236.59225045
1268 7237.46471645
1269 7238.0805748
1270 7239.05568386
1271 7239.41493457
1272 7240.13343598
1273 7240.54400821
1274 7241.21118809
1275 7241.87836798
1276 7242.18629715
1277 7242.4429048
1278 7242.90479856
1279 7243.57197844
1280 7244.08519374
1281 7244.49576597
1282 7245.36823197
1283 7245.72748268
1284 7245.98409033
1285 7246.65127021
1286 7247.01052091
1287 7247.62637927
1288 7247.88298691
1289 7248.19091609
1290 7248.65280985
1291 7248.9094175
1292 7249.57659738
1293 7250.24377726
1294 7250.70567103
1295 7251.11624326
1296 7251.68078009
1297 7252.45060303
1298 7252.80985373
1299 7253.22042597
1300 7253.68231973
1301 7254.04157044
1302 7254.5034642
1303 7254.81139338
1304 7255.11932256
1305 7255.63253785
1306 7256.09443161
1307 7256.40236079
1308 7256.81293303
1309 7257.22350526
1310 7257.89068514
1311 7258.14729279
1312 7258.35257891
1313 7258.71182961
1314 7258.91711573
1315 7259.37900949
1316 7259.63561714
1317 7259.84090326
1318 7260.04618938
1319 7260.40544008
1320 7260.66204773
1321 7260.71336926
1322 7260.91865538
1323 7261.58583526
1324 7262.20169361
1325 7262.61226585
1326 7263.12548114
1327 7263.43341032
1328 7263.69001796
1329 7263.84398255
1330 7264.04926867
1331 7264.25455479
1332 7264.66512702
1333 7265.07569926
1334 7265.38362843
1335 7265.94816526
1336 7265.99948678
1337 7266.15345137
1338 7266.51270208
1339 7266.97459584
1340 7267.38516808
1341 7267.74441878
1342 7268.30895561
1343 7268.71952784
1344 7269.18142161
1345 7269.38670772
1346 7269.48935078
1347 7269.59199384
1348 7269.79727996
1349 7270.00256608
1350 7270.41313831
1351 7270.66974596
1352 7271.02899666
1353 7271.23428278
1354 7271.49089043
1355 7271.69617655
1356 7272.10674878
1357 7272.36335643
1358 7272.61996407
1359 7272.72260713
1360 7272.92789325
1361 7273.23582243
1362 7273.44110855
1363 7273.59507313
1364 7273.85168078
1365 7273.90300231
1366 7274.10828843
1367 7274.26225302
1368 7274.31357454
1369 7274.51886066
1370 7274.51886066
1371 7274.62150372
1372 7274.98075443
1373 7275.2886836
1374 7275.59661278
1375 7276.05850654
1376 7276.31511419
1377 7276.57172184
1378 7276.87965101
1379 7277.23890172
1380 7277.44418784
1381 7277.70079548
1382 7277.9060816
1383 7278.11136772
1384 7278.57326148
1385 7278.62458301
1386 7278.98383372
1387 7279.34308442
1388 7279.54837054
1389 7279.85629972
1390 7280.01026431
1391 7280.31819348
1392 7280.42083654
1393 7280.67744419
1394 7280.78008725
1395 7281.29330254
1396 7281.60123172
1397 7281.85783936
1398 7282.06312548
1399 7282.31973313
1400 7282.47369772
1401 7282.6276623
1402 7282.78162689
1403 7283.24352066
1404 7283.39748525
1405 7283.70541442
1406 7283.85937901
1407 7284.06466513
1408 7284.32127277
1409 7284.68052348
1410 7285.03977419
1411 7285.45034642
1412 7285.80959713
1413 7286.06620477
1414 7286.47677701
1415 7286.93867077
1416 7287.19527842
1417 7287.65717218
1418 7288.06774442
1419 7288.88888889
1420 7289.24813959
1421 7289.81267642
1422 7290.83910701
1423 7291.91685912
1424 7292.78932512
1425 7294.22632794
1426 7295.76597383
1427 7297.56222735
1428 7299.61508853
1429 7301.36002053
1430 7303.51552476
1431 7306.13292276
1432 7308.18578394
1433 7310.44393123
1434 7313.72850911
1435 7316.19194252
1436 7319.68180652
1437 7324.55735181
1438 7328.61175263
1439 7334.05183474
1440 7338.92738004
1441 7344.21349756
1442 7349.19168591
1443 7356.27405697
1444 7362.2786759
1445 7369.72029766
1446 7378.95817295
1447 7387.37490377
1448 7398.255068
1449 7407.08237105
1450 7418.27046446
1451 7427.71362587
1452 7440.6979728
1453 7452.19399538
1454 7467.64177572
1455 7481.54991019
1456 7496.74108288
1457 7514.34436746
1458 7531.84500898
1459 7550.52604568
1460 7568.84783167
1461 7590.71080318
1462 7609.75109058
1463 7636.3356428
1464 7659.17372338
1465 7683.60277136
1466 7707.10803182
1467 7729.4328971
1468 7759.04541955
1469 7784.09032589
1470 7815.29381576
1471 7844.23915833
1472 7880.47215807
1473 7910.3926097
1474 7948.26789838
1475 7980.39517578
1476 8014.11342058
1477 8051.47549397
1478 8087.29792148
1479 8130.71593533
1480 8165.87118296
1481 8208.51937388
1482 8246.75391327
1483 8289.6073903
1484 8326.50756993
1485 8369.82294072
1486 8408.26276623
1487 8445.26558891
1488 8490.68514242
1489 8529.17628945
1490 8575.67359507
1491 8615.96099564
1492 8660.14883244
1493 8698.63997947
1494 8743.28971003
1495 8780.90839107
1496 8824.17244034
1497 8862.81755196
1498 8900.07698229
1499 8943.34103156
1500 8980.90839107
1501 10000.0
