0 0.0
1 0.0
2 0.0
3 0.0
4 0.0
5 0.0
6 0.0
7 0.0
8 0.0
33 0.0513241634161
34 0.0513241634161
35 0.0513241634161
36 0.0513241634161
37 0.0513241634161
38 0.0513241634161
39 0.0513241634161
40 0.102648326832
41 0.102648326832
42 0.153972490248
43 0.153972490248
44 0.205296653665
45 0.256620817081
46 0.256620817081
47 0.359269143913
48 0.359269143913
49 0.359269143913
50 0.359269143913
51 0.359269143913
52 0.410593307329
53 0.410593307329
54 0.461917470745
55 0.461917470745
56 0.461917470745
57 0.513241634161
58 0.564565797577
59 0.564565797577
60 0.564565797577
61 0.564565797577
62 0.718538287826
63 0.718538287826
64 0.769862451242
65 0.821186614658
66 0.821186614658
67 0.872510778074
68 0.975159104907
69 1.02648326832
70 1.02648326832
71 1.02648326832
72 1.02648326832
73 1.02648326832
74 1.12913159515
75 1.18045575857
76 1.23177992199
77 1.23177992199
78 1.33442824882
79 1.38575241224
80 1.43707657565
81 1.48840073907
82 1.5910490659
83 1.74502155615
84 1.79634571956
85 1.84766988298
86 2.00164237323
87 2.25826319031
88 2.30958735373
89 2.36091151714
90 2.46355984397
91 2.56620817081
92 2.66885649764
93 2.77150482447
94 2.92547731472
95 2.97680147814
96 3.13077396838
97 3.1820981318
98 3.4900431123
99 3.64401560255
100 3.69533976596
101 3.69533976596
102 3.79798809279
103 3.84931225621
104 3.95196058304
105 4.05460890987
106 4.05460890987
107 4.20858140012
108 4.31122972696
109 4.36255389037
110 4.61917470745
111 4.61917470745
112 4.61917470745
113 4.67049887087
114 4.92711968795
115 5.0810921782
116 5.0810921782
117 5.13241634161
118 5.23506466845
119 5.33771299528
120 5.38903715869
121 5.59433381236
122 5.59433381236
123 5.69698213919
124 5.90227879286
125 5.95360295627
126 6.00492711969
127 6.10757544652
128 6.31287210018
129 6.51816875385
130 6.92876206118
131 7.49332785876
132 8.05789365633
133 8.46848696366
134 8.72510778074
135 8.98172859782
136 9.18702525149
137 9.44364606857
138 9.75159104907
139 9.95688770273
140 10.110860193
141 10.3161568466
142 10.5214535003
143 10.6241018271
144 10.9833709711
145 11.2399917881
146 11.4452884418
147 11.6505850955
148 11.8558817491
149 12.0098542394
150 12.1638267296
151 12.3691233833
152 12.5230958735
153 12.831040854
154 12.9850133443
155 13.2929583248
156 13.6522274687
157 13.7035516321
158 13.9088482858
159 14.062820776
160 14.1141449394
161 14.3194415931
162 14.5247382468
163 14.8840073907
164 15.294600698
165 15.6025456785
166 15.7051940053
167 16.0131389858
168 16.4237322932
169 16.6803531102
170 16.7830014371
171 16.9369739273
172 17.0909464176
173 17.4502155615
174 17.8094847054
175 18.2200780127
176 18.4766988298
177 18.7846438103
178 19.2978854445
179 19.605830425
180 19.9650995689
181 20.3243687128
182 20.8889345104
183 21.0429070006
184 21.5048244714
185 21.8127694519
186 22.0693902689
187 22.4286594129
188 22.7879285568
189 22.941901047
190 23.557791008
191 23.8657359885
192 24.3789776227
193 24.78957093
194 40.7513857524
195 68.7743789776
196 167.111476083
197 291.110654896
198 628.874974338
199 783.566002874
200 861.989324574
201 889.653048655
202 903.510572778
203 912.594949702
204 920.601519195
205 927.273660439
206 933.329911722
207 937.897762266
208 944.775200164
209 954.064873743
210 965.099568877
211 975.774994868
212 983.114350236
213 989.735167317
214 995.278176966
215 999.69205502
216 1004.2085814
217 1008.16054198
218 1010.98337097
219 1013.39560665
220 1015.24327653
221 1016.62902895
222 1017.60418805
223 1018.27140218
224 1019.5031821
225 1021.55614863
226 1023.24984603
227 1024.17368097
228 1025.45678505
229 1026.43194416
230 1027.86902073
231 1030.0246356
232 1031.97495381
233 1035.25970027
234 1037.41531513
235 1039.0063642
236 1041.00800657
237 1042.29111065
238 1043.42024225
239 1044.95996715
240 1046.34571956
241 1047.68014781
242 1049.11722439
243 1051.17019093
244 1052.86388832
245 1054.24964073
246 1055.276124
247 1057.12379388
248 1058.3555738
249 1060.25456785
250 1061.0244303
251 1062.10223773
252 1064.00123178
253 1065.18168754
254 1066.87538493
255 1068.20981318
256 1069.85218641
257 1071.08396633
258 1072.36707042
259 1073.90679532
260 1075.70314104
261 1077.24286594
262 1078.67994252
263 1080.16834326
264 1081.45144734
265 1082.73455143
266 1084.42824882
267 1086.32724287
268 1087.9696161
269 1090.58714843
270 1095.61691644
271 1102.85362349
272 1107.26750154
273 1109.78238555
274 1112.45124204
275 1114.09361527
276 1115.7359885
277 1117.63498255
278 1119.58530076
279 1121.27899815
280 1122.97269555
281 1125.38493123
282 1127.69451858
283 1131.64647916
284 1134.31533566
285 1137.18948881
286 1139.447752
287 1142.57852597
288 1144.88811332
289 1147.65961815
290 1150.43112297
291 1152.89468282
292 1155.05029768
293 1157.4112092
294 1159.82344488
295 1162.44097721
296 1164.54526791
297 1166.59823445
298 1168.343256
299 1170.29357421
300 1171.93594744
301 1173.98891398
302 1175.83658386
303 1178.14617122
304 1179.9938411
305 1182.04680764
306 1183.6378567
307 1186.46068569
308 1189.43748717
309 1196.67419421
310 1203.29501129
311 1207.3496202
312 1209.14596592
313 1211.45555327
314 1212.99527818
315 1214.58632724
316 1216.53664545
317 1217.97372203
318 1219.61609526
319 1220.84787518
320 1221.87435845
321 1223.2087867
322 1224.54321495
323 1225.36440156
324 1226.75015397
325 1227.8279614
326 1229.05974133
327 1230.54814207
328 1232.13919113
329 1233.47361938
330 1234.91069596
331 1236.29644837
332 1237.9388216
333 1239.73516732
334 1241.68548553
335 1244.09772121
336 1246.66392938
337 1250.5645658
338 1255.95360296
339 1263.39560665
340 1274.89221926
341 1293.36891809
342 1319.4415931
343 1360.29562718
344 1412.28700472
345 1486.86101417
346 1579.60377746
347 1698.05994662
348 1847.41326216
349 2020.37569288
350 2216.53664545
351 2428.71073701
352 2675.52863888
353 2934.09977417
354 3202.11455553
355 3467.35783207
356 3717.3065079
357 3960.48039417
358 4200.4721823
359 4414.49394375
360 4605.72777664
361 4772.1720386
362 4910.54198317
363 5035.25970027
364 5136.21432971
365 5224.44056662
366 5296.60234038
367 5355.72777664
368 5411.20919729
369 5459.29993841
370 5503.43871895
371 5539.31430918
372 5569.85218641
373 5600.13344282
374 5626.10346951
375 5649.76390885
376 5669.31841511
377 5685.02360912
378 5698.05994662
379 5711.71217409
380 5721.30979265
381 5729.5216588
382 5736.14247588
383 5742.19872716
384 5746.50995689
385 5750.25662082
386 5753.38739479
387 5755.95360296
388 5758.00656949
389 5759.85423938
390 5761.6505851
391 5762.93368918
392 5764.06282078
393 5765.14062821
394 5766.32108397
395 5767.45021556
396 5768.98994046
397 5770.22172039
398 5771.81276945
399 5773.40381852
400 5775.04619175
401 5777.15048245
402 5778.4849107
403 5779.92198727
404 5782.1289263
405 5784.38718949
406 5786.64545268
407 5789.26298501
408 5791.98316567
409 5794.54937385
410 5797.88544447
411 5800.70827346
412 5803.83904742
413 5807.22644221
414 5810.30589201
415 5813.64196264
416 5817.13200575
417 5819.39026894
418 5822.72633956
419 5825.34387189
420 5827.70478341
421 5830.68158489
422 5832.83719975
423 5835.35208376
424 5837.45637446
425 5839.509341
426 5840.94641757
427 5842.28084582
428 5844.38513652
429 5845.97618559
430 5848.9016629
431 5854.59864504
432 5860.19297885
433 5862.55389037
434 5863.6316978
435 5864.60685691
436 5865.58201601
437 5866.09525765
438 5866.55717512
439 5867.37836173
440 5868.04557586
441 5868.71278998
442 5869.5339766
443 5869.89324574
444 5870.40648737
445 5870.91972901
446 5871.43297064
447 5872.10018477
448 5872.35680558
449 5872.76739889
450 5872.87004722
451 5873.28064053
452 5873.79388216
453 5874.10182714
454 5874.61506877
455 5874.92301375
456 5875.2822829
457 5875.74420037
458 5875.94949702
459 5876.36009033
460 5876.46273866
461 5876.61671115
462 5876.92465613
463 5876.92465613
464 5877.18127695
465 5877.28392527
466 5877.43789776
467 5877.59187025
468 5877.84849107
469 5878.00246356
470 5878.15643605
471 5878.25908438
472 5878.66967768
473 5879.18291932
474 5879.59351263
475 5880.15807842
476 5880.36337508
477 5880.87661671
478 5881.595155
479 5882.26236912
480 5882.62163827
481 5883.23752823
482 5883.80209403
483 5884.36665982
484 5885.08519811
485 5885.90638473
486 5886.93286799
487 5887.49743379
488 5888.42126873
489 5888.98583453
490 5890.26893862
491 5890.88482858
492 5891.39807021
493 5892.01396017
494 5892.93779511
495 5893.60500924
496 5895.24738247
497 5899.19934305
498 5907.10326422
499 5912.90289468
500 5915.87969616
501 5918.03531102
502 5919.52371176
503 5920.75549169
504 5921.37138165
505 5922.29521659
506 5923.93758982
507 5924.60480394
508 5925.37466639
509 5925.99055635
510 5926.76041881
511 5927.42763293
512 5928.55676452
513 5929.17265449
514 5930.09648943
515 5930.60973106
516 5931.32826935
517 5932.20078013
518 5932.86799425
519 5933.12461507
520 5933.48388421
521 5934.04845001
522 5934.35639499
523 5934.61301581
524 5935.12625744
525 5935.28022993
526 5935.58817491
527 5936.05009238
528 5936.35803736
529 5936.46068569
530 5936.76863067
531 5937.23054814
532 5937.53849312
533 5937.89776227
534 5938.30835557
535 5938.9755697
536 5939.5401355
537 5940.25867378
538 5941.18250873
539 5942.26031616
540 5943.23547526
541 5944.21063437
542 5945.75035927
543 5947.29008417
544 5949.29172654
545 5951.34469308
546 5953.39765962
547 5955.60459865
548 5957.81153767
549 5960.73701499
550 5964.17573394
551 5968.53828783
552 5972.69554506
553 5975.87764319
554 5979.62430712
555 5982.65243277
556 5986.65571751
557 5990.60767809
558 5994.61096284
559 5998.35762677
560 6002.30958735
561 6006.00492712
562 6008.9817286
563 6012.16382673
564 6014.7300349
565 6016.88564976
566 6019.09258879
567 6020.88893451
568 6022.37733525
569 6024.17368097
570 6026.07267502
571 6027.61239992
572 6028.33093821
573 6029.35742147
574 6030.5892014
575 6031.61568466
576 6032.18025046
577 6032.74481626
578 6033.15540957
579 6033.56600287
580 6033.6686512
581 6034.13056867
582 6034.54116198
583 6034.90043112
584 6035.10572778
585 6035.41367276
586 6035.61896941
587 6035.72161774
588 6036.23485937
589 6036.69677684
590 6037.05604599
591 6037.36399097
592 6037.62061178
593 6037.82590844
594 6038.03120509
595 6038.54444673
596 6038.69841922
597 6039.0063642
598 6039.05768836
599 6039.26298501
600 6039.51960583
601 6039.77622665
602 6040.08417163
603 6040.34079245
604 6040.64873743
605 6041.16197906
606 6041.31595155
607 6041.82919318
608 6042.13713816
609 6042.6503798
610 6043.16362143
611 6043.52289058
612 6043.93348388
613 6044.39540135
614 6044.70334634
615 6045.11393964
616 6045.52453295
617 6046.2943954
618 6046.80763704
619 6047.423527
620 6047.8341203
621 6048.14206528
622 6048.65530692
623 6049.06590023
624 6049.47649353
625 6050.14370766
626 6050.60562513
627 6051.11886676
628 6051.94005338
629 6052.81256416
630 6053.58242661
631 6054.7115582
632 6055.89201396
633 6057.02114556
634 6058.25292548
635 6059.69000205
636 6060.92178197
637 6062.30753439
638 6063.79593513
639 6065.2330117
640 6067.02935742
641 6069.03099979
642 6071.18661466
643 6073.0856087
644 6075.7544652
645 6078.32067337
646 6081.75939232
647 6088.89345104
648 6093.66659823
649 6097.61855882
650 6100.54403613
651 6103.46951345
652 6105.93307329
653 6108.29398481
654 6110.34695134
655 6112.04064874
656 6113.78567029
657 6115.27407103
658 6117.17306508
659 6118.9694108
660 6120.5091357
661 6121.79223979
662 6123.1779922
663 6124.25579963
664 6124.76904126
665 6125.89817286
666 6126.30876617
667 6127.33524944
668 6128.05378772
669 6128.66967768
670 6129.38821597
671 6129.69616095
672 6130.0554301
673 6130.36337508
674 6130.67132006
675 6130.87661671
676 6131.13323753
677 6131.33853418
678 6131.64647916
679 6131.80045165
680 6131.85177582
681 6132.21104496
682 6132.31369329
683 6132.46766578
684 6132.62163827
685 6132.87825908
686 6133.1348799
687 6133.28885239
688 6133.54547321
689 6133.95606652
690 6134.16136317
691 6134.31533566
692 6134.46930815
693 6134.62328064
694 6134.93122562
695 6135.08519811
696 6135.18784644
697 6135.44446726
698 6135.59843975
699 6135.70108807
700 6135.90638473
701 6136.06035722
702 6136.11168138
703 6136.41962636
704 6136.57359885
705 6136.72757134
706 6137.03551632
707 6137.49743379
708 6137.9080271
709 6138.42126873
710 6138.83186204
711 6138.98583453
712 6139.39642784
713 6139.96099364
714 6140.67953192
715 6141.50071854
716 6142.57852597
717 6143.55368507
718 6144.16957504
719 6145.24738247
720 6146.06856908
721 6146.8897557
722 6147.40299733
723 6148.12153562
724 6149.09669472
725 6150.12317799
726 6151.04701293
727 6151.56025457
728 6152.53541367
729 6153.56189694
730 6154.99897352
731 6155.7175118
732 6156.53869842
733 6157.66783001
734 6158.89960994
735 6159.82344488
736 6161.00390064
737 6161.72243892
738 6162.69759803
739 6163.67275713
740 6164.08335044
741 6165.10983371
742 6165.93102032
743 6166.59823445
744 6167.31677274
745 6168.08663519
746 6168.54855266
747 6169.21576678
748 6169.88298091
749 6170.34489838
750 6170.75549169
751 6171.47402997
752 6171.78197495
753 6172.50051324
754 6173.47567235
755 6174.70745227
756 6175.27201807
757 6175.83658386
758 6176.76041881
759 6177.27366044
760 6178.35146787
761 6179.4292753
762 6180.25046192
763 6181.32826935
764 6182.97064258
765 6184.09977417
766 6185.12625744
767 6186.71730651
768 6188.30835557
769 6190.97721207
770 6192.31164032
771 6193.54342024
772 6194.77520016
773 6196.41757339
774 6197.80332581
775 6199.03510573
776 6200.26688565
777 6202.06323137
778 6203.39765962
779 6205.29665366
780 6207.04167522
781 6209.09464176
782 6210.5830425
783 6211.81482242
784 6213.04660234
785 6214.84294806
786 6216.12605215
787 6217.81974954
788 6219.15417779
789 6220.5399302
790 6221.87435845
791 6222.90084172
792 6223.87600082
793 6224.85115993
794 6225.56969821
795 6226.33956067
796 6226.90412646
797 6227.36604393
798 6228.13590638
799 6228.3925272
800 6229.05974133
801 6229.67563129
802 6230.24019708
803 6233.47361938
804 6242.91726545
805 6246.50995689
806 6256.72346541
807 6306.71320057
808 6440.46397044
809 6537.8772326
810 6615.01745022
811 6665.00718538
812 6702.47382468
813 6725.82631903
814 6746.15068774
815 6758.87908027
816 6768.42537467
817 6776.32929583
818 6780.89714638
819 6786.54280435
820 6789.77622665
821 6792.90700062
822 6795.06261548
823 6798.14206528
824 6800.75959762
825 6803.68507493
826 6806.45657976
827 6809.33073291
828 6812.1535619
829 6814.10388011
830 6814.97639088
831 6816.7727366
832 6817.9018682
833 6819.18497228
834 6820.31410388
835 6820.981318
836 6822.16177376
837 6823.23958119
838 6824.16341614
839 6825.1898994
840 6825.70314104
841 6826.72962431
842 6827.60213509
843 6828.11537672
844 6828.88523917
845 6829.80907411
846 6831.04085403
847 6831.45144734
848 6832.27263396
849 6833.1964689
850 6834.27427633
851 6835.35208376
852 6836.32724287
853 6836.94313283
854 6837.71299528
855 6838.48285773
856 6839.25272018
857 6839.86861014
858 6840.38185178
859 6840.99774174
860 6841.56230753
861 6842.43481831
862 6843.35865325
863 6844.64175734
864 6845.56559228
865 6846.48942722
866 6847.31061384
867 6848.33709711
868 6849.51755286
869 6850.54403613
870 6851.5705194
871 6852.90494765
872 6854.39334839
873 6855.88174913
874 6857.37014987
875 6859.11517142
876 6860.24430302
877 6861.93800041
878 6863.78567029
879 6865.3253952
880 6867.27571341
881 6869.79059741
882 6871.89488811
883 6873.79388216
884 6876.30876617
885 6878.3617327
886 6880.82529255
887 6883.6994457
888 6886.16300554
889 6888.98583453
890 6892.32190515
891 6895.70929994
892 6898.94272223
893 6901.20098542
894 6904.43440772
895 6907.4112092
896 6910.43933484
897 6913.26216383
898 6916.70088278
899 6919.52371176
900 6922.03859577
901 6924.14288647
902 6927.58160542
903 6930.81502772
904 6932.91931842
905 6935.7421474
906 6938.56497639
907 6941.18250873
908 6943.38944775
909 6945.49373845
910 6947.54670499
911 6949.18907822
912 6951.24204475
913 6953.75692876
914 6955.39930199
915 6956.88770273
916 6958.63272429
917 6959.65920755
918 6960.37774584
919 6961.71217409
920 6963.14925067
921 6963.86778896
922 6964.53500308
923 6965.40751386
924 6966.28002464
925 6966.99856292
926 6967.46048039
927 6967.8710737
928 6968.53828783
929 6968.84623281
930 6969.4107986
931 6969.61609526
932 6970.23198522
933 6970.64257853
934 6970.95052351
935 6971.30979265
936 6971.5150893
937 6971.87435845
938 6972.28495176
939 6972.74686923
940 6973.15746253
941 6973.46540751
942 6974.02997331
943 6974.33791829
944 6974.54321495
945 6975.05645658
946 6975.46704989
947 6975.92896736
948 6976.13426401
949 6976.54485732
950 6976.75015397
951 6977.00677479
952 6977.52001642
953 6977.87928557
954 6978.23855471
955 6978.80312051
956 6979.00841716
957 6979.26503798
958 6979.5216588
959 6979.72695545
960 6979.9322521
961 6980.18887292
962 6980.65079039
963 6981.01005954
964 6981.26668035
965 6981.42065284
966 6981.47197701
967 6981.77992199
968 6981.98521864
969 6982.39581195
970 6982.6011086
971 6982.80640526
972 6983.01170191
973 6983.1656744
974 6983.31964689
975 6983.62759187
976 6984.08950934
977 6984.34613016
978 6984.44877848
979 6984.44877848
980 6984.75672347
981 6984.91069596
982 6985.2699651
983 6985.78320673
984 6985.88585506
985 6986.14247588
986 6986.39909669
987 6986.70704168
988 6986.96366249
989 6987.27160747
990 6987.52822829
991 6987.88749743
992 6988.29809074
993 6988.50338739
994 6988.70868405
995 6988.96530487
996 6989.27324985
997 6989.78649148
998 6990.14576062
999 6990.4537056
1000 6990.81297475
1001 6991.12091973
1002 6991.22356806
1003 6991.42886471
1004 6991.63416136
1005 6991.89078218
1006 6992.147403
1007 6992.5579963
1008 6993.01991378
1009 6993.48183125
1010 6994.04639704
1011 6994.40566619
1012 6995.17552864
1013 6995.58612195
1014 6996.09936358
1015 6996.71525354
1016 6997.07452269
1017 6997.43379183
1018 6997.8957093
1019 6998.61424759
1020 6999.23013755
1021 6999.58940669
1022 6999.94867584
1023 7000.25662082
1024 7000.87251078
1025 7001.79634572
1026 7002.20693903
1027 7002.6688565
1028 7002.97680148
1029 7003.69533977
1030 7004.2085814
1031 7004.51652638
1032 7005.13241634
1033 7005.90227879
1034 7006.51816875
1035 7007.13405871
1036 7007.80127284
1037 7008.51981113
1038 7009.18702525
1039 7010.00821187
1040 7010.77807432
1041 7011.95853008
1042 7013.03633751
1043 7014.21679327
1044 7015.44857319
1045 7016.47505646
1046 7017.65551222
1047 7019.09258879
1048 7020.11907206
1049 7021.55614863
1050 7022.73660439
1051 7023.96838432
1052 7025.66208171
1053 7026.84253747
1054 7027.97166906
1055 7029.51139396
1056 7031.30773968
1057 7033.00143708
1058 7034.48983782
1059 7036.18353521
1060 7037.21001848
1061 7038.80106754
1062 7040.03284746
1063 7041.67522069
1064 7042.85567645
1065 7043.88215972
1066 7045.7298296
1067 7046.80763704
1068 7048.14206528
1069 7049.68179019
1070 7051.11886676
1071 7052.09402587
1072 7053.42845412
1073 7054.81420653
1074 7055.73804147
1075 7056.96982139
1076 7057.99630466
1077 7058.61219462
1078 7059.27940875
1079 7060.25456785
1080 7061.28105112
1081 7061.99958941
1082 7062.51283104
1083 7063.28269349
1084 7064.10388011
1085 7065.07903921
1086 7066.25949497
1087 7066.92670909
1088 7068.10716485
1089 7068.62040649
1090 7069.39026894
1091 7070.05748306
1092 7070.87866968
1093 7071.5458838
1094 7072.16177376
1095 7072.88031205
1096 7073.49620201
1097 7074.26606446
1098 7075.13857524
1099 7075.7544652
1100 7076.67830014
1101 7077.44816259
1102 7078.06405256
1103 7078.4233217
1104 7078.88523917
1105 7079.70642579
1106 7080.42496407
1107 7081.29747485
1108 7081.81071649
1109 7082.68322726
1110 7083.29911722
1111 7083.86368302
1112 7084.27427633
1113 7084.89016629
1114 7085.55738041
1115 7086.07062205
1116 7086.73783617
1117 7087.30240197
1118 7087.81564361
1119 7088.32888524
1120 7088.89345104
1121 7089.81728598
1122 7090.94641757
1123 7091.71628002
1124 7092.5887908
1125 7093.25600493
1126 7094.02586738
1127 7094.74440567
1128 7095.56559228
1129 7096.02750975
1130 7096.74604804
1131 7097.41326216
1132 7098.79901458
1133 7099.67152535
1134 7100.74933279
1135 7101.67316773
1136 7102.75097516
1137 7103.57216177
1138 7104.54732088
1139 7105.98439745
1140 7107.26750154
1141 7108.70457812
1142 7110.29562718
1143 7111.63005543
1144 7113.27242866
1145 7114.86347773
1146 7116.40320263
1147 7118.04557586
1148 7119.38000411
1149 7121.38164648
1150 7122.81872305
1151 7124.92301375
1152 7126.41141449
1153 7128.56702936
1154 7130.31205091
1155 7131.69780333
1156 7133.75076986
1157 7135.39314309
1158 7137.13816465
1159 7138.93451037
1160 7141.03880107
1161 7142.83514679
1162 7144.83678916
1163 7146.63313488
1164 7149.04537056
1165 7151.25230959
1166 7153.09997947
1167 7155.61486348
1168 7158.07842332
1169 7160.13138986
1170 7162.44097721
1171 7164.49394375
1172 7166.49558612
1173 7168.70252515
1174 7171.21740916
1175 7173.88626565
1176 7175.42599056
1177 7177.37630877
1178 7179.78854445
1179 7181.63621433
1180 7183.27858756
1181 7185.3315541
1182 7187.02525149
1183 7188.77027304
1184 7190.20734962
1185 7191.95237118
1186 7193.38944775
1187 7194.1593102
1188 7195.13446931
1189 7196.52022172
1190 7197.70067748
1191 7199.39437487
1192 7200.88277561
1193 7202.62779717
1194 7203.91090125
1195 7204.98870868
1196 7205.91254363
1197 7207.19564771
1198 7208.37610347
1199 7209.04331759
1200 7210.12112503
1201 7211.25025662
1202 7212.22541573
1203 7213.50851981
1204 7214.43235475
1205 7215.56148635
1206 7217.10121125
1207 7217.92239786
1208 7218.69226032
1209 7219.71874358
1210 7220.33463355
1211 7221.25846849
1212 7222.43892425
1213 7224.08129747
1214 7224.95380825
1215 7226.03161568
1216 7226.39088483
1217 7227.16074728
1218 7227.98193389
1219 7228.54649969
1220 7229.62430712
1221 7230.18887292
1222 7231.11270786
1223 7231.83124615
1224 7232.65243277
1225 7233.21699856
1226 7233.83288852
1227 7234.44877848
1228 7235.06466845
1229 7235.78320673
1230 7236.34777253
1231 7237.01498666
1232 7237.73352494
1233 7238.29809074
1234 7238.96530487
1235 7240.0431123
1236 7240.81297475
1237 7241.22356806
1238 7241.68548553
1239 7242.19872716
1240 7243.01991378
1241 7243.63580374
1242 7244.35434202
1243 7244.81625949
1244 7245.63744611
1245 7246.04803942
1246 7246.61260521
1247 7246.97187436
1248 7247.27981934
1249 7247.84438514
1250 7248.20365428
1251 7248.61424759
1252 7249.4354342
1253 7249.79470335
1254 7250.30794498
1255 7250.76986245
1256 7251.02648327
1257 7251.38575241
1258 7251.84766988
1259 7252.61753233
1260 7253.18209813
1261 7253.59269144
1262 7254.41387805
1263 7254.72182303
1264 7255.18374051
1265 7255.7483063
1266 7256.00492712
1267 7256.10757545
1268 7256.41552043
1269 7256.62081708
1270 7257.18538288
1271 7257.59597619
1272 7257.90392117
1273 7258.26319031
1274 7258.82775611
1275 7259.28967358
1276 7259.75159105
1277 7260.16218436
1278 7260.67542599
1279 7261.0860193
1280 7261.29131595
1281 7261.49661261
1282 7261.70190926
1283 7262.11250257
1284 7262.21515089
1285 7262.47177171
1286 7262.77971669
1287 7262.98501334
1288 7263.34428249
1289 7263.65222747
1290 7264.11414494
1291 7264.52473825
1292 7264.88400739
1293 7265.44857319
1294 7265.80784233
1295 7265.96181482
1296 7266.16711148
1297 7266.37240813
1298 7266.73167727
1299 7267.09094642
1300 7267.24491891
1301 7267.50153972
1302 7267.70683638
1303 7268.11742969
1304 7268.3740505
1305 7268.83596797
1306 7269.14391295
1307 7269.40053377
1308 7269.86245124
1309 7270.11907206
1310 7270.68363786
1311 7270.88893451
1312 7270.99158284
1313 7271.24820365
1314 7271.65879696
1315 7271.96674194
1316 7272.12071443
1317 7272.32601109
1318 7272.53130774
1319 7272.78792856
1320 7272.89057688
1321 7273.30117019
1322 7273.55779101
1323 7273.91706015
1324 7274.07103264
1325 7274.32765346
1326 7274.63559844
1327 7274.73824677
1328 7274.94354342
1329 7275.14884007
1330 7275.55943338
1331 7275.8160542
1332 7275.91870253
1333 7276.07267502
1334 7276.17532334
1335 7276.38062
1336 7276.63724081
1337 7276.7912133
1338 7276.94518579
1339 7277.20180661
1340 7277.40710326
1341 7277.71504824
1342 7278.02299323
1343 7278.27961404
1344 7278.79285568
1345 7278.84417984
1346 7279.25477315
1347 7279.4600698
1348 7279.66536645
1349 7279.76801478
1350 7279.97331144
1351 7280.07595976
1352 7280.22993225
1353 7280.43522891
1354 7280.48655307
1355 7281.10244303
1356 7281.20509136
1357 7281.41038801
1358 7281.5643605
1359 7281.97495381
1360 7282.02627797
1361 7282.28289879
1362 7282.53951961
1363 7282.89878875
1364 7283.36070622
1365 7283.56600287
1366 7283.87394785
1367 7284.07924451
1368 7284.43851365
1369 7284.59248614
1370 7284.7977828
1371 7285.00307945
1372 7285.31102443
1373 7285.51632108
1374 7285.7729419
1375 7286.08088688
1376 7286.28618354
1377 7286.74810101
1378 7287.05604599
1379 7287.36399097
1380 7287.82590844
1381 7288.18517758
1382 7288.49312256
1383 7289.10901252
1384 7289.82755081
1385 7290.28946828
1386 7291.36727571
1387 7291.77786902
1388 7292.39375898
1389 7293.42024225
1390 7294.70334634
1391 7296.08909875
1392 7298.19338945
1393 7299.83576268
1394 7301.47813591
1395 7303.42845412
1396 7305.32744816
1397 7307.84233217
1398 7310.15191952
1399 7313.43666598
1400 7316.61876411
1401 7320.36542804
1402 7325.1898994
1403 7330.01437077
1404 7333.7610347
1405 7338.27756108
1406 7344.84705399
1407 7349.72284952
1408 7355.62512831
1409 7361.68137959
1410 7369.89324574
1411 7377.02730445
1412 7385.8037364
1413 7394.42619585
1414 7403.76719359
1415 7415.16115787
1416 7425.37466639
1417 7437.38452063
1418 7449.54834736
1419 7464.89427222
1420 7479.36768631
1421 7495.84274276
1422 7511.29131595
1423 7530.74317389
1424 7549.57914186
1425 7567.79921987
1426 7590.68979676
1427 7610.19297885
1428 7633.54547321
1429 7655.10162184
1430 7681.94415931
1431 7706.27181277
1432 7735.21864094
1433 7760.36748101
1434 7792.23978649
1435 7819.4415931
1436 7847.97782796
1437 7881.85177582
1438 7912.1843564
1439 7949.13775405
1440 7983.37097105
1441 8024.17368097
1442 8059.17676042
1443 8101.46787107
1444 8137.39478547
1445 8178.50544036
1446 8219.35947444
1447 8257.4420037
1448 8302.24799836
1449 8340.12523096
1450 8386.72757134
1451 8428.81338534
1452 8473.46540751
1453 8514.01149661
1454 8562.05091357
1455 8601.87846438
1456 8641.5520427
1457 8689.02689386
1458 8729.57298296
1459 8775.76473003
1460 8813.33401766
1461 8861.01416547
1462 8898.78874974
1463 8941.28515705
1464 8978.59782386
1465 9020.88893451
1466 9059.38205707
1467 9095.56559228
1468 9137.49743379
1469 9171.37138165
1470 9208.42742763
1471 9241.99343051
1472 9277.66372408
1473 9307.17511805
1474 9340.94641757
1475 9368.86676247
1476 9398.78874974
1477 9426.9143913
1478 9451.39601724
1479 9480.59946623
1480 9503.54136728
1481 9529.4600698
1482 9552.19667419
1483 9576.93492096
1484 9595.71956477
1485 9618.30219667
1486 9637.70273045
1487 9656.17942928
1488 9677.3249846
1489 9692.56826114
1490 9709.50523506
1491 9723.87600082
1492 9740.96694724
1493 9754.31122973
1494 9769.14391295
1495 9780.17860809
1496 9793.52289058
1497 9803.99301991
1498 9813.84725929
1499 9826.62697598
1500 9835.45473209
1501 10000.0
