0 0.0
1 0.0
2 0.0
3 0.0
4 0.0
5 0.0
6 0.0
7 0.0
8 0.0
596 500.0
597 500.0
598 500.0
599 500.0
600 500.0
601 1000.0
602 1500.0
603 2000.0
604 2500.0
605 2500.0
606 3000.0
607 3000.0
608 3000.0
609 3000.0
610 3500.0
611 3500.0
612 3500.0
613 3500.0
614 3500.0
615 3500.0
616 3500.0
617 3500.0
618 3500.0
619 3500.0
630 4000.0
631 4000.0
632 4000.0
633 4500.0
634 4500.0
635 4500.0
636 4500.0
637 4500.0
638 4500.0
639 4500.0
640 5000.0
641 5000.0
642 5000.0
643 5000.0
644 5000.0
645 5000.0
646 5000.0
647 5000.0
648 5000.0
649 5000.0
664 5500.0
665 5500.0
666 6000.0
667 6000.0
668 6000.0
669 6000.0
670 6000.0
671 6000.0
672 6000.0
673 6000.0
674 6000.0
675 6000.0
680 6500.0
681 6500.0
682 6500.0
683 6500.0
684 6500.0
685 6500.0
686 6500.0
687 6500.0
688 6500.0
689 6500.0
818 7000.0
819 7000.0
820 7000.0
821 7000.0
822 7000.0
823 7000.0
824 7000.0
825 7000.0
826 7000.0
827 7000.0
882 7500.0
883 7500.0
884 7500.0
885 7500.0
886 7500.0
887 7500.0
888 7500.0
889 7500.0
890 7500.0
891 7500.0
943 8000.0
944 8000.0
945 8000.0
946 8000.0
947 8000.0
948 8000.0
949 8000.0
950 8000.0
951 8000.0
952 8000.0
962 8500.0
963 8500.0
964 8500.0
965 8500.0
966 8500.0
967 8500.0
968 8500.0
969 8500.0
970 8500.0
971 8500.0
977 9000.0
978 9000.0
979 9000.0
980 9000.0
981 9000.0
982 9000.0
983 9000.0
984 9000.0
985 9000.0
986 9000.0
1085 9500.0
1086 9500.0
1087 9500.0
1088 9500.0
1089 9500.0
1090 9500.0
1091 9500.0
1092 9500.0
1093 9500.0
1094 9500.0
1205 10000.0
1206 10000.0
1207 10000.0
1208 10000.0
1209 10000.0
1210 10000.0
1211 10000.0
1212 10000.0
1213 10000.0
1214 10000.0
1501 10000.0
