0 0.0
1 0.0
2 1.11816233185
3 3.57600972168
4 6.41361035629
5 10.1267531941
6 14.8631200527
7 19.6416817161
8 23.7556752013
9 28.5764316697
10 32.911947881
11 37.4689868183
12 42.2053536769
13 47.7328731287
14 53.8089250451
15 60.9714931898
16 69.631976911
17 80.9929281507
18 95.4446488548
19 113.947070837
20 135.128862934
21 161.279093318
22 194.823963274
23 234.856284494
24 280.437222569
25 328.518202839
26 381.862985029
27 440.281692518
28 506.791253861
29 576.824081419
30 646.276730409
31 720.877145606
32 803.357440632
33 889.782949923
34 978.866731928
35 1065.61925096
36 1153.37389661
37 1247.16239937
38 1356.59462607
39 1471.88138196
40 1588.67660214
41 1684.89130618
42 1777.60384142
43 1867.64755523
44 1957.70181775
45 2051.10001857
46 2159.19256021
47 2257.464261
48 2364.3226046
49 2443.93365289
50 2516.54036355
51 2582.80730476
52 2658.18832385
53 2769.55096289
54 2858.41322216
55 2965.78845213
56 3055.41021789
57 3127.44729869
58 3187.31117825
59 3251.91142467
60 3311.79640163
61 3369.27627471
62 3433.97145943
63 3492.93869939
64 3560.33435163
65 3622.19193573
66 3692.61506523
67 3754.73636686
68 3826.22491519
69 3893.50453172
70 3969.79273912
71 4039.39306993
72 4110.07991696
73 4193.42520549
74 4267.94123108
75 4355.08405205
76 4433.57693801
77 4524.69661935
78 4605.99545984
79 4701.20803727
80 4786.17782579
81 4877.66671167
82 4970.38979561
83 5056.8574997
84 5159.30648619
85 5248.4641091
86 5354.21483907
87 5444.12141977
88 5551.00086077
89 5643.6184577
90 5751.61606103
91 5843.72732029
92 5937.84283279
93 6046.70542963
94 6139.23863694
95 6244.95772081
96 6337.67025604
97 6443.58976523
98 6534.13981671
99 6639.32091681
100 6728.36250401
101 6832.15117555
102 6921.50922378
103 7009.96008371
104 7110.68963189
105 7194.6994886
106 7289.34243616
107 7371.03157859
108 7462.28839305
109 7541.10828875
110 7629.00006751
111 7702.10256713
112 7780.23679725
113 7854.26758258
114 7921.14634846
115 7995.93664028
116 8058.77525359
117 8131.13934412
118 8191.30913602
119 8257.2912623
120 8310.87866462
121 8371.97674222
122 8422.56831339
123 8470.51216054
124 8523.15017975
125 8566.27327043
126 8613.60529292
127 8651.03208493
128 8693.50115614
129 8728.62833128
130 8766.62475316
131 8797.21598677
132 8830.25451906
133 8856.54188256
134 8883.02967139
135 8910.86769397
136 8933.81111918
137 8958.49508009
138 8978.25279752
139 8999.43458961
140 9016.95598238
141 9035.55334267
142 9049.59366403
143 9064.57281979
144 9078.49710544
145 9090.75469628
146 9103.95112154
147 9113.95129032
148 9124.66877078
149 9133.85668956
150 9143.69862782
151 9152.05319921
152 9161.43099462
153 9168.49862445
154 9174.74345559
155 9181.33639386
156 9186.85336461
157 9194.07922497
158 9201.70593597
159 9216.53740991
160 9233.86892606
161 9250.57806883
162 9262.48755253
163 9272.77253625
164 9281.63344529
165 9292.29818225
166 9306.98197438
167 9321.02229573
168 9335.32633462
169 9345.10498067
170 9353.44900336
171 9358.71280528
172 9362.98502928
173 9365.85427602
174 9368.66023055
175 9371.38179547
176 9373.92403247
177 9376.63504869
178 9378.4177792
179 9380.16886361
180 9381.49799997
181 9382.77439282
182 9384.2934058
183 9386.0339415
184 9387.96435383
185 9389.97915577
186 9392.99608432
187 9397.39489274
188 9405.58068491
189 9415.53865888
190 9433.20773346
191 9448.53499637
192 9462.27995409
193 9471.61555469
194 9480.25494101
195 9487.776165
196 9497.04847339
197 9511.63732721
198 9525.26624922
199 9541.69057706
200 9553.9376192
201 9564.51796655
202 9570.43578795
203 9575.43587234
204 9578.33676518
205 9580.48870023
206 9581.77564178
207 9582.67228139
208 9583.6216645
209 9584.30733008
210 9584.95080086
211 9585.57317423
212 9586.1955476
213 9586.81792098
214 9587.67236578
215 9589.42345018
216 9593.14714172
217 9602.87304427
218 9617.06104744
219 9639.603622
220 9663.81289136
221 9691.45048862
222 9711.34533916
223 9728.6135631
224 9739.668602
225 9751.27217337
226 9763.22385188
227 9778.51946868
228 9799.45864065
229 9820.47165353
230 9847.04383196
231 9868.76360782
232 9890.26186096
233 9904.1966953
234 9915.68423096
235 9923.08941923
236 9928.39541596
237 9931.90813347
238 9934.06006852
239 9935.48414319
240 9936.49681851
241 9937.56223734
242 9938.20570811
243 9938.9124711
244 9939.35551655
245 9940.18886395
246 9941.11714966
247 9942.23531199
248 9944.13407821
249 9945.85351652
250 9948.10038988
251 9949.76708468
252 9951.41268207
253 9952.39371129
254 9953.54351972
255 9954.41906193
256 9955.75874698
257 9957.00349373
258 9958.4381171
259 9960.38962683
260 9962.15125994
261 9964.44032811
262 9966.21250992
263 9968.07963004
264 9969.4720586
265 9970.67461054
266 9971.49740924
267 9972.39404884
268 9973.10081183
269 9973.64934429
270 9974.32446117
271 9974.73586052
272 9975.26329558
273 9975.67469493
274 9976.18103259
275 9976.51859103
276 9976.94053908
277 9977.19370791
278 9977.47852284
279 9977.79498388
280 9978.03760401
281 9978.42790596
282 9978.73381829
283 9979.05027933
284 9979.27180206
285 9979.54606829
286 9979.84143192
287 9980.17899036
288 9980.5060001
289 9980.76971763
290 9981.09672737
291 9981.29715269
292 9981.58196763
293 9981.81403906
294 9982.05665918
295 9982.29927931
296 9982.70012996
297 9982.95329879
298 9983.17482152
299 9983.39634424
300 9983.49128255
301 9983.76554879
302 9983.95542541
303 9984.25078904
304 9984.43011696
305 9984.63054229
306 9984.86261372
307 9985.10523384
308 9985.28456176
309 9985.43224358
310 9985.65376631
311 9985.81199683
312 9985.98077605
313 9986.13900657
314 9986.28668838
315 9986.4343702
316 9986.70863643
317 9986.83522085
318 9987.04619487
319 9987.20442539
320 9987.3099124
321 9987.45759422
322 9987.58417864
323 9987.82679876
324 9988.05887019
325 9988.22764941
326 9988.34368513
327 9988.52301305
328 9988.72343837
329 9988.89221759
330 9989.03989941
331 9989.12428902
332 9989.29306824
333 9989.36690915
334 9989.54623707
335 9989.64117538
336 9989.7888572
337 9989.95763642
338 9990.16861044
339 9990.27409745
340 9990.42177927
341 9990.55891239
342 9990.72769161
343 9990.85427602
344 9991.00195784
345 9991.21293186
346 9991.30787018
347 9991.42390589
348 9991.5293929
349 9991.68762342
350 9991.78256173
351 9991.89859744
352 9992.01463316
353 9992.08847407
354 9992.28889939
355 9992.48932471
356 9992.64755523
357 9992.75304225
358 9992.90072406
359 9993.06950328
360 9993.185539
361 9993.43870783
362 9993.58638964
363 9993.69187666
364 9993.88175328
365 9994.20876302
366 9994.41973704
367 9994.63071107
368 9994.76784418
369 9994.9260747
370 9995.12650003
371 9995.21088964
372 9995.34802275
373 9995.48515587
374 9995.67503249
375 9995.90710392
376 9996.08643184
377 9996.18137015
378 9996.33960067
379 9996.43453898
380 9996.645513
381 9996.79319482
382 9996.88813313
383 9997.07800976
384 9997.16239937
385 9997.38392209
386 9997.4894091
387 9997.62654222
388 9997.70038313
389 9997.83751624
390 9997.94300326
391 9998.04849027
392 9998.11178248
393 9998.23836689
394 9998.3016591
395 9998.40714611
396 9998.44934092
397 9998.50208442
398 9998.55482793
399 9998.56537663
400 9998.62866884
401 9998.64976624
402 9998.70250975
403 9998.72360715
404 9998.75525325
405 9998.79744806
406 9998.80799676
407 9998.82909416
408 9998.86074027
409 9998.89238637
410 9998.90293507
411 9998.92403247
412 9998.93458117
413 9998.95567858
414 9998.96622728
415 9998.98732468
416 9999.01897078
417 9999.05061689
418 9999.07171429
419 9999.07171429
420 9999.09281169
421 9999.1139091
422 9999.1139091
423 9999.1350065
424 9999.1772013
425 9999.19829871
426 9999.19829871
427 9999.21939611
428 9999.22994481
429 9999.24049351
430 9999.25104221
431 9999.26159091
432 9999.26159091
433 9999.26159091
434 9999.26159091
435 9999.27213961
436 9999.29323702
437 9999.32488312
438 9999.33543182
439 9999.33543182
440 9999.33543182
441 9999.33543182
442 9999.35652922
443 9999.35652922
444 9999.36707793
445 9999.36707793
446 9999.36707793
447 9999.38817533
448 9999.39872403
449 9999.39872403
450 9999.40927273
451 9999.40927273
452 9999.43037013
453 9999.43037013
454 9999.44091883
455 9999.45146754
456 9999.48311364
457 9999.48311364
458 9999.49366234
459 9999.51475974
460 9999.52530844
461 9999.52530844
462 9999.52530844
463 9999.52530844
464 9999.52530844
465 9999.52530844
466 9999.55695455
467 9999.55695455
468 9999.55695455
469 9999.55695455
470 9999.55695455
471 9999.55695455
472 9999.56750325
473 9999.56750325
474 9999.57805195
475 9999.57805195
476 9999.58860065
477 9999.58860065
478 9999.58860065
479 9999.58860065
480 9999.58860065
481 9999.58860065
482 9999.59914935
483 9999.60969805
484 9999.60969805
485 9999.60969805
486 9999.62024676
487 9999.63079546
488 9999.65189286
489 9999.65189286
490 9999.65189286
491 9999.66244156
492 9999.66244156
493 9999.66244156
494 9999.66244156
495 9999.66244156
496 9999.66244156
497 9999.66244156
498 9999.67299026
499 9999.67299026
500 9999.68353896
501 9999.69408766
502 9999.69408766
503 9999.69408766
504 9999.70463637
505 9999.70463637
506 9999.70463637
507 9999.70463637
508 9999.70463637
509 9999.70463637
510 9999.70463637
511 9999.72573377
512 9999.72573377
513 9999.72573377
514 9999.72573377
515 9999.72573377
516 9999.73628247
517 9999.73628247
518 9999.73628247
519 9999.73628247
520 9999.74683117
521 9999.74683117
522 9999.76792857
523 9999.76792857
524 9999.76792857
525 9999.78902598
526 9999.79957468
527 9999.79957468
528 9999.79957468
529 9999.79957468
530 9999.79957468
531 9999.79957468
532 9999.79957468
533 9999.81012338
534 9999.81012338
535 9999.82067208
536 9999.82067208
537 9999.82067208
538 9999.82067208
539 9999.82067208
540 9999.82067208
541 9999.82067208
542 9999.82067208
543 9999.82067208
544 9999.83122078
545 9999.84176948
546 9999.84176948
547 9999.84176948
548 9999.84176948
549 9999.84176948
550 9999.84176948
551 9999.84176948
552 9999.85231818
553 9999.85231818
554 9999.86286688
555 9999.86286688
556 9999.86286688
557 9999.86286688
558 9999.86286688
559 9999.86286688
560 9999.86286688
561 9999.86286688
562 9999.87341559
563 9999.87341559
564 9999.87341559
565 9999.87341559
566 9999.87341559
567 9999.87341559
568 9999.87341559
569 9999.87341559
570 9999.87341559
571 9999.87341559
603 9999.88396429
604 9999.88396429
605 9999.88396429
606 9999.88396429
607 9999.89451299
608 9999.89451299
609 9999.89451299
610 9999.89451299
611 9999.90506169
612 9999.90506169
613 9999.90506169
614 9999.90506169
615 9999.90506169
616 9999.90506169
617 9999.90506169
618 9999.90506169
619 9999.90506169
620 9999.90506169
647 9999.92615909
648 9999.92615909
649 9999.92615909
650 9999.92615909
651 9999.92615909
652 9999.92615909
653 9999.93670779
654 9999.93670779
655 9999.93670779
656 9999.93670779
657 9999.93670779
658 9999.93670779
659 9999.93670779
660 9999.93670779
661 9999.93670779
662 9999.93670779
675 9999.94725649
676 9999.94725649
677 9999.94725649
678 9999.94725649
679 9999.94725649
680 9999.94725649
681 9999.94725649
682 9999.94725649
683 9999.94725649
684 9999.94725649
690 9999.9578052
691 9999.9578052
692 9999.9578052
693 9999.9578052
694 9999.9578052
695 9999.9578052
696 9999.9578052
697 9999.9578052
698 9999.9578052
699 9999.9578052
738 9999.9683539
739 9999.9683539
740 9999.9683539
741 9999.9683539
742 9999.9683539
743 9999.9683539
744 9999.9683539
745 9999.9683539
746 9999.9683539
747 9999.9683539
842 9999.9789026
843 9999.9789026
844 9999.9789026
845 9999.9789026
846 9999.9789026
847 9999.9789026
848 9999.9789026
849 9999.9789026
850 9999.9789026
851 9999.9789026
1105 9999.9894513
1106 9999.9894513
1107 9999.9894513
1108 9999.9894513
1109 9999.9894513
1110 9999.9894513
1111 9999.9894513
1112 9999.9894513
1113 9999.9894513
1114 9999.9894513
1167 10000.0
1168 10000.0
1169 10000.0
1170 10000.0
1171 10000.0
1172 10000.0
1173 10000.0
1174 10000.0
1175 10000.0
1176 10000.0
1501 10000.0
