0 0.0
1 0.0
2 0.0
3 0.0
4 0.0
5 0.0
6 0.0
7 0.0
8 0.0
589 555.555555556
590 1111.11111111
591 1666.66666667
592 1666.66666667
593 2222.22222222
594 2222.22222222
595 2222.22222222
596 2777.77777778
597 3333.33333333
598 3333.33333333
599 3333.33333333
600 4444.44444444
601 4444.44444444
602 4444.44444444
603 4444.44444444
604 4444.44444444
605 4444.44444444
606 5000.0
607 5000.0
608 5000.0
609 5000.0
610 5000.0
611 5000.0
612 5000.0
613 5000.0
614 5000.0
615 5000.0
631 5555.55555556
632 5555.55555556
633 5555.55555556
634 5555.55555556
635 6111.11111111
636 6111.11111111
637 6111.11111111
638 6111.11111111
639 6111.11111111
640 6111.11111111
641 6111.11111111
642 6111.11111111
643 6111.11111111
644 6111.11111111
680 6666.66666667
681 6666.66666667
682 6666.66666667
683 6666.66666667
684 6666.66666667
685 6666.66666667
686 6666.66666667
687 6666.66666667
688 6666.66666667
689 6666.66666667
900 7222.22222222
901 7222.22222222
902 7222.22222222
903 7222.22222222
904 7222.22222222
905 7222.22222222
906 7222.22222222
907 7222.22222222
908 7222.22222222
909 7222.22222222
937 7777.77777778
938 7777.77777778
939 7777.77777778
940 7777.77777778
941 7777.77777778
942 7777.77777778
943 7777.77777778
944 7777.77777778
945 7777.77777778
946 7777.77777778
1075 8333.33333333
1076 8333.33333333
1077 8333.33333333
1078 8333.33333333
1079 8333.33333333
1080 8333.33333333
1081 8333.33333333
1082 8333.33333333
1083 8333.33333333
1084 8333.33333333
1166 8888.88888889
1167 8888.88888889
1168 8888.88888889
1169 8888.88888889
1170 8888.88888889
1171 8888.88888889
1172 8888.88888889
1173 8888.88888889
1174 8888.88888889
1175 8888.88888889
1236 9444.44444444
1237 9444.44444444
1238 9444.44444444
1239 9444.44444444
1240 9444.44444444
1241 9444.44444444
1242 9444.44444444
1243 9444.44444444
1244 9444.44444444
1245 9444.44444444
1267 10000.0
1268 10000.0
1269 10000.0
1270 10000.0
1271 10000.0
1272 10000.0
1273 10000.0
1274 10000.0
1275 10000.0
1276 10000.0
1501 10000.0
