0
3431
3431
3431
3431
3431
3431
3431
3431
3431
3431
3431
3431
3431
3431
3431
3833
3861
3861
3861
3861
3861
3861
3861
3861
3861
3861
3861
3861
3861
3861
3861
3861
4604
4604
4637
4668
4668
4668
4719
4754
4776
5010
5077
5116
5116
5336
5364
5731
6233
7357
8865
8865
12446
14829
17738
20114
22754
25574
25574
28809
29784
30224
33959
34793
37625
37625
40162
42902
44949
46812
49340
49623
49623
52846
53718
54411
57416
60737
64509
64509
67111
69291
70355
71389
73696
75975
75975
78101
78714
80577
84208
87878
88565
90318
90318
92848
93941
94939
95964
97734
99330
99330
100932
102136
104465
107216
107729
110920
110920
112333
114879
115908
117621
118559
119930
119930
120748
122158
123792
125766
127687
130332
132923
132923
134500
135359
137839
138684
140810
143884
143884
144864
145186
146422
147679
149153
150185
150185
154509
154899
156091
157024
158536
159964
159964
162316
162574
163030
165651
171312
174253
174253
174253
177032
178264
180396
182357
184038
184038
186303
188051
189492
191454
195508
197243
197243
197670
197670
199729
203285
204908
205700
205700
208620
211234
213159
216664
218572
218733
218733
220986
223759
225172
225631
227579
229645
229645
232492
233159
233231
237226
237957
238986
238986
242621
243838
244522
248756
250715
250975
250975
254309
255088
257152
257903
261060
264389
264389
266416
267375
269508
273193
276025
277766
277766
280505
284309
287105
288481
291779
292768
292768
295941
295948
296010
297609
299704
300429
300429
301519
303922
306041
307610
308526
310973
310973
313463
315075
315705
315984
317981
320955
324253
324253
325023
326345
328959
332679
335638
335638
337634
338199
340434
342378
342574
343318
343318
345945
348322
350896
353129
354679
356422
357757
357757
361506
363613
367005
369245
373160
377501
377501
379346
380406
380406
384007
384954
386408
386408
388339
389426
389426
389907
392192
392870
394138
394138
395801
395865
396871
398537
400680
402422
402422
405335
406391
408461
410262
412603
415475
416006
416006
416634
418573
421191
422255
424283
426127
426127
427036
428855
429984
432499
436718
440234
440234
441631
442349
447121
451646
451920
454929
454929
456208
458592
461343
462811
463994
467832
467832
469962
471473
471999
473177
473735
475136
475136
477604
478637
479674
480904
483332
484082
484082
484082
487816
490253
490736
491591
495120
495120
496569
496887
497510
498708
500894
501886
503795
503795
506258
506514
511806
512290
513528
516212
516212
516407
516927
521051
523754
526352
526352
526352
527993
528981
531696
532555
535022
537915
537915
539395
539749
540560
541776
542702
542721
542721
545272
547045
551163
554012
556360
557870
559748
559748
560760
561343
563106
565561
568280
570003
570003
571398
572994
575926
575926
578014
578216
578216
583147
586230
587061
590504
592779
599215
599215
600220
603477
605209
607751
609208
609626
609626
609626
612674
614018
616037
616062
617687
620891
620891
622159
622406
624610
627802
628671
633133
633133
633276
633666
635665
637472
639912
643244
643244
647221
648706
648706
650581
650709
651603
651603
652849
658186
660544
661926
664416
665432
665432
666149
669325
671178
671925
673371
675216
675216
675795
677635
679416
680149
683545
684154
685915
685915
688090
688090
691870
692577
693210
697216
697216
699229
701080
701992
706399
708156
709804
709804
709804
715718
718255
722103
724913
724913
724913
727144
729910
732568
732792
734457
735040
738542
738542
739724
741096
743348
743997
745777
747727
747727
749925
750872
752373
753841
755810
757629
757629
759199
759499
763731
765644
766670
766958
766958
768951
771019
772836
773297
774786
780506
780506
782211
782854
783990
784657
785748
787857
787857
787857
791766
794148
794363
796360
797427
797427
800175
802852
803215
805137
810113
812124
812124
813550
814203
820062
821966
822813
824588
824588
824837
829648
830151
834380
836241
838569
838569
841112
844111
845471
846840
850117
850926
850926
851404
856337
856337
857802
860213
862097
862097
863746
865130
868484
869972
873033
873624
873624
876013
879767
884313
885130
886907
888629
888629
890492
896115
898793
898793
901344
902221
902221
903797
904191
904191
904442
906511
909830
909830
915002
918230
921518
924429
926853
927237
927237
928910
931300
934488
935664
936602
936667
936667
936667
938197
940164
942116
943593
946576
946576
947984
