0 0.0
1 0.0
2 0.0
3 0.0
4 0.0
5 0.0
6 0.0
7 0.0
8 0.0
59 0.0107275418911
60 0.182368212148
61 0.7187453067
62 2.30642150658
63 6.8334441846
64 18.408461885
65 42.3523353859
66 79.0834388208
67 116.790748568
68 169.752622884
69 227.917355017
70 277.62878414
71 320.892960587
72 351.852646485
73 376.611813169
74 394.794996674
75 409.041172306
76 419.84380699
77 428.704756592
78 435.817116866
79 441.202342895
80 446.115557081
81 451.114591602
82 455.555793945
83 460.393915338
84 465.33931215
85 470.563625051
86 476.034671415
87 481.269711858
88 487.212770066
89 492.630178721
90 497.007015812
91 501.051299105
92 504.269561673
93 506.940719604
94 509.47241949
95 511.188826192
96 513.023235856
97 514.600184514
98 516.026947585
99 517.70044412
100 519.234482611
101 520.639790598
102 521.733999871
103 522.785298977
104 523.707867579
105 524.630436182
106 525.660280203
107 526.582848806
108 527.56978266
109 528.320710592
110 528.899997854
111 529.5007402
112 530.165847798
113 530.702224892
114 531.066961316
115 531.53897316
116 532.05389517
117 532.794095561
118 533.502113326
119 533.974125169
120 534.607050141
121 534.853783604
122 535.336522989
123 535.958720419
124 536.334184385
125 536.838378854
126 537.256752988
127 537.664399579
128 537.932588127
129 538.329507177
130 538.769336394
131 539.316441031
132 539.8206355
133 540.314102427
134 540.764659186
135 541.236671029
136 541.858868459
137 542.727799352
138 543.714733206
139 544.648029351
140 545.44186745
141 546.171340299
142 546.85790298
143 547.694651248
144 548.499216889
145 549.260872364
146 550.065438006
147 551.020189234
148 551.953485378
149 552.682958227
150 553.144242528
151 553.519706494
152 553.94880817
153 554.324272136
154 554.689008561
155 555.043017443
156 555.354116158
157 555.847583085
158 556.1586818
159 556.383960179
160 556.920337274
161 557.317256324
162 557.875088502
163 558.422193139
164 558.969297775
165 559.537857495
166 560.288785428
167 561.114806153
168 561.812096376
169 562.552296767
170 563.303224699
171 564.064880173
172 564.697805145
173 565.255637323
174 565.813469502
175 566.253298719
176 566.478577099
177 566.821858439
178 567.068591903
179 567.347507992
180 567.583513914
181 567.851702461
182 568.044798215
183 568.388079555
184 568.656268103
185 568.903001566
186 569.203372739
187 569.557381622
188 569.750477376
189 570.179579051
190 570.447767599
191 570.694501062
192 571.08069257
193 571.456156536
194 571.799437877
195 572.260722178
196 572.593275977
197 572.84000944
198 573.161835697
199 573.558754747
200 573.998583964
201 574.363320389
202 574.781694523
203 575.135703405
204 575.521894913
205 575.84372117
206 576.294277929
207 576.787744856
208 577.356304576
209 577.94631938
210 578.375421056
211 578.858160441
212 579.340899826
213 579.909459546
214 580.531656976
215 581.304039992
216 581.861872171
217 582.70934798
218 583.492458538
219 584.415027141
220 585.198137699
221 585.991975799
222 586.62490077
223 587.332918535
224 587.944388423
225 588.502220601
226 588.759681607
227 589.049325238
228 589.371151494
229 589.671522667
230 589.918256131
231 590.100624343
232 590.240082388
233 590.518998477
234 590.647728979
235 590.840824733
236 591.012465404
237 591.205561158
238 591.441567079
239 591.602480208
240 591.774120878
241 591.999399258
242 592.149584844
243 592.299770431
244 592.417773391
245 592.600141604
246 592.685961939
247 592.836147525
248 593.136518698
249 593.37252462
250 593.629985625
251 593.973266966
252 594.359458474
253 594.831470317
254 595.636035959
255 596.655152438
256 598.30719389
257 600.120148469
258 602.823489026
259 607.32905662
260 611.609345834
261 617.359308288
262 622.090154262
263 627.754296381
264 633.042974533
265 639.576047544
266 645.068548993
267 650.957969491
268 657.319401832
269 664.28157652
270 673.067433328
271 680.608895278
272 691.100431247
273 700.669398614
274 712.973889163
275 723.604883177
276 735.061897917
277 744.448497071
278 753.212898796
279 761.204917505
280 767.062155378
281 772.737025038
282 776.309296488
283 780.139028943
284 783.132013131
285 786.253727821
286 788.796155249
287 791.767684353
288 794.02046815
289 795.940698148
290 798.55821837
291 800.574996245
292 802.806324959
293 804.544186745
294 806.324958699
295 807.826814564
296 809.242850093
297 810.35851445
298 811.173807634
299 811.989100817
300 812.589843163
301 813.469501598
302 814.134609196
303 814.724624
304 815.282456178
305 815.872470982
306 816.419575618
307 816.837949752
308 817.245596344
309 817.642515394
310 818.050161986
311 818.350533159
312 818.790362376
313 819.165826343
314 819.616383102
315 819.970391984
316 820.378038576
317 820.721319917
318 821.075328799
319 821.332789805
320 821.783346564
321 822.083717737
322 822.3304512
323 822.748825334
324 823.059924049
325 823.381750306
326 823.617756227
327 823.885944775
328 824.121950696
329 824.304318908
330 824.583234998
331 824.840696003
332 825.087429466
333 825.387800639
334 825.55944131
335 825.698899354
336 825.859812483
337 826.095818404
338 826.35327941
339 826.535647622
340 826.69656075
341 826.92183913
342 827.072024716
343 827.308030638
344 827.522581476
345 827.71567723
346 827.908772984
347 828.11259628
348 828.28423695
349 828.445150078
350 828.702611084
351 828.970799631
352 829.174622927
353 829.399901307
354 829.614452144
355 829.764637731
356 829.936278401
357 830.054281362
358 830.290287284
359 830.429745328
360 830.547748289
361 830.697933875
362 830.880302088
363 830.998305048
364 831.127035551
365 831.266493596
366 831.363041473
367 831.545409685
368 831.652685104
369 831.749232981
370 831.888691025
371 832.02814907
372 832.19978974
373 832.317792701
374 832.457250746
375 832.618163874
376 832.854169796
377 832.972172756
378 833.16526851
379 833.347636723
380 833.56218756
381 833.819648566
382 834.044926945
383 834.205840074
384 834.323843035
385 834.452573537
386 834.634941749
387 834.763672252
388 834.913857839
389 835.096226051
390 835.235684095
391 835.428779849
392 835.536055268
393 835.696968397
394 835.868609067
395 836.050977279
396 836.190435324
397 836.372803536
398 836.51226158
399 836.651719625
400 836.780450128
401 836.96281834
402 837.123731468
403 837.18809672
404 837.30609968
405 837.574288228
406 837.713746272
407 837.831749233
408 838.067755155
409 838.164303032
410 838.314488618
411 838.561222082
412 838.711407668
413 838.904503422
414 839.151236886
415 839.279967388
416 839.483790684
417 839.655431354
418 839.794889399
419 839.945074986
420 840.191808449
421 840.417086829
422 840.577999957
423 840.728185544
424 840.932008839
425 841.125104594
426 841.286017722
427 841.404020683
428 841.564933811
429 841.768757107
430 841.972580403
431 842.208586325
432 842.380226995
433 842.573322749
434 842.723508335
435 842.841511296
436 843.013151966
437 843.174065095
438 843.377888391
439 843.560256603
440 843.731897273
441 843.88208286
442 844.021540904
443 844.2253642
444 844.39700487
445 844.568645541
446 844.761741295
447 844.976292132
448 845.126477719
449 845.319573473
450 845.523396769
451 845.684309897
452 845.941770903
453 846.134866657
454 846.327962411
455 846.488875539
456 846.660516209
457 846.853611963
458 847.014525092
459 847.17543822
460 847.368533974
461 847.583084812
462 847.79763565
463 847.990731404
464 848.173099616
465 848.355467828
466 848.484198331
467 848.645111459
468 848.891844923
469 849.117123302
470 849.363856766
471 849.599862687
472 849.803685983
473 849.964599112
474 850.093329614
475 850.264970285
476 850.425883413
477 850.565341458
478 850.812074921
479 850.91935034
480 851.058808385
481 851.284086764
482 851.466454977
483 851.563002854
484 851.756098608
485 851.927739278
486 852.11010749
487 852.313930786
488 852.496298998
489 852.721577378
490 852.828852797
491 853.011221009
492 853.12922397
493 853.311592182
494 853.47250531
495 853.676328606
496 853.837241734
497 853.998154863
498 854.180523075
499 854.31998112
500 854.480894248
501 854.652534918
502 854.738355253
503 854.83490313
504 854.985088717
505 855.156729387
506 855.371280225
507 855.510738269
508 855.660923856
509 855.789654359
510 856.004205196
511 856.111480615
512 856.293848827
513 856.444034414
514 856.529854749
515 856.626402626
516 856.840953464
517 856.969683967
518 857.098414469
519 857.227144972
520 857.44169581
521 857.527516145
522 857.752794525
523 857.978072904
524 858.138986033
525 858.299899161
526 858.396447038
527 858.546632625
528 858.707545753
529 858.814821172
530 858.932824133
531 859.115192345
532 859.233195306
533 859.42629106
534 859.555021562
535 859.705207149
536 859.876847819
537 860.091398657
538 860.327404579
539 860.456135081
540 860.681413461
541 860.863781673
542 861.024694801
543 861.142697762
544 861.346521058
545 861.432341393
546 861.593254522
547 861.75416765
548 861.904353236
549 861.97944603
550 862.129631616
551 862.311999828
552 862.537278208
553 862.676736253
554 862.816194297
555 862.977107426
556 863.11656547
557 863.28820614
558 863.416936643
559 863.663670107
560 863.91040357
561 863.985496363
562 864.114226866
563 864.221502285
564 864.350232788
565 864.47896329
566 864.618421335
567 864.790062005
568 864.897337424
569 865.144070888
570 865.3264391
571 865.530262396
572 865.66972044
573 865.852088652
574 866.098822116
575 866.249007702
576 866.388465747
577 866.506468708
578 866.699564462
579 866.86047759
580 866.999935635
581 867.193031389
582 867.375399601
583 867.547040271
584 867.697225858
585 867.943959321
586 868.126327533
587 868.297968204
588 868.469608874
589 868.694887254
590 868.963075801
591 869.123988929
592 869.263446974
593 869.392177476
594 869.563818147
595 869.778368985
596 869.950009655
597 870.164560493
598 870.389838872
599 870.540024459
600 870.733120213
601 870.926215967
602 871.22658714
603 871.45186552
604 871.655688815
605 871.838057028
606 871.96678753
607 872.299341329
608 872.513892167
609 872.728443005
610 873.071724345
611 873.232637473
612 873.457915853
613 873.618828982
614 873.854834903
615 874.090840825
616 874.487759875
617 874.723765796
618 875.002681885
619 875.345963226
620 875.646334399
621 875.989615739
622 876.407989873
623 876.847819091
624 877.309103392
625 877.802570319
626 878.456950374
627 879.154240597
628 879.894440988
629 880.8706473
630 881.793215903
631 882.865970092
632 884.174730202
633 885.590765732
634 887.307172435
635 888.862666009
636 890.664893046
637 892.617305671
638 895.041730138
639 897.476882147
640 900.523504044
641 903.67740136
642 907.153124933
643 910.746851466
644 914.694586882
645 918.663777382
646 923.01915939
647 927.621274861
648 933.371237315
649 939.947220494
650 946.866485014
651 953.785749533
652 961.402304276
653 969.812697119
654 978.566371302
655 988.221159004
656 997.554120449
657 1009.10768307
658 1020.82215881
659 1033.07301165
660 1045.89242421
661 1058.43292068
662 1072.12126413
663 1086.79654144
664 1102.27638439
665 1119.29026583
666 1135.5961295
667 1153.62912742
668 1173.0352507
669 1191.92645197
670 1211.75094939
671 1231.3179858
672 1252.97689287
673 1274.68943766
674 1297.9252934
675 1321.70825377
676 1344.43991504
677 1368.48033642
678 1394.28007466
679 1419.97253749
680 1446.92012272
681 1472.70913343
682 1498.31577592
683 1526.34684288
684 1554.9035594
685 1583.00971915
686 1611.11587891
687 1639.4365895
688 1668.16494668
689 1697.49404621
690 1727.97099273
691 1758.16902315
692 1787.55176039
693 1817.66397048
694 1846.99307001
695 1877.83475294
696 1907.90405287
697 1937.43697569
698 1967.58136841
699 1997.23229419
700 2028.92145294
701 2060.73934219
702 2090.24008239
703 2120.55611577
704 2150.82923899
705 2183.26932567
706 2215.39831363
707 2245.57488897
708 2276.22347615
709 2307.08661417
710 2338.06775515
711 2369.03816859
712 2398.73200455
713 2429.86333112
714 2461.8957712
715 2493.61711257
716 2525.13463065
717 2555.98704113
718 2586.4532601
719 2618.4642451
720 2649.9603081
721 2682.80804137
722 2714.29337682
723 2744.03012294
724 2774.50706945
725 2807.16170697
726 2840.1274432
727 2872.20279345
728 2903.23757214
729 2935.89220966
730 2969.52305349
731 3002.88570877
732 3037.18166019
733 3068.24862151
734 3101.97601322
735 3136.60451844
736 3171.56557746
737 3207.15956146
738 3241.18732434
739 3276.43802699
740 3314.35988758
741 3351.64882319
742 3389.97833037
743 3427.62127486
744 3466.27260829
745 3506.05033363
746 3544.80894248
747 3586.22798172
748 3625.36205454
749 3663.61646892
750 3706.82700766
751 3749.98390869
752 3793.23735759
753 3835.81497136
754 3878.01712116
755 3923.65208436
756 3969.48014332
757 4016.134223
758 4062.15537772
759 4106.78195198
760 4155.80681843
761 4206.03316956
762 4256.58134695
763 4307.89117982
764 4356.40112425
765 4407.70022957
766 4461.05902294
767 4511.42483211
768 4564.13997297
769 4615.26743762
770 4664.95741166
771 4717.4901843
772 4770.18387007
773 4822.84537321
774 4874.42339462
775 4926.35542492
776 4979.18856873
777 5033.18028707
778 5086.5819906
779 5137.75236542
780 5187.72125555
781 5239.7176511
782 5289.95472977
783 5339.19414705
784 5387.25353473
785 5432.87777039
786 5481.20534661
787 5528.66399193
788 5575.51116737
789 5619.47263404
790 5661.09549658
791 5703.06164046
792 5745.68216439
793 5786.63991933
794 5826.48200991
795 5863.79240061
796 5902.08972516
797 5938.26299642
798 5973.19187281
799 6007.4770967
800 6040.8182969
801 6072.2929048
802 6102.43729752
803 6131.11201699
804 6156.62211161
805 6180.73762578
806 6203.58729001
807 6225.16037675
808 6245.44615847
809 6263.83316527
810 6281.53360939
811 6297.32455105
812 6312.77221138
813 6327.37239589
814 6341.46838593
815 6354.24488833
816 6366.10954966
817 6376.45090004
818 6386.25587333
819 6395.02027505
820 6403.03374885
821 6411.22959085
822 6419.72580403
823 6426.98834989
824 6433.11377631
825 6438.97101418
826 6444.19532708
827 6449.05490356
828 6454.26848892
829 6459.32116115
830 6464.17001008
831 6468.61121243
832 6472.79495376
833 6476.7212341
834 6480.33641571
835 6483.87650454
836 6487.52386878
837 6490.91377202
838 6494.49677101
839 6497.54339291
840 6500.81529318
841 6503.69027441
842 6506.5545281
843 6509.858611
844 6512.71213714
845 6515.55493574
846 6518.47282714
847 6521.24053294
848 6523.6864125
849 6526.38975305
850 6528.85708769
851 6531.20641936
852 6533.60938874
853 6536.01235813
854 6538.22223176
855 6540.45356047
856 6542.47033835
857 6544.35838572
858 6546.45025639
859 6548.3490313
860 6550.23707868
861 6552.10367096
862 6553.94880817
863 6555.61157716
864 6557.43525928
865 6559.25894141
866 6561.01825828
867 6562.7132099
868 6564.2257933
869 6565.98511017
870 6567.78733721
871 6569.35355833
872 6570.81250402
873 6572.3679976
874 6574.18095218
875 6575.91881396
876 6577.44212491
877 6579.09416636
878 6580.67111502
879 6582.3553391
880 6583.88937759
881 6585.33759574
882 6586.77508636
883 6588.25548714
884 6589.68225021
885 6591.45229462
886 6592.92196786
887 6594.27363814
888 6595.58239825
889 6597.18080199
890 6598.80066082
891 6600.31324422
892 6601.74000729
893 6603.10240511
894 6604.59353344
895 6605.99884143
896 6607.53287992
897 6608.84164003
898 6610.45077131
899 6611.93117209
900 6613.29356991
901 6614.64524019
902 6616.22218885
903 6617.92786801
904 6619.24735566
905 6620.93157974
906 6622.45489069
907 6623.91383638
908 6625.40496471
909 6626.92827565
910 6628.60177219
911 6630.08217297
912 6631.84148984
913 6633.31116308
914 6634.88811174
915 6636.37924006
916 6637.81673067
917 6639.38295179
918 6640.80971486
919 6641.98974447
920 6643.5345105
921 6645.01491128
922 6646.29148877
923 6648.02935055
924 6649.57411659
925 6651.09742754
926 6652.55637323
927 6654.02604647
928 6655.46353709
929 6656.9010277
930 6658.44579373
931 6659.89401189
932 6661.38514021
933 6662.7153554
934 6664.15284602
935 6665.61179171
936 6666.87764166
937 6668.36876998
938 6669.96717372
939 6671.5226673
940 6673.00306808
941 6674.45128623
942 6675.86732176
943 6677.24044712
944 6678.5921174
945 6679.94378768
946 6681.48855371
947 6682.81876891
948 6684.20262181
949 6685.87611835
950 6687.07760304
951 6688.77255466
952 6690.09204231
953 6691.47589521
954 6693.10648158
955 6694.52251711
956 6695.91709756
957 6697.36531571
958 6698.79207878
959 6700.29393465
960 6701.75288034
961 6703.08309554
962 6704.52058615
963 6705.90443906
964 6707.19174408
965 6708.74723766
966 6710.12036302
967 6711.77240447
968 6713.38153575
969 6715.17303525
970 6716.71780128
971 6718.00510631
972 6719.45332447
973 6721.13754854
974 6722.90759295
975 6724.70981999
976 6726.28676865
977 6727.90662748
978 6729.56939647
979 6730.97470446
980 6732.55165311
981 6734.27878736
982 6735.96301144
983 6737.73305585
984 6739.47091763
985 6741.13368663
986 6742.66772512
987 6744.16958098
988 6745.67143685
989 6747.06601729
990 6748.81460662
991 6750.4237379
992 6751.98995902
993 6753.45963226
994 6754.7254822
995 6756.28097578
996 6757.76137656
997 6759.37050784
998 6760.82945354
999 6762.08457594
1000 6763.46842884
1001 6765.05610504
1002 6766.55796091
1003 6767.87744856
1004 6769.42221459
1005 6770.84897767
1006 6772.17919286
1007 6773.49868051
1008 6774.83962325
1009 6776.23420369
1010 6777.81115235
1011 6779.08772984
1012 6780.31066961
1013 6781.55506447
1014 6782.82091442
1015 6784.01167157
1016 6785.24533888
1017 6786.31809307
1018 6787.49812268
1019 6788.66742475
1020 6790.02982257
1021 6791.29567251
1022 6792.54006737
1023 6793.65573173
1024 6795.007402
1025 6796.06942865
1026 6797.33527859
1027 6798.31148491
1028 6799.49151451
1029 6800.65008904
1030 6801.73357077
1031 6802.82778004
1032 6804.05071982
1033 6805.17711172
1034 6806.51805445
1035 6807.54789847
1036 6808.58847004
1037 6809.87577506
1038 6810.96998434
1039 6811.93546311
1040 6812.87948679
1041 6814.11315411
1042 6815.36827651
1043 6816.41957562
1044 6817.54596752
1045 6818.73672467
1046 6819.79875131
1047 6821.03241863
1048 6822.34117874
1049 6823.56411852
1050 6824.72269304
1051 6826.03145315
1052 6827.2222103
1053 6828.48806025
1054 6829.6788174
1055 6830.68720633
1056 6831.81359823
1057 6833.14381343
1058 6834.29166041
1059 6835.31077689
1060 6836.36207599
1061 6837.52065052
1062 6838.89377588
1063 6840.0523504
1064 6841.15728722
1065 6842.42313716
1066 6843.57098414
1067 6844.66519342
1068 6845.96322599
1069 6847.28271364
1070 6848.50565341
1071 6849.9109614
1072 6851.18753889
1073 6852.57139179
1074 6854.01960995
1075 6855.18891201
1076 6856.30457637
1077 6857.58115385
1078 6858.771911
1079 6859.90903044
1080 6861.08906005
1081 6862.35491
1082 6863.55639469
1083 6864.79006201
1084 6866.15245983
1085 6867.41830977
1086 6868.58761183
1087 6869.67109357
1088 6870.95839859
1089 6872.08479049
1090 6873.22190993
1091 6874.19811624
1092 6875.49614881
1093 6876.75127121
1094 6878.01712116
1095 6879.10060289
1096 6880.47372825
1097 6881.71812311
1098 6882.84451501
1099 6884.1747302
1100 6885.11875389
1101 6886.36314875
1102 6887.62899869
1103 6888.83048338
1104 6889.94614774
1105 6891.11544981
1106 6892.35984467
1107 6893.53987427
1108 6894.61262846
1109 6895.59956232
1110 6896.81177455
1111 6897.86307366
1112 6898.91437276
1113 6899.87985153
1114 6900.82387522
1115 6901.87517432
1116 6903.18393443
1117 6904.21377845
1118 6905.18998477
1119 6906.18764616
1120 6907.3247656
1121 6908.1936965
1122 6909.13772018
1123 6910.17829175
1124 6911.11158789
1125 6912.05561158
1126 6913.14982085
1127 6913.98656912
1128 6914.82331739
1129 6915.74588599
1130 6916.65772705
1131 6917.70902615
1132 6918.69596001
1133 6919.67216632
1134 6920.54109721
1135 6921.45293827
1136 6922.4076895
1137 6923.39462336
1138 6924.31719196
1139 6925.3255809
1140 6926.09796391
1141 6926.89180201
1142 6927.78218799
1143 6928.55457101
1144 6929.14458581
1145 6929.8847862
1146 6930.53916626
1147 6931.16136369
1148 6931.90156408
1149 6932.63103692
1150 6933.30687206
1151 6934.00416229
1152 6934.89454826
1153 6935.53820078
1154 6936.32131133
1155 6937.01860156
1156 6937.68370915
1157 6938.43463709
1158 6939.23920273
1159 6940.03304083
1160 6940.80542385
1161 6941.4598039
1162 6942.09272887
1163 6942.76856401
1164 6943.46585423
1165 6944.24896479
1166 6944.8389796
1167 6945.53626982
1168 6946.25501513
1169 6946.95230535
1170 6947.63886803
1171 6948.25033792
1172 6948.81889764
1173 6949.59128065
1174 6950.40657384
1175 6951.03949881
1176 6951.54369328
1177 6952.14443562
1178 6952.82027076
1179 6953.53901607
1180 6954.12903087
1181 6954.76195585
1182 6955.29833294
1183 6955.77034478
1184 6956.52127272
1185 6957.11128752
1186 6957.87294299
1187 6958.62387093
1188 6959.36407132
1189 6960.07208908
1190 6960.82301701
1191 6961.54176232
1192 6962.11032204
1193 6962.85052243
1194 6963.71945332
1195 6964.43819863
1196 6965.17839902
1197 6965.96150958
1198 6966.80898539
1199 6967.6564612
1200 6968.37520651
1201 6969.20122723
1202 6970.12379583
1203 6970.92836148
1204 6971.8831127
1205 6972.7520436
1206 6973.69606728
1207 6974.39335751
1208 6975.21937823
1209 6976.16340192
1210 6976.93578493
1211 6977.96562896
1212 6978.86674247
1213 6979.6927632
1214 6980.49732884
1215 6981.53790041
1216 6982.48192409
1217 6983.65122616
1218 6984.54161213
1219 6985.31399515
1220 6986.06492308
1221 6986.95530906
1222 6987.8886052
1223 6988.7575361
1224 6989.41191615
1225 6990.16284409
1226 6990.99959235
1227 6991.87925079
1228 6992.73745414
1229 6993.37037911
1230 6994.40022313
1231 6995.18333369
1232 6995.85916883
1233 6996.50282134
1234 6997.1572014
1235 6997.86521916
1236 6998.69123989
1237 6999.59235341
1238 7000.36473642
1239 7001.21221223
1240 7002.07041558
1241 7002.75697827
1242 7003.45426849
1243 7004.32319938
1244 7004.94539681
1245 7005.57832178
1246 7006.40434251
1247 7007.03726748
1248 7007.8096505
1249 7008.65712631
1250 7009.57969491
1251 7010.28771267
1252 7011.02791306
1253 7011.49992491
1254 7012.2401253
1255 7013.06614602
1256 7013.69907099
1257 7014.47145401
1258 7015.22238194
1259 7015.94112725
1260 7016.53114205
1261 7017.34643524
1262 7017.89353987
1263 7018.61228518
1264 7019.39539574
1265 7020.16777876
1266 7020.85434144
1267 7021.41217361
1268 7022.0236435
1269 7022.75311635
1270 7023.33240361
1271 7023.84732562
1272 7024.50170568
1273 7025.04881032
1274 7025.76755562
1275 7026.43266322
1276 7026.92613015
1277 7027.53760003
1278 7028.10615975
1279 7028.64253685
1280 7029.28618936
1281 7029.77965629
1282 7030.30530584
1283 7030.78804523
1284 7031.35660495
1285 7031.82861679
1286 7032.42935914
1287 7032.96573623
1288 7033.53429595
1289 7034.17794846
1290 7034.82160098
1291 7035.49743612
1292 7036.08745092
1293 7036.74183098
1294 7037.22457036
1295 7037.70730975
1296 7038.24368684
1297 7038.81224656
1298 7039.30571349
1299 7039.8206355
1300 7040.32482997
1301 7040.89338969
1302 7041.54776974
1303 7042.14851209
1304 7042.70634427
1305 7043.14617349
1306 7043.70400566
1307 7044.2511103
1308 7044.77675985
1309 7045.28095432
1310 7045.8387865
1311 7046.35370851
1312 7046.89008561
1313 7047.49082795
1314 7047.98429488
1315 7048.53139952
1316 7048.94977365
1317 7049.49687829
1318 7050.23707868
1319 7050.95582398
1320 7051.53511124
1321 7052.21094638
1322 7052.97260186
1323 7053.65916454
1324 7054.24917934
1325 7055.01083482
1326 7055.81540046
1327 7056.41614281
1328 7057.1563432
1329 7057.75708554
1330 7058.3363728
1331 7058.84056727
1332 7059.45203716
1333 7060.17078247
1334 7060.99680319
1335 7061.61900062
1336 7062.23047051
1337 7062.77757515
1338 7063.46413783
1339 7064.17215559
1340 7064.75144285
1341 7065.43800554
1342 7066.17820593
1343 7066.84331352
1344 7067.72297196
1345 7068.34516939
1346 7069.03173207
1347 7069.70756721
1348 7070.50140531
1349 7071.27378832
1350 7072.01398871
1351 7072.64691369
1352 7073.23692849
1353 7073.94494626
1354 7074.61005385
1355 7075.48971229
1356 7076.2620953
1357 7077.0559334
1358 7077.721041
1359 7078.48269647
1360 7079.16925916
1361 7079.898732
1362 7080.64965994
1363 7081.33622262
1364 7082.09787809
1365 7082.85953357
1366 7083.68555429
1367 7084.61885044
1368 7085.33759574
1369 7086.10997876
1370 7086.9145444
1371 7087.62256217
1372 7088.41640027
1373 7089.30678624
1374 7090.11135188
1375 7090.86227982
1376 7091.70975563
1377 7092.50359373
1378 7093.37252462
1379 7094.24145551
1380 7095.04602115
1381 7095.73258384
1382 7096.49423931
1383 7097.40608037
1384 7098.24282864
1385 7099.06884936
1386 7099.86268746
1387 7100.77452852
1388 7101.63273188
1389 7102.52311785
1390 7103.41350383
1391 7104.31461735
1392 7105.03336266
1393 7105.94520372
1394 7106.79267953
1395 7107.64015533
1396 7108.54126885
1397 7109.16346628
1398 7109.9358493
1399 7111.00860349
1400 7111.80244159
1401 7112.61773477
1402 7113.55103092
1403 7114.38777918
1404 7115.48198846
1405 7116.38310198
1406 7117.37003583
1407 7118.31405952
1408 7119.27953829
1409 7120.27719968
1410 7121.32849879
1411 7122.15451951
1412 7123.00199532
1413 7123.86019867
1414 7124.5574889
1415 7125.50151258
1416 7126.33826085
1417 7127.16428158
1418 7128.25849085
1419 7129.22396962
1420 7130.22163102
1421 7131.0369242
1422 7132.00240297
1423 7132.92497157
1424 7133.82608509
1425 7134.74865369
1426 7135.76777017
1427 7136.4650604
1428 7137.44126671
1429 7138.36383531
1430 7139.22203866
1431 7140.19824497
1432 7141.21736145
1433 7142.0219271
1434 7142.97667832
1435 7143.89924693
1436 7144.85399815
1437 7145.69074642
1438 7146.66695273
1439 7147.41788067
1440 7148.17953614
1441 7148.87682636
1442 7149.73502972
1443 7150.57177798
1444 7151.35488854
1445 7152.1379991
1446 7152.9318372
1447 7153.73640284
1448 7154.61606128
1449 7155.45280954
1450 7156.37537815
1451 7157.00830312
1452 7157.64122809
1453 7158.45652127
1454 7159.20744921
1455 7159.96910468
1456 7160.69857753
1457 7161.47096054
1458 7162.22188848
1459 7162.89772362
1460 7163.56283121
1461 7164.28157652
1462 7164.9681392
1463 7165.80488747
1464 7166.50217769
1465 7167.0170997
1466 7167.80021026
1467 7168.43313523
1468 7169.20551825
1469 7169.8598983
1470 7170.56791607
1471 7171.32957154
1472 7172.04831685
1473 7172.89579266
1474 7173.48580746
1475 7174.07582227
1476 7174.9554807
1477 7175.73859126
1478 7176.37151623
1479 7176.95080349
1480 7177.55154584
1481 7178.39902165
1482 7178.93539874
1483 7179.514686
1484 7180.11542835
1485 7180.66253299
1486 7181.37055075
1487 7181.93911047
1488 7182.44330494
1489 7183.11914008
1490 7183.71988243
1491 7184.33135231
1492 7184.98573237
1493 7185.52210946
1494 7186.15503444
1495 7186.82014203
1496 7187.46379455
1497 7188.05380935
1498 7188.72964449
1499 7189.35184192
1500 7189.89894656
1501 10000.0
