0 36.9915427732
1 79.0658929504
2 143.589309162
3 218.419529276
4 291.837858444
5 358.337921979
6 424.132040041
7 491.338049049
8 556.567410733
9 619.678935999
10 678.978355712
11 753.808575826
12 827.509283183
13 909.540147119
14 998.348087594
15 1094.63905008
16 1198.97779096
17 1314.32928121
18 1429.68077146
19 1550.96220368
20 1673.37314866
21 1790.41890804
22 1926.66638429
23 2063.47861691
24 2215.39808265
25 2351.92793709
26 2504.97691558
27 2648.42503565
28 2818.55789459
29 2974.57184407
30 3138.77476104
31 3318.79085659
32 3491.88868652
33 3692.51838988
34 3868.15762351
35 4074.85845793
36 4258.82784814
37 4479.50640293
38 4658.9577421
39 4885.84861705
40 5064.17044347
41 5248.56340096
42 5471.35979217
43 5659.42366612
44 5864.85379869
45 6052.49410536
46 6259.19493978
47 6435.54011888
48 6639.55836051
49 6802.49057563
50 6973.61175823
51 7145.72126449
52 7297.49954114
53 7464.52623999
54 7602.60917447
55 7756.22290934
56 7879.33979979
57 8014.88133057
58 8124.72644613
59 8253.91446765
60 8356.41775029
61 8453.69703644
62 8554.22367176
63 8638.23118302
64 8734.09857823
65 8807.79928558
66 8883.75901845
67 8956.75378034
68 9028.90140766
69 9087.21250371
70 9144.67646519
71 9192.68075734
72 9238.00245669
73 9286.57150522
74 9326.95158626
75 9370.43782738
76 9402.62894094
77 9437.5026473
78 9471.38802999
79 9508.94432914
80 9535.34668982
81 9565.13758877
82 9591.53994945
83 9615.54209553
84 9637.144027
85 9652.6748274
86 9671.87654426
87 9689.66637017
88 9706.75025061
89 9720.86916007
90 9735.5528259
91 9744.58892795
92 9754.89573185
93 9765.34372485
94 9773.39150324
95 9782.1452271
96 9790.19300549
97 9798.66435117
98 9803.74715857
99 9809.95947873
100 9814.75990794
101 9821.25460629
102 9825.91384641
103 9829.72595197
104 9834.38519209
105 9838.05610855
106 9843.28010504
107 9846.10388694
108 9849.21004702
109 9852.3162071
110 9855.13998899
111 9857.3990145
112 9860.78755277
113 9862.623011
114 9863.89371285
115 9866.99987293
116 9868.69414206
117 9870.2472221
118 9871.65911305
119 9873.071004
120 9873.91813856
121 9875.6124077
122 9877.30667683
123 9879.14213506
124 9880.13045872
125 9881.25997148
126 9882.38948424
127 9884.50732065
128 9886.90753526
129 9888.74299349
130 9890.15488444
131 9891.99034267
132 9892.41390995
133 9894.10817908
134 9895.23769184
135 9895.80244822
136 9896.93196098
137 9898.20266283
138 9898.9086083
139 9900.46168834
140 9901.5912011
141 9902.29714657
142 9903.56784842
143 9904.41498299
144 9905.26211755
145 9906.10925212
146 9907.09757578
147 9907.80352126
148 9908.36827763
149 9909.63897949
150 9910.34492496
151 9911.61562681
152 9912.60395047
153 9913.59227413
154 9915.00416508
155 9915.42773236
156 9916.27486693
157 9917.40437969
158 9918.81627063
159 9920.22816158
160 9921.78124162
161 9922.76956528
162 9924.7462126
163 9926.44048174
164 9927.56999449
165 9929.26426363
166 9930.39377638
167 9931.09972186
168 9931.94685642
169 9933.21755828
170 9933.92350375
171 9934.91182741
172 9935.90015107
173 9936.74728564
174 9937.31204202
175 9937.7356093
176 9938.58274387
177 9939.14750025
178 9940.4182021
179 9941.54771485
180 9942.53603852
181 9944.23030765
182 9944.65387493
183 9945.6421986
184 9946.06576588
185 9947.19527864
186 9947.90122411
187 9948.0424132
188 9949.17192596
189 9950.44262781
190 9951.99570785
191 9953.2664097
192 9954.53711155
193 9954.96067884
194 9955.24305703
195 9955.8078134
196 9956.93732616
197 9957.50208254
198 9958.34921711
199 9958.77278439
200 9960.18467534
201 9962.02013356
202 9963.14964632
203 9964.42034817
204 9964.70272636
205 9966.2558064
206 9967.38531916
207 9968.37364282
208 9969.22077739
209 9970.35029014
210 9971.05623562
211 9971.4798029
212 9973.17407203
213 9973.45645022
214 9974.0212066
215 9974.72715207
216 9975.43309755
217 9976.42142121
218 9977.40974487
219 9977.83331215
220 9978.96282491
221 9979.80995948
222 9980.51590495
223 9980.93947224
224 9981.22185042
225 9982.21017409
226 9982.49255228
227 9983.19849775
228 9983.90444322
229 9985.03395598
230 9985.73990145
231 9986.02227964
232 9986.72822511
233 9986.72822511
234 9986.72822511
235 9987.1517924
236 9987.85773787
237 9988.42249425
238 9988.98725062
239 9989.26962881
240 9989.552007
241 9989.83438519
242 9990.11676338
243 9990.68151976
244 9990.96389795
245 9991.52865433
246 9991.66984342
247 9992.0934107
248 9992.2345998
249 9992.37578889
250 9992.65816708
251 9992.65816708
252 9992.94054527
253 9993.08173437
254 9993.22292346
255 9993.64649075
256 9993.78767984
257 9993.92886893
258 9994.35243622
259 9994.9171926
260 9995.19957079
261 9995.34075988
262 9995.48194897
263 9995.62313807
264 9995.62313807
265 9995.90551626
266 9996.18789445
267 9996.32908354
268 9996.32908354
269 9996.32908354
270 9996.32908354
271 9996.32908354
272 9996.61146173
273 9996.75265083
274 9997.03502901
275 9997.03502901
276 9997.17621811
277 9997.3174072
278 9997.3174072
279 9997.4585963
280 9997.4585963
281 9997.59978539
282 9997.59978539
283 9997.74097449
284 9997.88216358
285 9998.02335268
286 9998.02335268
287 9998.16454177
288 9998.16454177
289 9998.16454177
290 9998.30573087
291 9998.30573087
292 9998.30573087
293 9998.30573087
294 9998.44691996
295 9998.58810905
296 9998.72929815
297 9998.72929815
298 9998.87048724
299 9998.87048724
300 9998.87048724
301 9998.87048724
302 9999.01167634
303 9999.01167634
304 9999.01167634
305 9999.01167634
306 9999.15286543
307 9999.15286543
308 9999.29405453
309 9999.29405453
310 9999.29405453
311 9999.43524362
312 9999.43524362
313 9999.43524362
314 9999.43524362
315 9999.57643272
316 9999.57643272
317 9999.57643272
318 9999.57643272
319 9999.57643272
320 9999.57643272
321 9999.57643272
322 9999.57643272
323 9999.57643272
324 9999.57643272
325 9999.71762181
326 9999.71762181
327 9999.71762181
328 9999.71762181
329 9999.71762181
330 9999.71762181
331 9999.71762181
332 9999.71762181
333 9999.71762181
334 9999.71762181
365 9999.85881091
366 9999.85881091
367 9999.85881091
368 9999.85881091
369 9999.85881091
370 9999.85881091
371 9999.85881091
372 9999.85881091
373 9999.85881091
374 9999.85881091
560 10000.0
561 10000.0
562 10000.0
563 10000.0
564 10000.0
565 10000.0
566 10000.0
567 10000.0
568 10000.0
569 10000.0
1501 10000.0
