0 0.0
1 0.0
2 0.0
3 0.0
4 0.0
5 0.0
6 0.0
7 0.0
8 0.0
35 0.0478578812359
36 0.0478578812359
37 0.0478578812359
38 0.0478578812359
39 0.0478578812359
40 0.0478578812359
41 0.0478578812359
42 0.0478578812359
43 0.0478578812359
44 0.0478578812359
46 0.0957157624718
47 0.0957157624718
48 0.0957157624718
49 0.191431524944
50 0.191431524944
51 0.191431524944
52 0.191431524944
53 0.191431524944
54 0.191431524944
55 0.287147287415
56 0.287147287415
57 0.287147287415
58 0.287147287415
59 0.287147287415
60 0.287147287415
61 0.335005168651
62 0.335005168651
63 0.335005168651
64 0.335005168651
65 0.335005168651
66 0.335005168651
67 0.382863049887
68 0.382863049887
69 0.430720931123
70 0.430720931123
71 0.430720931123
72 0.430720931123
73 0.478578812359
74 0.526436693595
75 0.526436693595
76 0.526436693595
77 0.574294574831
78 0.574294574831
79 0.574294574831
80 0.670010337302
81 0.717868218538
82 0.81358398101
83 0.81358398101
84 0.957157624718
85 1.00501550595
86 1.10073126843
87 1.10073126843
88 1.14858914966
89 1.14858914966
90 1.1964470309
91 1.1964470309
92 1.29216279337
93 1.29216279337
94 1.29216279337
95 1.3400206746
96 1.38787855584
97 1.38787855584
98 1.38787855584
99 1.38787855584
100 1.48359431831
101 1.53145219955
102 1.72288372449
103 1.8664573682
104 1.91431524944
105 2.01003101191
106 2.01003101191
107 2.20146253685
108 2.34503618056
109 2.44075194303
110 2.58432558674
111 2.58432558674
112 2.68004134921
113 2.72789923045
114 2.87147287415
115 2.96718863662
116 3.01504651786
117 3.2064780428
118 3.39790956775
119 3.49362533022
120 3.63719897393
121 3.68505685516
122 3.82863049887
123 4.06791990505
124 4.11577778629
125 4.30720931123
126 4.35506719247
127 4.49864083617
128 4.59435659864
129 4.9293617673
130 5.12079329224
131 5.12079329224
132 5.16865117348
133 5.21650905471
134 5.45579846089
135 5.5993721046
136 5.69508786707
137 5.74294574831
138 5.93437727325
139 6.07795091696
140 6.22152456066
141 6.46081396684
142 6.50867184808
143 6.55652972932
144 6.65224549179
145 6.84367701673
146 6.9393927792
147 7.13082430415
148 7.32225582909
149 7.37011371033
150 7.56154523527
151 7.60940311651
152 7.84869252268
153 7.94440828516
154 7.99226616639
155 8.23155557257
156 8.51870285999
157 8.61441862246
158 8.85370802864
159 8.94942379111
160 9.14085531605
161 9.38014472223
162 9.71514989088
163 9.76300777212
164 10.0980129408
165 10.2415865845
166 10.5287338719
167 10.7201653968
168 11.150886328
169 11.2944599717
170 11.5337493778
171 11.9166124277
172 12.1080439527
173 12.3473333589
174 12.4909070026
175 12.6823385275
176 12.9694858149
177 13.3523488648
178 13.591638271
179 13.9745013209
180 14.405222252
181 14.7402274207
182 15.2666641142
183 15.5538114017
184 15.8888165703
185 16.223821739
186 16.3673953827
187 16.5109690264
188 16.9416899575
189 17.4202687699
190 17.659558176
191 17.7074160573
192 18.0424212259
193 18.4731421571
194 18.7124315632
195 19.1910103756
196 19.8131628317
197 20.2438837628
198 20.6267468127
199 21.105325625
200 21.5360465561
201 62.8373980627
202 113.423178529
203 226.272062483
204 376.450093801
205 500.402006202
206 580.803246679
207 624.449634366
208 653.020789464
209 672.020368314
210 685.229143535
211 696.619319269
212 704.946590605
213 711.981699146
214 718.777518282
215 725.142616486
216 731.842719859
217 737.585665607
218 745.195068724
219 751.943029978
220 757.494544202
221 763.476779356
222 767.87970443
223 772.904781959
224 776.733412458
225 780.227037789
226 782.428500325
227 784.91711015
228 787.022856924
229 788.841456411
230 791.330066235
231 793.627244535
232 795.637275547
233 797.69516444
234 799.609479689
235 800.853784601
236 802.241663157
237 803.53382595
238 805.352425437
239 807.075309162
240 808.702477124
241 810.329645086
242 811.430376354
243 812.578965504
244 813.488265248
245 814.684712278
246 815.641869903
247 816.31188024
248 817.269037865
249 818.22619549
250 818.848347946
251 819.757647689
252 821.001952602
253 822.006968108
254 823.346988782
255 824.878440982
256 826.840614112
257 829.329223937
258 833.062138673
259 835.455032735
260 838.565795015
261 840.767257552
262 842.298709752
263 843.638730426
264 844.643745932
265 845.648761438
266 847.036639994
267 848.520234312
268 850.051686512
269 851.630996593
270 853.258164555
271 854.981048279
272 856.703932004
273 857.613231747
274 858.713963015
275 860.915425552
276 862.446877752
277 864.935487576
278 866.945518588
279 870.917722731
280 873.884911367
281 877.043531529
282 879.915004403
283 881.925035415
284 883.887208546
285 886.088671082
286 888.194417857
287 890.204448869
288 892.166621999
289 893.985221486
290 895.420957923
291 897.718136223
292 900.015314522
293 901.594624603
294 904.083234427
295 906.619702133
296 909.299743482
297 911.692637544
298 914.037673724
299 916.621999311
300 919.445614304
301 922.221371415
302 924.662123358
303 927.294306826
304 929.112906313
305 931.075079444
306 933.276541981
307 935.669436043
308 938.205903748
309 940.120218998
310 942.225965772
311 944.762433478
312 946.772464489
313 948.973927026
314 951.271105326
315 952.802557525
316 954.573299131
317 956.583330143
318 958.880508442
319 961.12982886
320 963.235575635
321 965.054175122
322 967.925647996
323 969.983536889
324 972.184999426
325 973.812167388
326 975.391477469
327 977.353650599
328 979.459397374
329 981.66085991
330 983.479459397
331 985.010911597
332 986.255216509
333 987.643095065
334 989.030973621
335 989.988131245
336 991.663157089
337 993.051035645
338 994.486772082
339 995.874650637
340 997.071097668
341 998.171828937
342 999.942570543
343 1002.0961752
344 1004.68050078
345 1007.83912095
346 1012.86419848
347 1019.37287032
348 1028.56158352
349 1042.24893756
350 1062.77996861
351 1093.4090126
352 1135.33251656
353 1194.62843141
354 1273.9767985
355 1365.67249895
356 1477.32493587
357 1616.78280179
358 1780.93533443
359 1971.55327539
360 2177.1028753
361 2383.51391707
362 2611.93958421
363 2850.75041158
364 3094.68203224
365 3329.71208699
366 3547.46544661
367 3753.8286305
368 3957.32034151
369 4148.32114553
370 4328.55392626
371 4483.61346146
372 4623.74133772
373 4755.97266358
374 4872.50660439
375 4974.92247023
376 5066.47459704
377 5147.45013209
378 5221.72556377
379 5288.7265975
380 5349.88896972
381 5405.73911712
382 5450.10337302
383 5494.18048164
384 5532.0360657
385 5566.49374019
386 5598.41494697
387 5625.8853708
388 5651.72862667
389 5674.55683602
390 5695.27929859
391 5713.65672499
392 5729.21053639
393 5744.04647957
394 5758.0209809
395 5769.45901451
396 5780.22703779
397 5788.3628776
398 5796.54657529
399 5802.86381561
400 5808.36747196
401 5813.82327042
402 5817.79547456
403 5821.57624718
404 5824.78272522
405 5827.79777174
406 5830.09495004
407 5832.24855469
408 5834.0192963
409 5835.69432214
410 5837.03434282
411 5838.56579502
412 5840.00153145
413 5841.24583636
414 5842.01156246
415 5842.92086221
416 5843.78230407
417 5844.50017229
418 5845.60090356
419 5846.27091389
420 5847.46736092
421 5847.89808186
422 5848.8073816
423 5849.47739194
424 5850.09954439
425 5850.57812321
426 5851.15241778
427 5851.67885447
428 5852.1095754
429 5852.68386998
430 5853.49745396
431 5853.88031701
432 5854.74175887
433 5855.07676404
434 5855.6989165
435 5856.12963743
436 5856.703932
437 5857.08679505
438 5857.66108963
439 5858.04395268
440 5858.2353842
441 5859.0011103
442 5859.527547
443 5859.86255217
444 5860.43684674
445 5860.72399403
446 5861.34614648
447 5862.15973046
448 5862.8297408
449 5863.97832995
450 5864.74405605
451 5865.60549791
452 5866.70622918
453 5867.66338681
454 5868.62054443
455 5870.24771239
456 5871.34844366
457 5872.97561162
458 5874.5549217
459 5876.51709484
460 5878.04854703
461 5879.81928864
462 5881.78146177
463 5883.31291397
464 5884.84436617
465 5886.23224473
466 5887.90727057
467 5889.48658065
468 5891.16160649
469 5892.35805352
470 5894.27236877
471 5895.32524216
472 5895.94739462
473 5897.19169953
474 5898.24457292
475 5899.01029902
476 5899.823883
477 5900.30246181
478 5900.73318274
479 5901.21176155
480 5901.5946246
481 5902.45606647
482 5903.1260768
483 5903.55679773
484 5904.46609748
485 5905.13610781
486 5905.66254451
487 5906.04540756
488 5906.9547073
489 5907.62471764
490 5908.10329645
491 5909.10831196
492 5909.82618018
493 5910.97476933
494 5912.02764271
495 5913.36766339
496 5914.42053677
497 5915.47341016
498 5916.28699414
499 5917.6748727
500 5919.25418278
501 5920.7377771
502 5921.98208201
503 5923.70496573
504 5925.23641793
505 5927.34216471
506 5928.68218538
507 5930.30935334
508 5932.27152647
509 5934.37727325
510 5936.81802519
511 5939.5937823
512 5942.84811823
513 5946.96389601
514 5952.56326812
515 5957.82763505
516 5963.52272292
517 5969.21781079
518 5974.81718289
519 5979.55511314
520 5983.19231211
521 5986.87736897
522 5990.13170489
523 5993.09889353
524 5996.59251886
525 5999.94257054
526 6003.00547494
527 6005.68551629
528 6007.83912095
529 6009.70557831
530 6012.2899039
531 6014.44350856
532 6015.97496076
533 6017.6499866
534 6019.08572304
535 6020.66503312
536 6021.33504345
537 6022.05291167
538 6022.72292201
539 6023.39293235
540 6023.91936904
541 6024.25437421
542 6025.02010031
543 6025.546537
544 6026.02511582
545 6026.21654734
546 6026.64726827
547 6026.98227344
548 6027.41299437
549 6028.13086259
550 6028.51372564
551 6029.32730962
552 6030.28446725
553 6030.9066197
554 6031.24162487
555 6031.81591945
556 6032.9645086
557 6034.11309774
558 6035.59669206
559 6036.93671274
560 6038.22887553
561 6040.04747502
562 6041.33963781
563 6043.01466365
564 6045.40755772
565 6047.80045178
566 6049.61905127
567 6051.29407711
568 6052.82552931
569 6055.02699185
570 6057.22845438
571 6059.81277997
572 6062.25353191
573 6064.0721314
574 6066.27359394
575 6068.666488
576 6070.15008232
577 6071.87296604
578 6073.16512883
579 6075.0315862
580 6076.22803323
581 6077.71162755
582 6079.14736399
583 6080.00880585
584 6081.39668441
585 6082.16241051
586 6082.97599449
587 6083.64600482
588 6084.55530457
589 6085.41674643
590 6086.03889889
591 6086.61319346
592 6087.37891956
593 6088.00107202
594 6088.33607719
595 6088.71894024
596 6088.95822964
597 6089.14966117
598 6089.34109269
599 6089.43680845
600 6089.5803821
601 6089.62823998
602 6089.8196715
603 6089.91538727
604 6090.20253455
605 6090.5853976
606 6090.96826065
607 6091.78184463
608 6092.49971285
609 6093.4090126
610 6095.41904361
611 6096.66334852
612 6097.62050614
613 6098.29051648
614 6099.10410046
615 6099.53482139
616 6099.82196868
617 6100.34840538
618 6100.82698419
619 6101.01841571
620 6101.305563
621 6101.54485241
622 6101.73628393
623 6101.87985757
624 6101.97557334
625 6102.11914698
626 6102.31057851
627 6102.45415215
628 6102.45415215
629 6102.54986791
630 6102.64558367
631 6102.74129944
632 6102.8370152
633 6103.12416249
634 6103.17202037
635 6103.21987825
636 6103.41130977
637 6103.6027413
638 6103.69845706
639 6104.03346223
640 6104.27275164
641 6104.65561469
642 6105.27776714
643 6105.56491443
644 6105.99563536
645 6106.85707722
646 6107.52708756
647 6108.29281366
648 6109.29782917
649 6110.01569739
650 6111.30786018
651 6112.83931238
652 6114.27504882
653 6115.56721161
654 6117.76867415
655 6120.11371033
656 6121.93230981
657 6123.65519354
658 6125.90451396
659 6128.77598683
660 6130.8817336
661 6133.32248555
662 6135.52394808
663 6137.7732685
664 6139.83115739
665 6142.08047781
666 6145.09552433
667 6147.48841839
668 6150.31203339
669 6153.18350626
670 6155.71997397
671 6157.9214365
672 6160.64933573
673 6162.08507217
674 6164.43010835
675 6166.48799724
676 6167.82801792
677 6169.50304376
678 6170.89092232
679 6172.51809028
680 6173.66667943
681 6175.24598951
682 6176.15528925
683 6177.25602052
684 6178.40460967
685 6179.02676213
686 6179.93606187
687 6180.79750373
688 6181.51537195
689 6181.898235
690 6182.52038746
691 6182.99896627
692 6183.23825568
693 6183.47754508
694 6183.90826601
695 6184.1954133
696 6184.29112906
697 6184.67399211
698 6185.15257093
699 6185.24828669
700 6185.58329186
701 6185.87043914
702 6186.30116008
703 6186.39687584
704 6186.68402312
705 6186.87545465
706 6187.16260194
707 6187.40189134
708 6187.44974922
709 6187.83261227
710 6188.0240438
711 6188.07190168
712 6188.16761744
713 6188.31119109
714 6188.40690685
715 6188.69405414
716 6188.93334354
717 6189.02905931
718 6189.22049083
719 6189.26834871
720 6189.36406447
721 6189.45978024
722 6189.74692752
723 6189.89050117
724 6190.36907998
725 6190.65622727
726 6191.37409549
727 6191.99624794
728 6192.47482675
729 6192.71411616
730 6192.95340557
731 6193.28841074
732 6193.81484743
733 6194.10199472
734 6194.389142
735 6195.10701022
736 6195.96845208
737 6196.39917302
738 6197.02132547
739 6197.59562005
740 6198.79206708
741 6199.31850377
742 6199.89279835
743 6200.46709292
744 6201.18496114
745 6202.33355029
746 6203.29070791
747 6204.20000766
748 6205.06144952
749 6205.8750335
750 6206.73647536
751 6207.55005934
752 6208.31578544
753 6209.22508519
754 6209.79937976
755 6209.94295341
756 6210.4693901
757 6211.04368467
758 6211.66583713
759 6212.47942111
760 6213.05371569
761 6213.96301543
762 6214.58516789
763 6215.20732034
764 6215.78161492
765 6216.0687622
766 6216.49948313
767 6216.88234618
768 6217.16949347
769 6217.55235652
770 6217.79164593
771 6218.27022474
772 6218.50951415
773 6218.94023508
774 6219.56238753
775 6220.23239787
776 6220.80669245
777 6221.38098702
778 6221.85956583
779 6222.52957617
780 6223.10387075
781 6224.01317049
782 6224.92247023
783 6225.64033845
784 6226.45392243
785 6227.5546537
786 6228.36823768
787 6229.66040047
788 6230.90470539
789 6231.95757877
790 6232.77116276
791 6234.20689919
792 6235.06834105
793 6235.9776408
794 6237.22194571
795 6238.60982427
796 6240.28485011
797 6242.05559171
798 6243.39561239
799 6244.6399173
800 6246.1713695
801 6248.22925839
802 6249.56927907
803 6251.24430491
804 6253.11076228
805 6254.69007236
806 6255.88651939
807 6257.41797159
808 6258.75799227
809 6260.24158658
810 6261.67732302
811 6262.77805429
812 6263.7830698
813 6265.36237988
814 6266.46311115
815 6267.8509897
816 6268.90386309
817 6269.76530495
818 6270.53103105
819 6271.53604656
820 6272.30177266
821 6273.16321452
822 6273.88108274
823 6275.12538765
824 6275.7475401
825 6276.75255561
826 6277.56613959
827 6278.09257629
828 6278.76258662
829 6279.3368812
830 6283.35694322
831 6291.39706727
832 6299.96362801
833 6309.87020943
834 6328.15192006
835 6352.32015008
836 6377.15839044
837 6409.22317087
838 6441.14437766
839 6477.13350435
840 6507.18825376
841 6533.17508327
842 6553.03610399
843 6570.79137792
844 6582.51655883
845 6593.42815575
846 6601.85114285
847 6608.64696198
848 6615.77778629
849 6620.70714805
850 6625.34936253
851 6630.61372947
852 6635.30380183
853 6638.36670623
854 6642.33891037
855 6645.25824113
856 6647.60327731
857 6650.18760289
858 6652.34120755
859 6654.59052797
860 6656.02626441
861 6657.94057965
862 6659.47203185
863 6660.95562617
864 6662.39136261
865 6663.49209388
866 6664.30567786
867 6665.16711972
868 6666.02856158
869 6666.79428768
870 6667.32072438
871 6667.79930319
872 6668.46931353
873 6668.85217658
874 6669.52218691
875 6670.09648149
876 6670.86220759
877 6671.3407864
878 6672.48937555
879 6673.06367013
880 6674.11654351
881 6674.88226961
882 6675.45656419
883 6676.07871664
884 6676.84444274
885 6677.51445308
886 6678.08874765
887 6678.61518435
888 6679.52448409
889 6680.33806807
890 6681.00807841
891 6681.82166239
892 6683.11382518
893 6683.92740917
894 6684.78885103
895 6685.84172442
896 6687.03817145
897 6688.61748153
898 6690.19679161
899 6691.15394923
900 6692.20682262
901 6693.73827482
902 6695.41330066
903 6697.13618439
904 6698.81121023
905 6701.15624641
906 6702.87913014
907 6705.31988208
908 6707.42562885
909 6709.38780198
910 6711.82855393
911 6713.98215858
912 6716.32719476
913 6718.76794671
914 6721.11298289
915 6723.1230139
916 6724.75018186
917 6726.85592863
918 6729.00953329
919 6731.88100616
920 6733.84317929
921 6736.57107853
922 6739.15540411
923 6741.93116122
924 6744.32405529
925 6746.5733757
926 6748.870554
927 6751.26344806
928 6753.75205789
929 6755.52279949
930 6757.67640415
931 6760.02144033
932 6761.45717677
933 6763.51506566
934 6765.52509667
935 6767.63084345
936 6769.40158505
937 6771.17232666
938 6772.94306826
939 6774.71380987
940 6776.43669359
941 6777.77671427
942 6779.11673494
943 6780.31318197
944 6781.41391324
945 6782.70607604
946 6783.95038095
947 6785.05111222
948 6786.43899077
949 6787.53972204
950 6788.44902178
951 6789.40617941
952 6790.4590528
953 6791.51192618
954 6792.2297944
955 6792.9955205
956 6793.80910448
957 6794.67054635
958 6795.14912516
959 6795.67556185
960 6796.44128795
961 6797.01558253
962 6797.73345074
963 6798.40346108
964 6798.92989778
965 6799.55205023
966 6799.8870554
967 6800.36563421
968 6800.70063938
969 6800.93992879
970 6801.22707607
971 6801.80137065
972 6802.13637582
973 6802.42352311
974 6802.56709675
975 6802.90210192
976 6802.99781768
977 6803.28496497
978 6803.57211226
979 6804.09854895
980 6804.24212259
981 6804.52926988
982 6804.86427505
983 6805.19928022
984 6805.39071174
985 6805.58214327
986 6805.82143267
987 6806.39572725
988 6806.58715877
989 6807.20931123
990 6807.35288487
991 6807.44860064
992 6807.7836058
993 6808.11861097
994 6808.21432674
995 6808.40575826
996 6808.74076343
997 6808.88433707
998 6809.0757686
999 6809.21934224
1000 6809.55434741
1001 6809.8414947
1002 6809.88935258
1003 6809.98506834
1004 6810.0807841
1005 6810.51150503
1006 6810.79865232
1007 6810.99008385
1008 6811.27723113
1009 6811.32508902
1010 6811.6122363
1011 6811.70795207
1012 6811.94724147
1013 6812.23438876
1014 6812.76082545
1015 6812.85654122
1016 6813.23940427
1017 6813.43083579
1018 6813.76584096
1019 6814.14870401
1020 6814.34013553
1021 6814.48370918
1022 6814.6751407
1023 6815.05800375
1024 6815.10586163
1025 6815.15371951
1026 6815.39300892
1027 6815.63229833
1028 6815.91944561
1029 6816.01516138
1030 6816.06301926
1031 6816.49374019
1032 6816.82874536
1033 6817.02017688
1034 6817.21160841
1035 6817.40303993
1036 6817.59447146
1037 6818.02519239
1038 6818.26448179
1039 6818.55162908
1040 6818.83877637
1041 6819.07806578
1042 6819.41307094
1043 6819.98736552
1044 6820.51380221
1045 6821.04023891
1046 6821.42310196
1047 6821.90168077
1048 6822.52383322
1049 6822.95455416
1050 6823.38527509
1051 6823.91171178
1052 6824.43814847
1053 6824.96458517
1054 6825.73031127
1055 6826.68746889
1056 6827.11818982
1057 6827.78820016
1058 6828.4582105
1059 6829.60679965
1060 6830.42038363
1061 6830.9946782
1062 6831.85612007
1063 6832.71756193
1064 6833.77043532
1065 6834.91902446
1066 6836.16332938
1067 6837.59906581
1068 6838.79551285
1069 6840.37482293
1070 6842.04984877
1071 6843.72487461
1072 6844.777748
1073 6845.87847927
1074 6847.60136299
1075 6848.98924155
1076 6850.56855163
1077 6852.53072476
1078 6853.91860332
1079 6855.59362916
1080 6857.17293924
1081 6858.41724415
1082 6860.28370152
1083 6861.71943796
1084 6863.49017956
1085 6865.50021057
1086 6867.17523642
1087 6868.46739921
1088 6869.61598836
1089 6871.0517248
1090 6872.34388759
1091 6873.82748191
1092 6875.50250775
1093 6876.60323902
1094 6878.27826486
1095 6879.76185918
1096 6881.58045867
1097 6882.72904782
1098 6883.78192121
1099 6884.88265248
1100 6886.31838891
1101 6887.41912018
1102 6888.80699874
1103 6890.00344577
1104 6891.67847161
1105 6892.87491864
1106 6893.64064474
1107 6894.5020866
1108 6895.36352847
1109 6896.17711245
1110 6897.03855431
1111 6897.85213829
1112 6898.47429075
1113 6898.95286956
1114 6899.67073778
1115 6900.10145871
1116 6900.6278954
1117 6901.1543321
1118 6901.82434243
1119 6902.30292125
1120 6902.78150006
1121 6903.54722616
1122 6903.78651556
1123 6904.16937861
1124 6904.69581531
1125 6905.12653624
1126 6905.50939929
1127 6905.9879781
1128 6906.27512539
1129 6906.61013056
1130 6906.89727784
1131 6907.37585666
1132 6907.75871971
1133 6908.23729852
1134 6908.62016157
1135 6908.76373521
1136 6909.33802979
1137 6909.57731919
1138 6910.05589801
1139 6910.29518741
1140 6910.5823347
1141 6910.72590834
1142 6911.30020292
1143 6911.87449749
1144 6912.30521842
1145 6912.68808147
1146 6913.16666029
1147 6913.54952334
1148 6913.78881274
1149 6914.21953367
1150 6914.79382825
1151 6915.12883342
1152 6915.75098587
1153 6916.42099621
1154 6916.9474329
1155 6917.28243807
1156 6917.90459053
1157 6918.2395957
1158 6918.57460087
1159 6918.95746392
1160 6919.38818485
1161 6919.7710479
1162 6920.15391095
1163 6920.72820552
1164 6921.68536315
1165 6922.16394196
1166 6922.54680501
1167 6923.16895746
1168 6923.64753628
1169 6924.50897814
1170 6925.03541483
1171 6925.75328305
1172 6926.61472491
1173 6927.33259313
1174 6928.00260347
1175 6928.91190321
1176 6929.62977143
1177 6930.25192389
1178 6931.01764999
1179 6931.54408668
1180 6932.64481795
1181 6933.55411769
1182 6934.51127532
1183 6935.42057506
1184 6937.04774302
1185 6937.71775336
1186 6938.67491098
1187 6939.77564225
1188 6940.34993683
1189 6941.64209962
1190 6942.64711513
1191 6943.46069911
1192 6944.22642521
1193 6945.47073012
1194 6946.57146139
1195 6947.38504537
1196 6948.5814924
1197 6950.01722884
1198 6950.68723917
1199 6951.50082316
1200 6952.60155442
1201 6953.84585934
1202 6955.13802213
1203 6956.33446916
1204 6957.43520043
1205 6958.24878441
1206 6959.25379992
1207 6960.45024695
1208 6961.69455186
1209 6962.79528313
1210 6963.8960144
1211 6965.18817719
1212 6966.19319269
1213 6967.24606608
1214 6967.86821854
1215 6968.82537616
1216 6969.78253379
1217 6970.69183353
1218 6971.55327539
1219 6972.41471726
1220 6973.41973276
1221 6974.0897431
1222 6975.04690072
1223 6975.57333742
1224 6976.57835292
1225 6977.3919369
1226 6978.30123665
1227 6978.77981546
1228 6979.59339944
1229 6980.07197825
1230 6980.59841495
1231 6981.65128833
1232 6982.56058808
1233 6983.5177457
1234 6984.2834718
1235 6984.85776638
1236 6985.5756346
1237 6986.3413607
1238 6987.1070868
1239 6987.72923925
1240 6988.39924959
1241 6989.11711781
1242 6989.78712814
1243 6990.21784908
1244 6990.69642789
1245 6991.31858034
1246 6991.84501704
1247 6992.32359585
1248 6992.75431678
1249 6993.04146407
1250 6993.37646924
1251 6993.90290593
1252 6994.28576898
1253 6994.76434779
1254 6995.38650025
1255 6995.91293694
1256 6996.63080516
1257 6997.06152609
1258 6997.68367855
1259 6998.21011524
1260 6998.68869405
1261 6999.31084651
1262 7000.02871473
1263 7000.6030093
1264 7001.08158812
1265 7001.65588269
1266 7002.08660362
1267 7002.75661396
1268 7003.37876642
1269 7003.57019794
1270 7003.76162947
1271 7004.14449252
1272 7004.47949768
1273 7004.81450285
1274 7005.14950802
1275 7005.29308166
1276 7005.81951836
1277 7006.25023929
1278 7006.68096022
1279 7007.01596539
1280 7007.39882844
1281 7007.87740725
1282 7008.49955971
1283 7008.97813852
1284 7009.40885945
1285 7009.69600674
1286 7009.88743826
1287 7009.98315403
1288 7010.17458555
1289 7010.5574486
1290 7011.03602741
1291 7011.37103258
1292 7011.65817987
1293 7011.99318504
1294 7012.18461656
1295 7012.51962173
1296 7012.71105326
1297 7013.09391631
1298 7013.52463724
1299 7013.90750029
1300 7014.33822122
1301 7014.76894215
1302 7015.00823156
1303 7015.29537884
1304 7015.67824189
1305 7015.72609977
1306 7015.9175313
1307 7016.15682071
1308 7016.44396799
1309 7016.58754164
1310 7016.82683104
1311 7017.30540985
1312 7017.6882729
1313 7017.92756231
1314 7018.2147096
1315 7018.453999
1316 7018.93257782
1317 7019.31544087
1318 7019.7461618
1319 7019.9854512
1320 7020.27259849
1321 7020.7511773
1322 7020.94260883
1323 7021.18189823
1324 7021.32547188
1325 7021.46904552
1326 7021.85190857
1327 7022.18691374
1328 7022.42620315
1329 7022.8090662
1330 7022.95263984
1331 7023.19192925
1332 7023.5747923
1333 7023.86193958
1334 7024.00551323
1335 7024.3405184
1336 7024.81909721
1337 7025.15410238
1338 7025.20196026
1339 7025.3455339
1340 7025.58482331
1341 7025.91982848
1342 7026.30269153
1343 7026.49412305
1344 7026.78127034
1345 7027.02055975
1346 7027.25984915
1347 7027.59485432
1348 7027.83414373
1349 7028.12129101
1350 7028.31272254
1351 7028.45629618
1352 7028.64772771
1353 7028.83915923
1354 7029.03059076
1355 7029.22202228
1356 7029.31773805
1357 7029.65274321
1358 7029.89203262
1359 7029.9398905
1360 7030.13132203
1361 7030.46632719
1362 7030.60990084
1363 7030.7056166
1364 7030.99276389
1365 7031.23205329
1366 7031.32776906
1367 7031.61491634
1368 7031.85420575
1369 7031.90206363
1370 7032.18921092
1371 7032.2370688
1372 7032.47635821
1373 7032.57207397
1374 7032.66778973
1375 7032.95493702
1376 7033.14636854
1377 7033.33780007
1378 7033.43351583
1379 7033.768521
1380 7033.81637888
1381 7033.91209464
1382 7033.95995252
1383 7034.05566829
1384 7034.29495769
1385 7034.43853134
1386 7034.72567862
1387 7035.01282591
1388 7035.25211532
1389 7035.39568896
1390 7035.49140472
1391 7035.58712049
1392 7035.82640989
1393 7035.82640989
1394 7036.11355718
1395 7036.25713082
1396 7036.40070447
1397 7036.54427811
1398 7036.63999387
1399 7036.73570964
1400 7036.8314254
1401 7036.92714116
1402 7037.07071481
1403 7037.31000421
1404 7037.45357786
1405 7037.5971515
1406 7038.07573031
1407 7038.12358819
1408 7038.50645124
1409 7038.69788277
1410 7039.1286037
1411 7039.3678931
1412 7039.70289827
1413 7039.70289827
1414 7040.08576132
1415 7040.27719285
1416 7040.6600559
1417 7041.09077683
1418 7041.33006624
1419 7041.61721352
1420 7042.14365022
1421 7042.47865538
1422 7042.81366055
1423 7043.62724453
1424 7044.4886864
1425 7045.06298097
1426 7045.92442283
1427 7046.97729622
1428 7047.7908802
1429 7049.22661664
1430 7050.90164248
1431 7052.52881044
1432 7054.10812053
1433 7056.07029366
1434 7058.12818255
1435 7060.47321873
1436 7062.96182855
1437 7066.1683066
1438 7069.03977947
1439 7072.38983116
1440 7076.50560894
1441 7081.00424978
1442 7085.88575367
1443 7091.10226272
1444 7097.13235576
1445 7104.55032735
1446 7111.96829894
1447 7119.86484934
1448 7129.62785712
1449 7138.24227574
1450 7148.81886749
1451 7157.95972281
1452 7171.02492438
1453 7182.27152647
1454 7197.2510433
1455 7210.268387
1456 7222.47214671
1457 7238.55239481
1458 7253.38833799
1459 7273.34507447
1460 7292.00964815
1461 7313.21068954
1462 7331.97097898
1463 7354.79918833
1464 7374.66020904
1465 7401.46062254
1466 7423.42739002
1467 7446.82989395
1468 7475.78391209
1469 7500.28714729
1470 7529.81546001
1471 7557.71660477
1472 7589.30280639
1473 7618.20896665
1474 7650.36946284
1475 7678.89276006
1476 7714.40330794
1477 7750.9667292
1478 7786.19012979
1479 7824.76358207
1480 7858.45553046
1481 7898.70400858
1482 7935.1238562
1483 7979.10524905
1484 8017.10440675
1485 8060.27221563
1486 8100.18568858
1487 8138.47199357
1488 8181.30479727
1489 8219.87824955
1490 8266.49182587
1491 8304.39526781
1492 8352.49243845
1493 8392.74091657
1494 8436.91374095
1495 8477.44936636
1496 8521.09575405
1497 8560.14778514
1498 8600.58769478
1499 8646.24411348
1500 8684.24327118
1501 10000.0
