0 0.0
1 0.0
2 0.0
3 0.0
4 0.0
5 0.0
6 0.0
7 0.0
8 0.0
32 0.0478601717223
33 0.0957203434446
34 0.0957203434446
35 0.0957203434446
36 0.0957203434446
37 0.0957203434446
38 0.0957203434446
39 0.0957203434446
40 0.0957203434446
41 0.0957203434446
42 0.0957203434446
46 0.143580515167
47 0.143580515167
48 0.143580515167
49 0.143580515167
50 0.143580515167
51 0.143580515167
52 0.143580515167
53 0.143580515167
54 0.191440686889
55 0.239300858611
56 0.239300858611
57 0.239300858611
58 0.287161030334
59 0.382881373778
60 0.430741545501
61 0.478601717223
62 0.526461888945
63 0.526461888945
64 0.526461888945
65 0.62218223239
66 0.670042404112
67 0.670042404112
68 0.717902575834
69 0.861483091001
70 0.861483091001
71 0.861483091001
72 0.957203434446
73 1.00506360617
74 1.05292377789
75 1.10078394961
76 1.10078394961
77 1.10078394961
78 1.10078394961
79 1.14864412134
80 1.24436446478
81 1.24436446478
82 1.2922246365
83 1.34008480822
84 1.38794497995
85 1.38794497995
86 1.43580515167
87 1.57938566684
88 1.86654669717
89 2.10584755578
90 2.10584755578
91 2.1537077275
92 2.20156789923
93 2.34514841439
94 2.39300858611
95 2.44086875784
96 2.584449273
97 2.82375013162
98 2.96733064678
99 3.06305099023
100 3.20663150539
101 3.20663150539
102 3.30235184884
103 3.39807219228
104 3.49379253573
105 3.58951287917
106 3.63737305089
107 3.78095356606
108 4.02025442467
109 4.16383493984
110 4.40313579845
111 4.45099597017
112 4.59457648534
113 4.64243665706
114 4.69029682879
115 4.83387734395
116 4.97745785912
117 5.16889854601
118 5.26461888945
119 5.40819940462
120 5.64750026323
121 5.74322060668
122 5.7910807784
123 5.88680112184
124 5.88680112184
125 5.93466129356
126 6.17396215218
127 6.26968249562
128 6.41326301079
129 6.70042404112
130 6.84400455629
131 6.98758507146
132 7.17902575834
133 7.41832661696
134 7.65762747557
135 7.80120799073
136 8.04050884935
137 8.13622919279
138 8.32766987968
139 8.3755300514
140 8.71055125346
141 8.90199194035
142 8.99771228379
143 9.28487331413
144 9.52417417274
145 9.57203434446
146 9.81133520307
147 10.00277589
148 10.4813776072
149 10.6249581223
150 10.864258981
151 10.9599793244
152 11.1035598396
153 11.3907208699
154 11.725742072
155 12.060763274
156 12.2522039609
157 12.5393649912
158 12.6829455064
159 12.7786658499
160 13.1615472236
161 13.4965684257
162 13.783729456
163 13.9751701429
164 14.0708904864
165 14.4059116884
166 14.8845134056
167 15.3152549511
168 15.6502761532
169 16.0810176987
170 16.3203185573
171 16.6074795876
172 17.0382211331
173 17.5168228504
174 17.8518440524
175 18.2825855979
176 18.7133271434
177 19.0483483455
178 19.6226704061
179 19.8619712648
180 20.340572982
181 20.7713145275
182 21.0584755578
183 21.3456365881
184 21.7763781336
185 22.1113993357
186 22.6857213964
187 23.4036239722
188 23.7386451743
189 24.0736663763
190 24.2172468915
191 24.7915689521
192 25.1265901542
193 25.509471528
194 108.64258981
195 197.901810072
196 315.589972337
197 633.764393947
198 676.264226436
199 708.282681318
200 719.960563219
201 726.278105886
202 731.447004432
203 736.424462291
204 740.253276029
205 744.321390625
206 747.528022131
207 753.606263939
208 759.397344718
209 767.198552708
210 772.846052972
211 777.679930316
212 782.896689033
213 786.581922256
214 790.171435135
215 793.138765782
216 795.292473509
217 796.632558318
218 798.259804156
219 800.269931369
220 801.849317035
221 803.428702702
222 805.343109571
223 807.401096955
224 808.980482622
225 810.416287774
226 811.564931895
227 812.139253956
228 812.713576016
229 815.058724431
230 816.781690613
231 818.839677997
232 819.796881431
233 821.089106068
234 821.567707785
235 822.429190876
236 823.434254482
237 824.582898603
238 825.492241866
239 826.97590719
240 828.268131826
241 829.368915776
242 830.61328024
243 831.570483675
244 832.527687109
245 833.915632089
246 835.495017756
247 838.845229777
248 840.663916302
249 846.502857252
250 848.800145495
251 849.996649788
252 851.288874424
253 852.916120263
254 854.351925415
255 855.356989021
256 856.984234859
257 858.611480698
258 860.095146021
259 861.913832547
260 863.780379244
261 865.551205598
262 867.417752295
263 868.518536245
264 870.05006174
265 871.533727063
266 872.538790669
267 875.266820457
268 877.755549387
269 879.622096084
270 887.758325277
271 890.486355065
272 892.113600904
273 894.50660949
274 896.373156187
275 898.814024945
276 900.297690268
277 902.451397996
278 904.126504006
279 905.89733036
280 907.955317744
281 909.726144097
282 912.119152684
283 914.847182472
284 917.144470714
285 919.393898785
286 922.121928573
287 925.137119392
288 927.530127978
289 930.258157766
290 932.842607039
291 935.235615625
292 938.011505585
293 940.452374343
294 942.079620182
295 944.329048253
296 946.722056839
297 949.115065425
298 951.268773152
299 953.231040193
300 955.719769123
301 957.825616678
302 960.075044749
303 961.558710073
304 963.808138144
305 965.148222952
306 967.254070508
307 969.072757033
308 972.32724871
309 973.810914034
310 975.916761589
311 977.113265882
312 979.219113438
313 980.702778762
314 982.377884772
315 984.388011984
316 985.584516277
317 987.59464349
318 988.839007954
319 990.896995338
320 992.524241177
321 994.055766672
322 995.012970107
323 996.065893884
324 997.214538006
325 998.17174144
326 999.463966077
327 1000.46902968
328 1001.23479243
329 1002.33557638
330 1003.19705947
331 1004.29784342
332 1006.06866977
333 1007.60019527
334 1009.70604283
335 1012.00333107
336 1015.40140326
337 1020.47458146
338 1026.79212413
339 1036.79490002
340 1052.7323372
341 1074.41299499
342 1107.96297537
343 1156.06244795
344 1220.00363737
345 1306.24766682
346 1414.02877354
347 1554.59409788
348 1721.91325822
349 1919.43218692
350 2143.70495161
351 2387.55252654
352 2652.79359822
353 2935.45577242
354 3225.10553168
355 3508.00700673
356 3773.82240047
357 4040.54713748
358 4284.82545395
359 4509.28965933
360 4702.21401154
361 4869.15029051
362 5018.37830594
363 5148.74941371
364 5257.15270266
365 5347.94344842
366 5419.0636636
367 5484.7278192
368 5540.48491926
369 5587.91434944
370 5625.24528338
371 5657.26373826
372 5687.70280748
373 5715.55742742
374 5737.14236487
375 5756.62145476
376 5773.18107417
377 5786.96480363
378 5797.6854821
379 5807.64039781
380 5816.87741096
381 5823.14709345
382 5828.315992
383 5832.91056848
384 5836.97868308
385 5840.13745441
386 5842.530463
387 5844.54059021
388 5846.64643777
389 5848.46512429
390 5849.90092944
391 5850.90599305
392 5851.62389563
393 5852.10249734
394 5852.77253975
395 5853.63402284
396 5854.44764576
397 5854.68694662
398 5855.06982799
399 5855.54842971
400 5856.26633228
401 5856.84065434
402 5857.22353572
403 5857.74999761
404 5858.22859932
405 5858.99436207
406 5859.71226465
407 5860.19086636
408 5860.52588757
409 5860.90876894
410 5861.67453169
411 5862.10527323
412 5862.29671392
413 5862.44029444
414 5862.91889615
415 5863.20605718
416 5863.6846589
417 5864.11540045
418 5864.3547013
419 5864.54614199
420 5864.83330302
421 5865.2161844
422 5865.50334543
423 5865.79050646
424 5866.221248
425 5866.46054886
426 5866.5562692
427 5866.84343023
428 5867.70491333
429 5868.18351504
430 5868.70997693
431 5869.52359985
432 5870.24150243
433 5870.57652363
434 5870.959405
435 5871.34228638
436 5872.06018895
437 5872.53879067
438 5873.11311273
439 5873.97459582
440 5874.97965943
441 5876.0325832
442 5876.98978664
443 5878.28201128
444 5880.1006978
445 5881.34506227
446 5882.82872759
447 5884.93457515
448 5886.75326167
449 5889.14627026
450 5891.06067713
451 5893.40582554
452 5895.5116731
453 5897.28249945
454 5898.47900374
455 5900.10624958
456 5901.44633439
457 5902.21209714
458 5903.07358023
459 5903.93506332
460 5904.74868624
461 5905.41872864
462 5906.04091087
463 5906.71095328
464 5907.09383465
465 5907.57243637
466 5907.8595974
467 5908.24247877
468 5908.72108049
469 5909.05610169
470 5909.43898307
471 5909.82186444
472 5910.15688564
473 5910.58762719
474 5911.06622891
475 5911.83199165
476 5912.40631371
477 5913.07635612
478 5913.55495784
479 5914.51216127
480 5915.4693647
481 5916.90516986
482 5918.05381398
483 5919.15459793
484 5920.59040308
485 5921.93048789
486 5923.22271252
487 5924.46707699
488 5925.75930162
489 5927.67370849
490 5929.39667468
491 5931.02392051
492 5932.84260704
493 5934.0869715
494 5937.62862421
495 5940.93097606
496 5943.61114568
497 5954.95400637
498 5959.11784131
499 5963.76027797
500 5967.54123154
501 5971.65720631
502 5974.91169798
503 5978.88409224
504 5981.94714323
505 5985.48879593
506 5988.83900795
507 5992.38066066
508 5995.92231337
509 5998.93750419
510 6002.33557638
511 6005.63792823
512 6008.5573987
513 6010.61538609
514 6012.6255133
515 6015.20996257
516 6016.98078893
517 6019.03877631
518 6020.18742043
519 6021.95824679
520 6023.53763245
521 6024.44697572
522 6025.49989949
523 6026.1699419
524 6026.8399843
525 6027.46216653
526 6027.89290808
527 6028.85011151
528 6028.94583186
529 6029.3765734
530 6029.66373443
531 6030.14233615
532 6030.38163701
533 6030.9080989
534 6031.09953959
535 6031.62600147
536 6032.24818371
537 6032.63106508
538 6033.58826851
539 6034.40189143
540 6035.02407367
541 6035.69411607
542 6036.22057796
543 6037.41708225
544 6038.75716706
545 6040.33655273
546 6042.29881977
547 6043.63890458
548 6045.31401059
549 6047.46771831
550 6049.47784553
551 6051.82299394
552 6054.12028218
553 6056.4654306
554 6058.42769764
555 6060.15066382
556 6062.59153258
557 6065.22384202
558 6067.66471078
559 6070.39274057
560 6072.59430847
561 6074.36513482
562 6076.27954169
563 6078.24180873
564 6080.29979612
565 6081.54416058
566 6083.12354625
567 6084.46363106
568 6085.51655483
569 6086.4258981
570 6087.4309617
571 6088.10100411
572 6088.81890668
573 6089.53680926
574 6090.39829235
575 6090.92475424
576 6091.59479664
577 6091.8340975
578 6092.07339836
579 6092.1691187
580 6092.59986025
581 6092.88702128
582 6093.03060179
583 6093.07846197
584 6093.89208488
585 6094.89714849
586 6095.13644935
587 6098.63024189
588 6100.83180978
589 6101.6454327
590 6102.45905562
591 6102.65049631
592 6103.32053871
593 6103.60769974
594 6103.94272095
595 6104.27774215
596 6104.37346249
597 6104.61276335
598 6104.75634387
599 6104.94778455
600 6104.99564472
601 6105.13922524
602 6105.18708541
603 6105.23494558
604 6105.3785261
605 6105.52210661
606 6105.61782696
607 6105.61782696
608 6105.80926764
609 6106.00070833
610 6106.0485685
611 6106.14428885
612 6106.19214902
613 6106.28786936
614 6106.3835897
615 6106.3835897
616 6106.57503039
617 6106.67075073
618 6106.71861091
619 6106.86219142
620 6107.05363211
621 6107.2450728
622 6107.48437365
623 6107.77153468
624 6108.15441606
625 6108.72873812
626 6109.30306018
627 6109.54236104
628 6110.26026361
629 6111.1217467
630 6112.22253065
631 6113.37117478
632 6114.28051804
633 6115.38130199
634 6116.81710714
635 6118.15719195
636 6119.83229796
637 6121.55526414
638 6123.46967101
639 6125.81481942
640 6128.44712887
641 6130.64869677
642 6133.71174776
643 6136.87051909
644 6139.40710819
645 6142.13513798
646 6145.86823138
647 6148.83556202
648 6151.61145198
649 6154.24376143
650 6156.97179121
651 6160.17842272
652 6163.62435508
653 6166.25666453
654 6168.74539346
655 6170.3726393
656 6171.99988514
657 6173.914292
658 6175.49367767
659 6177.36022437
660 6178.93961004
661 6180.1839745
662 6181.14117793
663 6182.33768223
664 6183.43846618
665 6184.44352978
666 6185.44859339
667 6186.11863579
668 6187.17155957
669 6187.50658077
670 6187.98518249
671 6188.41592404
672 6188.65522489
673 6188.89452575
674 6189.22954696
675 6189.51670799
676 6189.61242833
677 6189.61242833
678 6189.80386902
679 6189.9953097
680 6190.47391142
681 6190.52177159
682 6190.66535211
683 6190.76107245
684 6190.85679279
685 6190.95251314
686 6190.95251314
687 6190.95251314
688 6191.191814
689 6191.33539451
690 6191.57469537
691 6191.71827589
692 6191.71827589
693 6191.81399623
694 6191.81399623
695 6191.90971657
696 6192.1968776
697 6192.24473777
698 6192.38831829
699 6192.48403863
700 6192.57975898
701 6192.67547932
702 6192.86692001
703 6192.96264035
704 6193.20194121
705 6193.44124207
706 6193.91984378
707 6194.20700481
708 6194.63774636
709 6194.87704722
710 6195.30778876
711 6195.64280997
712 6195.97783117
713 6196.21713203
714 6196.69573374
715 6197.17433546
716 6197.65293718
717 6198.27511941
718 6198.84944147
719 6199.66306439
720 6200.76384834
721 6201.43389074
722 6202.15179332
723 6202.82183572
724 6203.8747595
725 6204.40122139
726 6204.97554345
727 6205.88488671
728 6206.98567066
729 6208.08645461
730 6208.90007753
731 6209.57011994
732 6210.52732337
733 6211.62810732
734 6212.3460099
735 6213.20749299
736 6213.78181505
737 6214.35613711
738 6214.83473883
739 6215.36120072
740 6216.17482364
741 6216.70128552
742 6217.32346776
743 6217.89778982
744 6218.42425171
745 6218.99857377
746 6219.33359497
747 6219.71647634
748 6220.09935772
749 6220.48223909
750 6220.91298064
751 6221.34372218
752 6221.87018407
753 6222.4923663
754 6222.73166716
755 6223.16240871
756 6223.92817145
757 6224.98109523
758 6226.2254597
759 6227.13480296
760 6227.85270554
761 6228.28344708
762 6229.81497258
763 6231.2986379
764 6233.02160408
765 6234.60098975
766 6236.13251524
767 6237.5683204
768 6239.09984589
769 6240.7749519
770 6242.35433757
771 6243.98158341
772 6246.08743096
773 6247.66681663
774 6249.05476161
775 6250.5862871
776 6252.69213466
777 6254.60654153
778 6256.99955011
779 6259.29683836
780 6261.01980454
781 6263.07779192
782 6264.99219879
783 6266.76302515
784 6268.05524978
785 6269.87393631
786 6271.30974146
787 6273.46344919
788 6274.22921193
789 6275.37785606
790 6276.23933915
791 6277.48370361
792 6278.6802079
793 6279.25452997
794 6280.45103426
795 6281.02535632
796 6281.88683941
797 6282.55688181
798 6283.22692422
799 6283.65766576
800 6284.37556834
801 6284.66272937
802 6285.09347092
803 6321.27576074
804 6355.54364369
805 6368.51375023
806 6379.61731007
807 6459.20877564
808 6559.57155574
809 6583.54950178
810 6607.62316815
811 6620.78471538
812 6633.6112414
813 6644.28405969
814 6651.31950493
815 6655.00473816
816 6658.16350949
817 6661.27442065
818 6663.71528941
819 6665.86899714
820 6667.20908195
821 6668.40558624
822 6669.41064985
823 6670.55929397
824 6671.56435757
825 6672.23439998
826 6673.47876444
827 6674.96242977
828 6675.82391286
829 6676.54181543
830 6677.25971801
831 6677.88190024
832 6678.59980282
833 6679.31770539
834 6680.41848934
835 6681.08853175
836 6681.71071398
837 6682.5243369
838 6683.29009964
839 6683.76870136
840 6684.43874377
841 6685.01306583
842 6685.68310823
843 6686.59245149
844 6687.5975151
845 6688.55471853
846 6689.36834145
847 6690.1341042
848 6690.61270592
849 6691.04344746
850 6691.47418901
851 6691.90493055
852 6692.57497296
853 6692.71855347
854 6693.29287553
855 6693.43645605
856 6693.72361708
857 6694.15435863
858 6694.72868069
859 6695.35086292
860 6695.68588412
861 6696.11662567
862 6696.7388079
863 6697.12168927
864 6697.79173168
865 6698.74893511
866 6699.65827837
867 6700.42404112
868 6701.4769649
869 6701.85984627
870 6702.67346919
871 6704.20499469
872 6705.06647778
873 6705.92796087
874 6707.36376602
875 6708.60813049
876 6709.94821529
877 6711.47974079
878 6712.67624508
879 6714.06419006
880 6715.6914359
881 6717.31868174
882 6718.85020723
883 6721.19535565
884 6723.39692355
885 6726.02923299
886 6728.70940261
887 6730.28878828
888 6732.68179686
889 6735.07480545
890 6737.41995386
891 6740.62658537
892 6743.1153143
893 6745.3168822
894 6748.33207302
895 6750.82080194
896 6753.88385294
897 6756.46830221
898 6759.00489131
899 6761.78078127
900 6765.13099329
901 6767.81116291
902 6770.49133252
903 6772.64504025
904 6775.22948952
905 6778.38826086
906 6780.3505279
907 6782.93497717
908 6785.04082473
909 6787.14667228
910 6788.67819778
911 6790.25758344
912 6792.55487169
913 6794.27783787
914 6795.76150319
915 6797.00586766
916 6798.53739315
917 6800.16463899
918 6801.26542294
919 6802.1747662
920 6802.79694844
921 6803.75415187
922 6805.04637651
923 6805.66855874
924 6806.05144011
925 6806.577902
926 6807.43938509
927 6808.01370715
928 6808.39658853
929 6808.68374956
930 6809.16235127
931 6809.59309282
932 6809.73667334
933 6810.11955471
934 6810.55029625
935 6811.07675814
936 6811.22033866
937 6811.50749969
938 6811.69894038
939 6811.89038106
940 6812.41684295
941 6812.56042347
942 6812.65614381
943 6812.8475845
944 6813.03902518
945 6813.32618621
946 6813.37404639
947 6813.56548707
948 6813.90050827
949 6813.99622862
950 6814.28338965
951 6814.33124982
952 6814.57055068
953 6814.66627102
954 6814.80985154
955 6814.95343205
956 6815.28845325
957 6815.3841736
958 6815.47989394
959 6815.57561429
960 6815.67133463
961 6815.81491514
962 6816.054216
963 6816.19779652
964 6816.34137703
965 6816.58067789
966 6816.72425841
967 6816.72425841
968 6816.86783892
969 6817.34644064
970 6817.49002115
971 6817.72932201
972 6817.96862287
973 6818.20792373
974 6818.49508476
975 6818.54294493
976 6818.92582631
977 6819.21298734
978 6819.30870768
979 6819.50014837
980 6819.59586871
981 6819.64372888
982 6819.73944923
983 6819.88302974
984 6820.1223306
985 6820.31377129
986 6820.64879249
987 6820.792373
988 6820.88809335
989 6820.93595352
990 6821.03167386
991 6821.07953403
992 6821.51027558
993 6821.65385609
994 6821.84529678
995 6822.08459764
996 6822.3238985
997 6822.37175867
998 6822.51533918
999 6822.56319936
1000 6823.08966125
1001 6823.23324176
1002 6823.37682228
1003 6823.52040279
1004 6823.80756382
1005 6824.14258502
1006 6824.47760623
1007 6824.62118674
1008 6824.81262743
1009 6825.14764863
1010 6825.67411052
1011 6826.10485206
1012 6826.34415292
1013 6826.48773344
1014 6826.82275464
1015 6827.25349619
1016 6827.44493687
1017 6827.68423773
1018 6828.11497928
1019 6828.40214031
1020 6828.97646237
1021 6829.31148357
1022 6829.83794546
1023 6830.31654718
1024 6830.84300906
1025 6831.17803027
1026 6831.65663198
1027 6832.08737353
1028 6832.70955576
1029 6833.37959817
1030 6834.0017804
1031 6834.81540332
1032 6835.82046692
1033 6836.72981019
1034 6837.83059414
1035 6838.64421706
1036 6839.45783997
1037 6840.36718324
1038 6841.46796719
1039 6842.32945028
1040 6843.43023423
1041 6844.91389955
1042 6846.44542505
1043 6848.12053106
1044 6849.69991672
1045 6850.89642102
1046 6852.52366685
1047 6854.29449321
1048 6856.01745939
1049 6857.21396368
1050 6858.88906969
1051 6860.75561639
1052 6862.4307224
1053 6864.05796824
1054 6865.58949374
1055 6867.55176078
1056 6868.89184558
1057 6870.94983297
1058 6872.67279915
1059 6874.73078653
1060 6876.45375272
1061 6878.79890113
1062 6880.28256645
1063 6881.67051143
1064 6883.39347762
1065 6884.97286328
1066 6886.88727015
1067 6888.22735496
1068 6889.99818131
1069 6891.14682543
1070 6892.29546956
1071 6893.68341454
1072 6894.87991883
1073 6896.36358415
1074 6897.27292742
1075 6898.37371136
1076 6899.18733428
1077 6899.95309703
1078 6900.91030047
1079 6902.2025251
1080 6903.06400819
1081 6903.63833025
1082 6904.97841506
1083 6905.69631764
1084 6906.6056609
1085 6907.51500416
1086 6908.52006777
1087 6909.09438983
1088 6909.90801275
1089 6910.48233481
1090 6911.15237721
1091 6911.72669928
1092 6912.06172048
1093 6912.68390271
1094 6912.8753434
1095 6913.2103646
1096 6913.73682649
1097 6914.35900872
1098 6914.59830958
1099 6914.98119095
1100 6915.4119325
1101 6915.79481387
1102 6916.27341559
1103 6916.70415713
1104 6917.32633937
1105 6917.75708091
1106 6918.18782246
1107 6918.71428435
1108 6919.04930555
1109 6919.86292847
1110 6920.34153019
1111 6921.05943276
1112 6921.63375482
1113 6922.06449637
1114 6922.16021671
1115 6922.44737774
1116 6922.92597946
1117 6923.11742015
1118 6923.45244135
1119 6923.69174221
1120 6924.17034392
1121 6924.74466598
1122 6925.2232677
1123 6925.41470839
1124 6926.03689062
1125 6926.65907285
1126 6927.23339491
1127 6928.04701783
1128 6928.52561955
1129 6929.19566195
1130 6929.6264035
1131 6930.15286539
1132 6930.82290779
1133 6931.34936968
1134 6931.87583157
1135 6932.35443329
1136 6932.88089518
1137 6933.83809861
1138 6934.3645605
1139 6934.84316222
1140 6935.56106479
1141 6935.94394617
1142 6936.61398857
1143 6937.33189115
1144 6938.09765389
1145 6939.00699716
1146 6939.72489973
1147 6940.53852265
1148 6941.25642523
1149 6942.21362866
1150 6943.07511175
1151 6944.12803553
1152 6944.65449742
1153 6945.7074212
1154 6946.56890429
1155 6948.10042978
1156 6949.34479425
1157 6950.54129854
1158 6952.07282404
1159 6953.12574782
1160 6954.13081142
1161 6955.13587503
1162 6956.28451915
1163 6957.62460396
1164 6958.96468877
1165 6960.11333289
1166 6961.64485838
1167 6962.74564233
1168 6963.9900068
1169 6965.3300916
1170 6966.38301538
1171 6967.38807899
1172 6968.87174431
1173 6969.97252826
1174 6970.88187152
1175 6971.9347953
1176 6973.1312996
1177 6974.56710475
1178 6975.52430818
1179 6976.29007093
1180 6977.48657522
1181 6978.34805831
1182 6979.68814312
1183 6981.0760881
1184 6982.12901188
1185 6983.08621531
1186 6984.13913909
1187 6985.19206287
1188 6986.00568579
1189 6986.81930871
1190 6987.53721128
1191 6988.3508342
1192 6989.5473385
1193 6990.31310124
1194 6990.98314365
1195 6991.98820725
1196 6992.80183017
1197 6993.56759292
1198 6994.14191498
1199 6994.71623704
1200 6995.19483876
1201 6995.67344048
1202 6996.15204219
1203 6996.63064391
1204 6997.20496597
1205 6997.77928803
1206 6998.44933044
1207 6999.11937284
1208 6999.40653387
1209 7000.12443645
1210 7001.03377971
1211 7001.51238143
1212 7002.03884332
1213 7002.46958486
1214 7002.85246623
1215 7002.94818658
1216 7003.66608915
1217 7004.04897053
1218 7004.38399173
1219 7004.95831379
1220 7005.72407654
1221 7005.9633774
1222 7006.48983929
1223 7006.82486049
1224 7007.25560203
1225 7007.82992409
1226 7008.06922495
1227 7008.64354701
1228 7008.97856822
1229 7009.26572925
1230 7009.55289028
1231 7009.88791148
1232 7010.36651319
1233 7010.7015344
1234 7011.0365556
1235 7011.61087766
1236 7011.94589886
1237 7012.28092006
1238 7012.37664041
1239 7012.66380144
1240 7013.14240315
1241 7013.52528453
1242 7013.9081659
1243 7014.2431871
1244 7014.48248796
1245 7014.72178882
1246 7015.15253037
1247 7015.48755157
1248 7015.58327191
1249 7015.7747126
1250 7016.06187363
1251 7016.54047535
1252 7016.92335672
1253 7017.21051775
1254 7017.40195844
1255 7017.73697964
1256 7018.02414067
1257 7018.45488222
1258 7018.69418307
1259 7019.02920428
1260 7019.31636531
1261 7019.41208565
1262 7019.74710685
1263 7020.08212805
1264 7020.12998823
1265 7020.22570857
1266 7020.70431029
1267 7020.80003063
1268 7021.182912
1269 7021.51793321
1270 7021.80509424
1271 7022.14011544
1272 7022.3794163
1273 7022.61871716
1274 7022.95373836
1275 7023.24089939
1276 7023.57592059
1277 7023.76736128
1278 7023.95880196
1279 7024.29382317
1280 7024.48526385
1281 7024.72456471
1282 7024.9160054
1283 7025.05958591
1284 7025.34674694
1285 7025.68176815
1286 7026.06464952
1287 7026.44753089
1288 7026.54325124
1289 7026.97399278
1290 7027.21329364
1291 7027.4525945
1292 7027.69189536
1293 7028.1226369
1294 7028.36193776
1295 7028.64909879
1296 7028.69695896
1297 7028.93625982
1298 7029.03198017
1299 7029.27128103
1300 7029.51058188
1301 7029.74988274
1302 7029.89346326
1303 7029.94132343
1304 7030.3242048
1305 7030.37206497
1306 7030.61136583
1307 7030.80280652
1308 7030.94638704
1309 7031.13782772
1310 7031.37712858
1311 7031.56856927
1312 7031.8557303
1313 7032.04717099
1314 7032.1907515
1315 7032.47791253
1316 7032.71721339
1317 7032.90865408
1318 7033.19581511
1319 7033.38725579
1320 7033.48297614
1321 7033.53083631
1322 7033.722277
1323 7033.86585751
1324 7033.91371768
1325 7033.96157785
1326 7034.15301854
1327 7034.20087871
1328 7034.3923194
1329 7034.48803974
1330 7034.48803974
1331 7034.67948043
1332 7034.87092112
1333 7034.96664146
1334 7035.20594232
1335 7035.44524318
1336 7035.63668386
1337 7035.68454404
1338 7035.92384489
1339 7036.01956524
1340 7036.11528558
1341 7036.40244661
1342 7036.49816696
1343 7036.64174747
1344 7036.83318816
1345 7036.83318816
1346 7037.07248902
1347 7037.12034919
1348 7037.21606953
1349 7037.55109073
1350 7037.69467125
1351 7037.74253142
1352 7037.88611194
1353 7037.98183228
1354 7038.36471365
1355 7038.55615434
1356 7038.65187468
1357 7038.69973485
1358 7038.7954552
1359 7038.89117554
1360 7038.98689588
1361 7039.08261623
1362 7039.27405692
1363 7039.4654976
1364 7039.8005188
1365 7039.99195949
1366 7040.27912052
1367 7040.47056121
1368 7040.56628155
1369 7040.85344258
1370 7041.23632396
1371 7041.3320443
1372 7041.76278584
1373 7041.85850619
1374 7042.0020867
1375 7042.19352739
1376 7042.57640876
1377 7042.81570962
1378 7043.29431134
1379 7043.58147237
1380 7043.8686334
1381 7044.58653598
1382 7044.82583684
1383 7045.30443855
1384 7045.87876061
1385 7046.0702013
1386 7046.88382422
1387 7047.74530731
1388 7048.51107006
1389 7049.37255315
1390 7050.56905744
1391 7051.57412105
1392 7052.86634568
1393 7054.25429066
1394 7056.45585856
1395 7058.56170612
1396 7060.52397316
1397 7063.10842243
1398 7065.3578505
1399 7068.80378287
1400 7071.627533
1401 7076.12638914
1402 7079.76376219
1403 7083.73615645
1404 7087.75641087
1405 7092.20740684
1406 7098.23778848
1407 7103.88528874
1408 7111.11217467
1409 7118.6740818
1410 7127.52821357
1411 7137.05238774
1412 7147.43804501
1413 7157.4408209
1414 7168.73582142
1415 7180.98802538
1416 7191.66084368
1417 7205.92317485
1418 7220.5683874
1419 7237.22372716
1420 7252.7304228
1421 7272.54453389
1422 7289.9656364
1423 7311.02411195
1424 7330.59892219
1425 7352.08813929
1426 7380.37350078
1427 7403.15494252
1428 7430.38738023
1429 7455.22680935
1430 7486.14448029
1431 7513.66407903
1432 7545.96969494
1433 7574.3029166
1434 7611.34668951
1435 7642.31222062
1436 7673.66063309
1437 7713.86317734
1438 7746.55167463
1439 7788.81220626
1440 7824.75519522
1441 7868.21223115
1442 7907.50543213
1443 7953.11617578
1444 7993.12727934
1445 8036.82361612
1446 8083.9180251
1447 8126.2264169
1448 8177.48466081
1449 8220.55881536
1450 8268.94544898
1451 8311.78030267
1452 8363.61286864
1453 8407.64422663
1454 8461.0083181
1455 8504.94395574
1456 8550.50683922
1457 8600.52071867
1458 8643.4512927
1459 8692.79512975
1460 8735.48640293
1461 8782.72439242
1462 8822.6876358
1463 8872.70151525
1464 8912.2340171
1465 8958.70624384
1466 8998.28660585
1467 9036.04828134
1468 9079.98391898
1469 9118.17633602
1470 9162.15983383
1471 9196.2362761
1472 9233.75865073
1473 9267.40435145
1474 9304.83100573
1475 9335.12649443
1476 9367.24066966
1477 9396.00463286
1478 9424.76859607
1479 9455.0162246
1480 9480.76499698
1481 9507.90171435
1482 9530.44385523
1483 9556.09690728
1484 9576.72464129
1485 9602.7605747
1486 9623.14900786
1487 9642.48451723
1488 9663.73443348
1489 9682.35204028
1490 9702.16615137
1491 9718.96507165
1492 9736.72119536
1493 9750.79208584
1494 9766.82524337
1495 9778.07238372
1496 9791.76039284
1497 9802.8160925
1498 9812.72314805
1499 9823.300246
1500 9833.20730155
1501 10000.0
