0 0.0
1 0.0
2 0.0
3 0.0
4 0.0
5 0.0
6 0.0
7 0.0
8 0.0
55 0.120066180479
56 1.1286220965
57 3.16974716464
58 6.69969287071
59 17.4095961694
60 46.393572137
61 97.3016326599
62 134.33004272
63 197.268734526
64 284.436781554
65 334.360299397
66 367.642644626
67 391.463774833
68 409.305609252
69 424.602040645
70 435.912274846
71 444.797172201
72 451.064626822
73 456.227472583
74 460.910053622
75 465.04033023
76 468.786395061
77 471.860089281
78 475.077862918
79 479.040046874
80 483.00223083
81 487.252573619
82 490.902585505
83 495.561153308
84 499.403271083
85 502.837163845
86 506.391122787
87 509.056591994
88 511.217783242
89 513.234895074
90 515.444112795
91 517.221092266
92 519.094124682
93 520.967157097
94 522.383938027
95 524.353023386
96 525.409605775
97 526.898426413
98 529.611922091
99 531.004689785
100 532.517523659
101 533.526079575
102 534.534635491
103 535.71128406
104 536.311614962
105 537.440237059
106 538.35274003
107 539.265243002
108 541.066235709
109 542.483016639
110 543.731704916
111 544.956379957
112 545.700790276
113 547.117571205
114 549.518894815
115 550.623503675
116 551.728112536
117 552.688641979
118 553.312986118
119 553.985356729
120 554.537661159
121 555.426150894
122 556.242600922
123 556.698852407
124 557.803461268
125 558.908070128
126 559.652480447
127 560.901168724
128 562.726174667
129 563.926836472
130 565.007432097
131 566.040001249
132 566.880464512
133 567.768954248
134 568.057113081
135 569.089682233
136 570.362383746
137 571.106794065
138 571.851204384
139 572.547588231
140 573.195945605
141 573.628183855
142 574.012395632
143 574.468647118
144 574.852858896
145 575.333123618
146 575.909441284
147 576.293653062
148 577.326222214
149 577.950566352
150 578.622936963
151 579.87162524
152 580.519982614
153 581.240379697
154 581.888737072
155 582.705187099
156 584.578219515
157 586.355198986
158 587.267701957
159 588.036125512
160 588.564416706
161 589.044681428
162 589.620999095
163 590.101263817
164 590.533502066
165 591.06179326
166 591.614097691
167 591.92626976
168 592.310481537
169 592.766733023
170 593.174958037
171 593.655222759
172 594.183513953
173 594.639765439
174 595.240096341
175 595.960493424
176 596.53681109
177 596.96904934
178 597.545367006
179 598.0736582
180 598.601949395
181 599.034187644
182 599.466425894
183 600.090770032
184 601.699656851
185 602.636173059
186 603.620715739
187 604.317099585
188 605.061509904
189 605.805920223
190 606.478290834
191 607.342767333
192 608.759548263
193 609.88817036
194 610.488501262
195 611.208898345
196 611.9773219
197 612.889824871
198 613.850354315
199 614.810883759
200 615.723386731
201 616.635889702
202 618.725041243
203 620.910245727
204 622.254986949
205 623.671767878
206 624.800389975
207 625.808945891
208 626.433290029
209 627.321779765
210 627.946123903
211 628.402375389
212 628.738560695
213 629.146785708
214 629.62705043
215 629.963235736
216 630.467513694
217 630.995804888
218 631.404029901
219 631.956334331
220 632.292519637
221 632.532651998
222 633.036929956
223 633.397128497
224 633.709300566
225 633.901406455
226 634.069499108
227 634.381671177
228 634.573777066
229 634.957988843
230 635.294174149
231 636.134637412
232 637.50339187
233 639.448463993
234 641.849787603
235 643.938939143
236 647.877109863
237 652.511664429
238 658.370894037
239 673.066994527
240 690.356524516
241 709.350994268
242 723.110578551
243 736.557990765
244 748.900794118
245 772.866003741
246 790.347639619
247 803.843078305
248 823.485905431
249 843.753076696
250 860.538328727
251 877.467660174
252 916.729301191
253 964.659720438
254 1019.26581932
255 1052.81231015
256 1081.31602139
257 1099.01377639
258 1114.43027397
259 1129.89479801
260 1141.58924399
261 1152.80342525
262 1162.09654762
263 1170.81335232
264 1178.30548198
265 1186.75814109
266 1193.74599279
267 1202.36674455
268 1209.95492716
269 1217.54310976
270 1225.20333208
271 1231.2066411
272 1236.84975158
273 1241.48430615
274 1246.14287395
275 1249.00044905
276 1252.50638152
277 1255.46000956
278 1258.10146553
279 1260.57482885
280 1262.35180832
281 1264.2008275
282 1265.88175402
283 1267.70675997
284 1269.26762031
285 1270.51630859
286 1271.7890101
287 1273.06171162
288 1274.09428077
289 1275.2469161
290 1276.3755382
291 1277.40810735
292 1278.48870297
293 1279.44923242
294 1280.50581481
295 1281.41831778
296 1282.37884722
297 1283.19529725
298 1284.46799876
299 1285.66866057
300 1286.89333561
301 1287.70978563
302 1288.5502489
303 1289.27064598
304 1290.20716219
305 1291.38381076
306 1292.36835344
307 1293.30486964
308 1294.28941232
309 1295.00980941
310 1296.11441827
311 1296.93086829
312 1297.81935803
313 1298.70784777
314 1299.64436397
315 1300.55686695
316 1301.30127726
317 1302.30983318
318 1302.98220379
319 1303.6545744
320 1304.39898472
321 1305.31148769
322 1306.03188477
323 1306.72826862
324 1307.20853334
325 1308.00097013
326 1308.60130104
327 1309.20163194
328 1309.53781724
329 1310.06610844
330 1310.61841287
331 1311.09867759
332 1311.60295555
333 1311.79506144
334 1312.25131292
335 1312.77960412
336 1313.45197473
337 1314.17237181
338 1314.60461006
339 1314.9648086
340 1315.37303362
341 1315.73323216
342 1315.97336452
343 1316.23751012
344 1316.71777484
345 1317.19803956
346 1317.43817192
347 1317.72633075
348 1318.08652929
349 1318.51876754
350 1319.14311168
351 1319.40725728
352 1319.71942935
353 1320.03160142
354 1320.53587938
355 1320.82403821
356 1321.08818381
357 1321.44838235
358 1321.73654118
359 1322.2168059
360 1322.57700444
361 1322.93720299
362 1323.32141476
363 1323.65760007
364 1324.25793097
365 1324.88227511
366 1325.26648689
367 1325.65069867
368 1326.25102957
369 1326.68326782
370 1327.16353254
371 1327.73985021
372 1328.38820758
373 1329.15663114
374 1329.63689586
375 1329.92505469
376 1330.42933265
377 1330.8615709
378 1331.26979591
379 1331.75006063
380 1332.13427241
381 1332.68657684
382 1332.90269597
383 1333.31092098
384 1333.62309305
385 1334.34349013
386 1334.75171515
387 1335.35204605
388 1335.95237695
389 1336.50468138
390 1336.79284021
391 1337.44119759
392 1337.92146231
393 1338.16159467
394 1338.78593881
395 1339.14613735
396 1339.67442855
397 1340.03462709
398 1340.4428521
399 1340.80305064
400 1341.043183
401 1341.47542125
402 1341.85963303
403 1342.1718051
404 1342.36391099
405 1342.67608306
406 1342.98825513
407 1343.18036101
408 1343.39648014
409 1343.61259926
410 1344.04483751
411 1344.30898311
412 1344.57312871
413 1344.83727431
414 1345.1014199
415 1345.46161844
416 1345.89385669
417 1346.25405524
418 1346.61425378
419 1346.87839937
420 1347.07050526
421 1347.3586641
422 1347.55076998
423 1347.79090235
424 1347.958995
425 1348.46327296
426 1348.5593259
427 1348.94353768
428 1349.23169651
429 1349.37577593
430 1349.59189505
431 1349.90406712
432 1350.12018625
433 1350.36031861
434 1350.5524245
435 1350.67249068
436 1350.98466275
437 1351.46492747
438 1351.68104659
439 1351.96920543
440 1352.16131131
441 1352.37743044
442 1352.76164222
443 1353.04980105
444 1353.24190694
445 1353.45802606
446 1353.77019813
447 1354.05835697
448 1354.22644962
449 1354.51460845
450 1354.65868787
451 1354.82678052
452 1355.18697906
453 1355.35507172
454 1355.59520408
455 1355.93138938
456 1356.0754688
457 1356.31560116
458 1356.60375999
459 1356.89191883
460 1357.13205119
461 1357.34817031
462 1357.66034238
463 1357.87646151
464 1358.09258063
465 1358.42876594
466 1358.74093801
467 1358.81297771
468 1359.10113655
469 1359.38929538
470 1359.74949392
471 1360.10969246
472 1360.37383806
473 1360.58995718
474 1360.80607631
475 1361.14226161
476 1361.35838074
477 1361.67055281
478 1362.03075135
479 1362.27088371
480 1362.4629896
481 1362.75114843
482 1363.11134697
483 1363.49555875
484 1363.83174406
485 1364.07187642
486 1364.38404849
487 1364.67220732
488 1364.93635292
489 1365.3205647
490 1365.51267058
491 1365.75280294
492 1366.04096178
493 1366.30510738
494 1366.76135886
495 1367.04951769
496 1367.31366329
497 1367.60182212
498 1367.91399419
499 1368.10610008
500 1368.41827215
501 1368.61037804
502 1368.94656335
503 1369.23472218
504 1369.59492072
505 1370.07518544
506 1370.36334428
507 1370.69952958
508 1371.01170165
509 1371.32387372
510 1371.63604579
511 1372.06828404
512 1372.40446934
513 1372.71664141
514 1373.07683995
515 1373.5090782
516 1374.01335616
517 1374.301515
518 1374.80579295
519 1375.21401797
520 1375.57421651
521 1375.79033563
522 1376.15053417
523 1376.41467977
524 1376.72685184
525 1377.01501067
526 1377.30316951
527 1377.71139452
528 1378.07159306
529 1378.62389749
530 1378.93606956
531 1379.2962681
532 1379.48837399
533 1379.80054606
534 1379.99265195
535 1380.28081078
536 1380.59298285
537 1380.88114169
538 1381.16930052
539 1381.5535123
540 1381.72160495
541 1382.00976378
542 1382.27390938
543 1382.4900285
544 1382.87424028
545 1383.30647853
546 1383.64266384
547 1383.95483591
548 1384.17095503
549 1384.57918004
550 1384.7472727
551 1385.17951095
552 1385.44365654
553 1385.73181538
554 1386.04398745
555 1386.33214628
556 1386.76438453
557 1387.05254336
558 1387.36471543
559 1387.72491397
560 1387.91701986
561 1388.20517869
562 1388.44531106
563 1388.85353607
564 1389.21373461
565 1389.42985374
566 1389.7420258
567 1390.07821111
568 1390.24630376
569 1390.51044936
570 1390.79860819
571 1391.1347935
572 1391.63907146
573 1391.99927
574 1392.31144207
575 1392.67164061
576 1393.12789209
577 1393.34401122
578 1393.60815682
579 1393.92032889
580 1394.13644801
581 1394.35256714
582 1394.88085833
583 1395.21704363
584 1395.50520247
585 1395.88941425
586 1396.20158631
587 1396.53777162
588 1396.87395693
589 1397.2581687
590 1397.59435401
591 1397.81047313
592 1398.1226452
593 1398.41080404
594 1398.77100258
595 1399.10718788
596 1399.44337319
597 1399.75554526
598 1400.1157438
599 1400.49995558
600 1400.78811441
601 1401.07627324
602 1401.50851149
603 1401.91673651
604 1402.20489534
605 1402.66114682
606 1403.06937184
607 1403.52562332
608 1404.05391452
609 1404.34207335
610 1404.91839102
611 1405.35062927
612 1405.87892046
613 1406.57530431
614 1406.86346314
615 1407.27168815
616 1407.67991317
617 1408.04011171
618 1408.44833672
619 1408.85656174
620 1408.97662792
621 1409.57695882
622 1410.08123678
623 1410.36939561
624 1410.72959415
625 1411.11380593
626 1411.54604418
627 1411.90624272
628 1412.48256039
629 1412.91479864
630 1413.39506336
631 1413.92335455
632 1414.40361927
633 1414.97993694
634 1415.31612225
635 1415.94046639
636 1416.44474434
637 1416.87698259
638 1417.50132673
639 1417.98159145
640 1418.38981647
641 1419.18225326
642 1419.90265034
643 1420.55100772
644 1421.24739156
645 1422.03982835
646 1422.85627838
647 1423.91286077
648 1424.7293108
649 1425.71385348
650 1426.89050204
651 1427.94708443
652 1429.05169329
653 1430.32439481
654 1431.69314926
655 1433.27802285
656 1434.88690966
657 1436.83198179
658 1438.15270977
659 1440.19383484
660 1442.04285402
661 1444.80437617
662 1446.94155418
663 1449.17478514
664 1451.76821464
665 1454.50572355
666 1457.5313913
667 1460.77317818
668 1464.32713712
669 1468.36136078
670 1472.51565063
671 1476.52586105
672 1480.58409795
673 1485.50681135
674 1491.07788213
675 1496.26474113
676 1501.78778543
677 1507.38286944
678 1514.08256231
679 1521.50265226
680 1529.21090105
681 1536.15072628
682 1544.19516037
683 1551.95143563
684 1560.09192267
685 1568.47254207
686 1577.88573061
687 1587.80319712
688 1598.08086217
689 1608.95885812
690 1620.53323792
691 1631.79544565
692 1643.22574603
693 1655.83269498
694 1668.87188218
695 1682.75153264
696 1695.9588125
697 1708.51773498
698 1723.06975605
699 1738.5342801
700 1752.58202321
701 1767.13404429
702 1782.19034332
703 1797.70289384
704 1813.07136494
705 1829.66451108
706 1846.40173664
707 1862.2744857
708 1878.86763184
709 1895.36472504
710 1912.72629473
711 1931.02438064
712 1947.78561943
713 1965.21922884
714 1983.85350005
715 2001.3831624
716 2019.22499682
717 2036.99479153
718 2054.95669213
719 2073.78306923
720 2092.63345956
721 2111.26773077
722 2129.61384315
723 2147.31159815
724 2165.87382965
725 2184.38803468
726 2202.90223971
727 2222.25690801
728 2240.21880861
729 2260.31788722
730 2279.31235697
731 2299.09926351
732 2319.8466995
733 2337.11221625
734 2356.6349772
735 2377.07024112
736 2395.89661822
737 2417.46050423
738 2436.38293427
739 2455.59352315
740 2476.94129004
741 2497.32852748
742 2517.57168551
743 2536.71023468
744 2554.96029411
745 2575.87582275
746 2596.71931168
747 2617.13056237
748 2636.05299241
749 2655.19154158
750 2675.31463343
751 2696.49430766
752 2716.73746569
753 2737.91713993
754 2758.18431119
755 2779.55609132
756 2801.26405675
757 2823.40426043
758 2844.51189496
759 2864.37084121
760 2884.95018454
761 2907.40256029
762 2929.63881692
763 2953.38790741
764 2975.88830964
765 2998.05252655
766 3021.39339204
767 3044.39807222
768 3066.63432884
769 3089.83111491
770 3114.46869514
771 3139.97075188
772 3165.35274243
773 3191.59920948
774 3215.44435293
775 3241.40266115
776 3268.22544587
777 3294.97619088
778 3322.75950504
779 3349.72636917
780 3377.00540538
781 3406.01339458
782 3435.59770145
783 3464.50963771
784 3493.44558721
785 3521.32495431
786 3551.48557885
787 3581.91034898
788 3613.24762209
789 3643.76844517
790 3673.56887116
791 3704.90614427
792 3737.15592034
793 3768.68529934
794 3799.49428125
795 3828.04601897
796 3858.56684204
797 3889.25575777
798 3920.66507059
799 3951.8102378
800 3980.12184316
801 4009.63411032
802 4038.06578186
803 4068.08232698
804 4095.88965438
805 4123.43283618
806 4149.36713116
807 4176.5981409
808 4203.10875354
809 4230.38778975
810 4254.68918468
811 4277.28563984
812 4302.33144509
813 4326.51277384
814 4349.22929519
815 4371.03331356
816 4391.39653777
817 4413.82490029
818 4432.93943622
819 4453.25463395
820 4471.33660073
821 4488.45803807
822 4506.87619016
823 4523.34927012
824 4538.69372798
825 4554.85463588
826 4568.23000838
827 4583.2142677
828 4596.7817461
829 4610.03705242
830 4621.70748517
831 4633.61805027
832 4644.54407269
833 4656.16647896
834 4665.55565428
835 4675.42509431
836 4684.11788578
837 4693.43502138
838 4702.8241967
839 4711.10876315
840 4718.64891928
841 4725.7088107
842 4732.24041091
843 4738.65194495
844 4744.96742605
845 4750.75461594
846 4755.72535582
847 4760.04773831
848 4765.01847819
849 4769.2207945
850 4773.51916376
851 4777.07312271
852 4781.49155815
853 4785.09354356
854 4788.50342309
855 4792.17744821
856 4794.62679829
857 4797.74851898
858 4800.38997495
859 4802.88735151
860 4805.6728869
861 4807.93013109
862 4810.23540175
863 4812.42060624
864 4814.62982396
865 4816.91108139
866 4818.7841138
867 4820.84925211
868 4822.67425805
869 4824.8354493
870 4826.73249495
871 4828.46144795
872 4830.38250684
873 4831.99139366
874 4833.552254
875 4835.13712758
876 4836.7460144
877 4838.06674239
878 4839.77168215
879 4841.28451603
880 4842.7973499
881 4844.04603818
882 4845.31873969
883 4846.73552062
884 4848.12828831
885 4849.52105601
886 4850.81777076
887 4852.09047227
888 4853.31514731
889 4854.25166352
890 4855.62041797
891 4857.06121214
892 4858.23786071
893 4859.51056222
894 4860.39905196
895 4861.47964758
896 4862.32011085
897 4863.52077265
898 4864.64939475
899 4865.85005655
900 4866.71453305
901 4867.89118162
902 4869.16388313
903 4870.36454494
904 4871.27704791
905 4872.3336303
906 4873.60633181
907 4874.68692743
908 4875.59943041
909 4876.3918672
910 4877.35239664
911 4878.40897903
912 4879.48957465
913 4880.64220999
914 4881.67477914
915 4882.63530858
916 4883.49978508
917 4884.48432776
918 4885.34880426
919 4886.02117487
920 4887.12578373
921 4887.84618081
922 4888.59059113
923 4889.26296174
924 4890.0313853
925 4890.94388827
926 4891.90441772
927 4892.72086774
928 4893.65738395
929 4894.61791339
930 4895.60245607
931 4896.58699875
932 4897.85970027
933 4898.96430913
934 4899.70871945
935 4900.69326213
936 4901.41365921
937 4902.30214894
938 4903.23866515
939 4904.1991946
940 4905.51992258
941 4906.24031966
942 4907.20084911
943 4908.11335208
944 4909.04986829
945 4909.7222389
946 4910.73079481
947 4911.52323161
948 4912.26764192
949 4912.96402577
950 4913.80448903
951 4914.66896553
952 4915.41337585
953 4916.20581264
954 4917.07028914
955 4918.07884506
956 4918.79924214
957 4919.59167893
958 4920.33608925
959 4921.24859222
960 4922.32918785
961 4923.48182318
962 4924.4903791
963 4925.49893501
964 4926.33939828
965 4926.89170271
966 4927.66012626
967 4928.33249687
968 4929.17296014
969 4930.06144987
970 4931.04599255
971 4931.86244258
972 4932.82297202
973 4933.66343529
974 4934.79205738
975 4935.65653388
976 4936.4009442
977 4937.21739423
978 4938.3940428
979 4939.23450606
980 4940.00292961
981 4940.62727375
982 4941.53977672
983 4942.50030617
984 4943.43682238
985 4944.20524593
986 4945.06972243
987 4946.17433129
988 4947.03880779
989 4947.95131076
990 4948.88782697
991 4949.60822405
992 4950.47270055
993 4951.55329618
994 4952.20165355
995 4953.01810358
996 4953.95461979
997 4954.79508305
998 4955.70758602
999 4956.6921287
1000 4957.91680374
1001 4958.78128024
1002 4959.64575674
1003 4960.94247149
1004 4961.92701417
1005 4962.91155685
1006 4964.04017895
1007 4965.04873486
1008 4966.05729078
1009 4967.20992611
1010 4968.09841585
1011 4968.8668394
1012 4969.80335561
1013 4970.57177916
1014 4971.62836155
1015 4972.54086452
1016 4973.30928808
1017 4974.24580429
1018 4974.94218813
1019 4975.87870434
1020 4976.79120731
1021 4977.72772352
1022 4978.47213384
1023 4979.26457063
1024 4980.22510008
1025 4980.96951039
1026 4981.83398689
1027 4982.89056928
1028 4983.77905902
1029 4984.93169435
1030 4985.91623703
1031 4987.02084589
1032 4987.93334886
1033 4988.72578565
1034 4989.73434157
1035 4990.79092396
1036 4991.87151958
1037 4992.85606226
1038 4993.86461818
1039 4994.99324027
1040 4996.00179619
1041 4996.77021975
1042 4997.65870948
1043 4998.4031198
1044 4999.33963601
1045 5000.15608603
1046 5001.18865519
1047 5001.88503903
1048 5003.01366113
1049 5004.07024352
1050 5005.03077296
1051 5005.99130241
1052 5006.80775243
1053 5007.6482157
1054 5008.70479808
1055 5009.49723488
1056 5010.72190992
1057 5011.58638642
1058 5012.35480997
1059 5013.14724676
1060 5013.89165708
1061 5014.99626594
1062 5015.88475568
1063 5016.86929836
1064 5017.66173515
1065 5018.74233077
1066 5019.48674109
1067 5020.47128377
1068 5021.45582645
1069 5022.17622353
1070 5023.08872651
1071 5023.97721624
1072 5024.91373245
1073 5025.682156
1074 5026.59465898
1075 5027.411109
1076 5028.44367816
1077 5029.42822084
1078 5030.10059145
1079 5030.96506795
1080 5031.87757092
1081 5032.79007389
1082 5033.75060333
1083 5034.49501365
1084 5035.21541073
1085 5036.22396665
1086 5037.59272111
1087 5038.60127702
1088 5039.44174029
1089 5040.4502962
1090 5041.60293154
1091 5042.51543451
1092 5043.54800366
1093 5044.48451987
1094 5045.44504931
1095 5046.26149934
1096 5047.48617438
1097 5048.78288913
1098 5049.81545828
1099 5050.65592154
1100 5051.61645099
1101 5052.76908632
1102 5053.92172165
1103 5054.85823786
1104 5056.13093937
1105 5057.37962765
1106 5058.19607768
1107 5059.13259389
1108 5060.23720275
1109 5061.10167925
1110 5062.03819545
1111 5063.04675137
1112 5064.10333376
1113 5065.52011469
1114 5066.38459119
1115 5067.27308092
1116 5068.40170302
1117 5069.36223246
1118 5070.56289427
1119 5071.49941048
1120 5072.74809875
1121 5073.54053554
1122 5075.07738265
1123 5076.20600475
1124 5076.92640183
1125 5077.8389048
1126 5078.91950043
1127 5079.90404311
1128 5080.84055932
1129 5081.80108876
1130 5082.59352555
1131 5083.48201529
1132 5084.46655797
1133 5085.66721977
1134 5086.77182863
1135 5087.66031837
1136 5088.52479487
1137 5089.48532431
1138 5090.46986699
1139 5091.43039643
1140 5092.29487293
1141 5093.18336267
1142 5093.97579946
1143 5094.91231567
1144 5095.70475246
1145 5096.56922896
1146 5097.5297584
1147 5098.6583805
1148 5099.40279082
1149 5100.26726732
1150 5101.08371735
1151 5101.78010119
1152 5102.64457769
1153 5103.50905419
1154 5104.27747775
1155 5104.82978218
1156 5105.59820573
1157 5106.15051016
1158 5106.7748543
1159 5107.27913226
1160 5107.87946316
1161 5108.64788672
1162 5109.51236321
1163 5110.25677353
1164 5111.02519709
1165 5111.84164712
1166 5112.51401773
1167 5113.18638834
1168 5113.90678542
1169 5114.65119574
1170 5115.51567224
1171 5116.47620168
1172 5117.14857229
1173 5117.77291643
1174 5118.44528704
1175 5119.06963118
1176 5120.00614739
1177 5120.678518
1178 5121.20680919
1179 5122.16733864
1180 5122.71964307
1181 5123.36800044
1182 5123.94431811
1183 5124.44859607
1184 5124.90484755
1185 5125.62524463
1186 5126.2015623
1187 5126.84991968
1188 5127.30617116
1189 5127.85847559
1190 5128.48281973
1191 5129.01111092
1192 5129.75552124
1193 5130.28381244
1194 5130.93216981
1195 5131.43644777
1196 5131.89269926
1197 5132.5890831
1198 5133.28546695
1199 5133.9818508
1200 5134.72626112
1201 5135.08645966
1202 5135.56672438
1203 5135.99896263
1204 5136.45521411
1205 5137.1756112
1206 5137.65587592
1207 5138.01607446
1208 5138.56837889
1209 5139.07265685
1210 5139.45686863
1211 5140.105226
1212 5140.72957014
1213 5141.18582162
1214 5141.81016576
1215 5142.26641725
1216 5142.81872168
1217 5143.32299964
1218 5143.65918494
1219 5144.06740996
1220 5144.7637938
1221 5145.17201882
1222 5145.77234972
1223 5146.34866739
1224 5147.0930777
1225 5147.76544832
1226 5148.36577922
1227 5148.99012336
1228 5149.47038808
1229 5149.9506528
1230 5150.38289105
1231 5151.05526166
1232 5151.39144697
1233 5151.9437514
1234 5152.52006906
1235 5153.04836026
1236 5153.69671763
1237 5154.24902206
1238 5154.6092206
1239 5155.23356474
1240 5155.64178975
1241 5156.14606771
1242 5156.69837214
1243 5157.22666334
1244 5157.65890159
1245 5158.01910013
1246 5158.59541779
1247 5159.12370899
1248 5159.67601342
1249 5160.0602252
1250 5160.3964105
1251 5160.94871493
1252 5161.30891347
1253 5161.83720467
1254 5162.43753557
1255 5163.06187971
1256 5163.32602531
1257 5163.83030326
1258 5164.50267387
1259 5164.9829386
1260 5165.46320332
1261 5165.99149451
1262 5166.51978571
1263 5166.85597101
1264 5167.38426221
1265 5167.84051369
1266 5168.2487387
1267 5168.65696372
1268 5169.23328138
1269 5169.73755934
1270 5170.14578436
1271 5170.65006231
1272 5171.13032704
1273 5171.65861823
1274 5172.18690942
1275 5172.42704179
1276 5173.02737269
1277 5173.55566388
1278 5174.08395508
1279 5174.42014038
1280 5174.80435216
1281 5175.33264335
1282 5175.62080219
1283 5176.0290272
1284 5176.6293581
1285 5177.01356988
1286 5177.37376842
1287 5177.68594049
1288 5178.04613903
1289 5178.52640375
1290 5178.93462877
1291 5179.41489349
1292 5179.84713174
1293 5180.37542293
1294 5180.71160824
1295 5181.14384649
1296 5181.62411121
1297 5181.93628328
1298 5182.36852153
1299 5182.80075978
1300 5183.20898479
1301 5183.49714363
1302 5183.8813554
1303 5184.36162013
1304 5184.62576572
1305 5184.98596426
1306 5185.44221575
1307 5185.75438782
1308 5186.16261283
1309 5186.49879814
1310 5186.83498344
1311 5187.14715551
1312 5187.55538053
1313 5187.79551289
1314 5188.17972466
1315 5188.49189673
1316 5188.78005557
1317 5189.0682144
1318 5189.30834676
1319 5189.74058501
1320 5190.10078355
1321 5190.50900857
1322 5190.72512769
1323 5190.91723358
1324 5191.22940565
1325 5191.3974983
1326 5191.75769684
1327 5192.06986891
1328 5192.40605422
1329 5192.71822629
1330 5193.00638512
1331 5193.31855719
1332 5193.55868955
1333 5194.08698074
1334 5194.30309987
1335 5194.54323223
1336 5194.95145724
1337 5195.28764255
1338 5195.57580138
1339 5195.96001316
1340 5196.17613228
1341 5196.51231759
1342 5196.72843671
1343 5196.94455584
1344 5197.30475438
1345 5197.4488338
1346 5197.66495292
1347 5197.83304557
1348 5198.0491647
1349 5198.26528382
1350 5198.45738971
1351 5198.67350884
1352 5199.03370738
1353 5199.32186621
1354 5199.80213093
1355 5200.21035595
1356 5200.57055449
1357 5200.83470009
1358 5201.05081921
1359 5201.36299128
1360 5201.65115011
1361 5201.98733542
1362 5202.39556043
1363 5202.65970603
1364 5202.99589134
1365 5203.11595752
1366 5203.52418253
1367 5203.98043402
1368 5204.29260608
1369 5204.62879139
1370 5204.84491051
1371 5205.32517524
1372 5205.66136054
1373 5206.06958556
1374 5206.1656385
1375 5206.40577086
1376 5206.64590322
1377 5206.91004882
1378 5207.34228707
1379 5207.77452532
1380 5208.06268415
1381 5208.56696211
1382 5209.07124007
1383 5209.43143861
1384 5209.76762391
1385 5210.17584893
1386 5210.43999452
1387 5210.92025925
1388 5211.25644455
1389 5211.71269604
1390 5211.9528284
1391 5212.24098723
1392 5212.57717254
1393 5212.98539755
1394 5213.32158286
1395 5213.92191376
1396 5214.2821123
1397 5214.61829761
1398 5214.93046967
1399 5215.33869469
1400 5215.86698588
1401 5216.29922413
1402 5216.65942267
1403 5217.01962122
1404 5217.42784623
1405 5217.86008448
1406 5218.17225655
1407 5218.58048156
1408 5219.10877276
1409 5219.49298453
1410 5219.92522278
1411 5220.11732867
1412 5220.38147427
1413 5220.81371252
1414 5221.00581841
1415 5221.34200371
1416 5221.77424196
1417 5221.96634785
1418 5222.27851992
1419 5222.68674493
1420 5223.02293024
1421 5223.2630626
1422 5223.50319496
1423 5223.81536703
1424 5224.19957881
1425 5224.60780382
1426 5225.04004207
1427 5225.30418767
1428 5225.78445239
1429 5226.31274358
1430 5226.81702154
1431 5227.27327303
1432 5227.68149804
1433 5228.08972306
1434 5228.42590836
1435 5228.73808043
1436 5229.17031868
1437 5229.55453046
1438 5230.03479518
1439 5230.56308637
1440 5231.06736433
1441 5231.66769523
1442 5232.07592025
1443 5232.67625115
1444 5233.01243645
1445 5233.46868794
1446 5234.11704532
1447 5234.50125709
1448 5234.90948211
1449 5235.38974683
1450 5235.91803802
1451 5236.39830274
1452 5236.75850129
1453 5237.02264688
1454 5237.35883219
1455 5237.7670572
1456 5238.12725574
1457 5238.51146752
1458 5238.99173224
1459 5239.47199696
1460 5239.78416903
1461 5240.19239405
1462 5240.60061906
1463 5241.00884407
1464 5241.46509556
1465 5241.84930734
1466 5242.3535853
1467 5242.9539162
1468 5243.36214121
1469 5243.8183927
1470 5244.32267066
1471 5244.75490891
1472 5245.23517363
1473 5245.76346482
1474 5246.09965013
1475 5246.67596779
1476 5247.22827222
1477 5247.54044429
1478 5247.78057665
1479 5248.28485461
1480 5248.88518551
1481 5249.26939729
1482 5249.72564878
1483 5250.13387379
1484 5250.49407233
1485 5250.87828411
1486 5251.35854883
1487 5251.83881355
1488 5252.15098562
1489 5252.60723711
1490 5252.99144889
1491 5253.18355478
1492 5253.51974008
1493 5254.04803127
1494 5254.38421658
1495 5254.8644813
1496 5255.4648122
1497 5255.84902398
1498 5256.11316958
1499 5256.40132841
1500 5256.76152695
1501 10000.0
