0 0.0
1 16.2331767686
2 2660.51087516
3 2840.89137228
4 2934.27485759
5 3046.83912281
6 3186.50852135
7 3319.49241419
8 3386.77466001
9 5999.37630426
10 8542.98694724
11 9634.32633384
12 9694.21821234
13 9721.72917508
14 9738.77401068
15 9749.5818889
16 9757.46352341
17 9763.7004808
18 9767.78013444
19 9771.41123977
20 9774.97826677
21 9778.07538602
22 9780.48900309
23 9783.67156012
24 9787.77257319
25 9792.10854015
26 9797.27752538
27 9802.16883785
28 9808.19220081
29 9815.68936535
30 9822.46030881
31 9830.21378667
32 9836.45074406
33 9842.85857699
34 9848.51882942
35 9854.39267627
36 9860.07428814
37 9866.58891829
38 9873.27442399
39 9882.62986007
40 9890.10566517
41 9897.26107861
42 9904.56600816
43 9910.09810392
44 9915.35252693
45 9919.34674279
46 9923.5118342
47 9927.93323892
48 9933.55077246
49 9937.97217719
50 9942.54309802
51 9946.38779778
52 9949.05772817
53 9952.49659851
54 9954.97429391
55 9957.32383265
56 9959.28890142
57 9961.46756462
58 9962.96272564
59 9965.0773105
60 9967.32005203
61 9969.22104247
62 9971.27154901
63 9972.53175615
64 9974.36866826
65 9976.03470482
66 9978.10657081
67 9979.1959024
68 9980.49882843
69 9981.84447335
70 9983.27555604
71 9984.10857432
72 9985.56101645
73 9986.9707397
74 9987.9105552
75 9988.97852735
76 9989.89698341
77 9990.55912614
78 9991.28534721
79 9991.6270983
80 9992.11836549
81 9992.54555435
82 9993.20769709
83 9993.42129152
84 9993.89119927
85 9994.16887203
86 9994.38246646
87 9994.59606089
88 9994.87373365
89 9995.23684418
90 9995.6426736
91 9995.89898692
92 9996.17665968
93 9996.47569189
94 9996.66792687
95 9996.96695908
96 9997.20191295
97 9997.41550738
98 9997.56502348
99 9997.62910181
100 9997.73589903
101 9997.94949346
102 9998.01357179
103 9998.05629068
104 9998.12036901
105 9998.18444734
106 9998.31260399
107 9998.44076065
108 9998.52619842
109 9998.59027675
110 9998.65435508
111 9998.73979286
112 9998.78251174
113 9998.93202784
114 9998.97474673
115 9999.08154395
116 9999.14562228
117 9999.16698172
118 9999.16698172
119 9999.2097006
120 9999.27377893
121 9999.31649782
122 9999.35921671
123 9999.40193559
124 9999.44465448
125 9999.55145169
126 9999.55145169
127 9999.55145169
128 9999.59417058
129 9999.61553002
130 9999.63688947
131 9999.65824891
132 9999.67960835
133 9999.67960835
134 9999.7009678
135 9999.72232724
136 9999.74368668
137 9999.74368668
138 9999.74368668
139 9999.76504613
140 9999.76504613
141 9999.76504613
142 9999.76504613
143 9999.76504613
144 9999.78640557
145 9999.78640557
146 9999.80776501
147 9999.80776501
148 9999.80776501
149 9999.80776501
150 9999.82912446
151 9999.82912446
152 9999.82912446
153 9999.8504839
154 9999.8504839
155 9999.8504839
156 9999.8504839
157 9999.8504839
158 9999.87184334
159 9999.87184334
160 9999.87184334
161 9999.87184334
162 9999.87184334
163 9999.87184334
164 9999.87184334
165 9999.87184334
166 9999.87184334
167 9999.87184334
178 9999.89320278
179 9999.89320278
180 9999.89320278
181 9999.89320278
182 9999.89320278
183 9999.89320278
184 9999.89320278
185 9999.89320278
186 9999.89320278
187 9999.89320278
188 9999.91456223
189 9999.91456223
190 9999.91456223
191 9999.91456223
192 9999.91456223
193 9999.91456223
194 9999.91456223
195 9999.93592167
196 9999.93592167
197 9999.93592167
198 9999.93592167
199 9999.93592167
200 9999.93592167
201 9999.93592167
202 9999.93592167
203 9999.93592167
204 9999.93592167
207 9999.95728111
208 9999.95728111
209 9999.95728111
210 9999.95728111
211 9999.95728111
212 9999.95728111
213 9999.95728111
214 9999.95728111
215 9999.95728111
216 9999.95728111
385 9999.97864056
386 9999.97864056
387 9999.97864056
388 9999.97864056
389 9999.97864056
390 9999.97864056
391 9999.97864056
392 9999.97864056
393 9999.97864056
394 9999.97864056
516 10000.0
517 10000.0
518 10000.0
519 10000.0
520 10000.0
521 10000.0
522 10000.0
523 10000.0
524 10000.0
525 10000.0
1501 10000.0
