0
3441
3441
3441
3441
3441
3441
3441
3441
3441
3441
3441
3441
3441
3441
3861
3861
4010
4077
4077
4202
4274
4328
4332
4362
5093
5093
5193
5219
5219
6336
6400
6540
6540
7567
8419
8693
9967
10812
11577
11577
12106
12575
12742
13255
14006
14297
14297
14566
15278
15406
15521
15800
15948
15948
16978
18264
18969
19329
20246
20649
20649
22025
22025
23077
23391
23391
24095
24851
24851
26048
26861
27527
28371
29543
30110
30110
30200
30905
31059
32925
33024
34033
34033
34674
35732
36889
38490
39228
39685
40296
40296
40495
42400
42909
43321
44552
46424
46424
46750
46850
47173
47483
48503
48978
48978
50191
51466
51899
53637
54226
54800
54800
55297
55835
57629
58098
59040
59190
59190
59190
59907
60188
60815
61892
62785
62785
63281
64766
65602
66570
69119
69278
69278
69278
71822
72335
73475
75838
76943
76943
78141
78695
79469
82348
85249
85249
85883
86566
87513
89917
91193
92218
92218
92218
92218
92741
94704
95404
96303
96303
97799
99188
100399
101252
102148
102908
102908
103039
104851
105075
105949
106692
107123
107123
108196
109606
109982
110110
111496
111500
111500
112570
113235
113922
115111
116734
117040
117040
117642
118400
119792
119978
120349
120349
120349
121859
122782
123433
125417
125417
125607
125607
125844
125873
125873
126004
126855
127445
127445
127839
127896
129094
129694
131332
132146
132146
132676
134215
134379
134821
135258
137349
137349
138157
138394
138796
139462
140908
141522
141955
141955
141955
142388
143748
145953
146490
146504
148122
148122
149259
150694
150694
151503
152219
154309
154309
157300
158314
159182
160128
160603
160892
160892
161021
161420
163232
164398
165710
165954
165954
166732
168192
170392
171237
171237
172179
172179
172933
173840
173969
173977
174247
174287
174287
175145
176551
177560
178275
178462
179492
179492
180130
181080
181369
182380
184670
185391
185391
187529
189082
189917
190718
193194
194681
194681
194991
196786
197399
198095
198927
199855
199855
202074
203126
204204
204926
205411
207665
207665
209235
210010
211324
211860
212416
212620
212620
214040
214161
214389
215819
215993
217371
217371
217798
218418
219077
219517
220554
221183
221183
222652
224202
225095
226060
226060
227768
227768
229349
230324
230676
232459
233864
234034
234034
234731
235465
236591
239424
239673
240403
240403
240486
241222
241609
242814
243631
244577
245541
245541
246560
247474
248131
248777
249722
250032
250032
251024
251953
253859
255835
258031
259711
259711
260728
261832
262130
262889
264104
265292
265292
267035
268529
269937
271412
271600
273080
273080
274350
275655
277483
279480
280182
280707
280707
281522
282650
285168
285843
286906
287366
287366
287430
288022
290399
290999
291347
291827
291827
292700
294065
294896
295325
296372
298216
298216
299220
299878
300665
301694
302040
303499
303499
304689
305453
306723
309285
309285
310696
311525
312722
313122
314402
316779
316779
318176
318756
319486
320008
322230
323723
323723
324857
325469
325936
327285
327655
328393
328393
329264
330396
331982
332734
333944
334783
334783
336744
337572
337811
338883
339359
340685
340685
341348
343316
343963
344075
345553
345978
345978
346532
347625
347845
347901
348699
348891
348891
349651
350760
351448
352182
353412
354400
354400
354432
355828
356252
356752
358225
358957
360250
360250
361685
362862
363187
363187
364529
365236
365236
365757
366857
367152
367695
369152
369654
369654
371076
371905
372097
372193
373909
374032
374032
374690
375417
377410
378094
379028
380111
381488
381488
382399
383793
385085
385319
386701
388548
388548
389804
390522
391328
391497
393005
393318
393318
394417
395988
396694
397081
398143
399575
399834
399834
401174
401985
402181
402744
403171
403182
403182
404703
405357
406305
406523
407675
408706
408706
410053
411141
411880
412541
413178
414151
414151
414852
415503
418146
419319
419541
419605
419605
419605
419690
421771
422880
423501
423967
423967
424225
424988
426087
427513
428442
428721
428721
429682
430331
432137
433049
435254
436888
436888
437658
438773
440842
441428
441946
442983
442983
443009
445309
446580
448491
448997
449424
449424
449424
449694
449694
449694
