0 1.39996029963
1 567.370477554
2 659.057429715
3 704.817326076
4 738.343241013
5 886.906192212
6 992.436035396
7 1019.54720687
8 1039.10486121
9 1050.23141135
10 1057.55508426
11 1064.36683139
12 1070.45770344
13 1076.28738887
14 1080.80069371
15 1084.18567235
16 1086.72440632
17 1089.62880157
18 1091.65560977
19 1093.82868247
20 1095.8763856
21 1099.11509972
22 1103.53437738
23 1109.52077478
24 1116.37431177
25 1125.83971499
26 1137.24834669
27 1151.88524505
28 1168.00568342
29 1187.04096451
30 1206.53593406
31 1227.75473531
32 1253.27789212
33 1283.06361461
34 1317.7074083
35 1359.41368827
36 1415.43299518
37 1495.94115988
38 1595.52639552
39 1706.75010709
40 1824.23185014
41 1948.83876427
42 2086.87067083
43 2235.12019808
44 2393.11721011
45 2554.81262472
46 2721.85714136
47 2902.86991861
48 3094.19434374
49 3292.24693628
50 3493.98748394
51 3690.80727561
52 3898.23124419
53 4112.18487834
54 4323.44306654
55 4534.27290868
56 4733.08816616
57 4932.26908491
58 5130.42615209
59 5325.57434938
60 5507.88261228
61 5672.28392031
62 5829.49737246
63 5983.41987317
64 6124.51288695
65 6251.31376871
66 6366.18364554
67 6469.39415151
68 6567.51674206
69 6655.02470825
70 6734.31051955
71 6806.26221047
72 6868.89476269
73 6929.63632375
74 6984.48551459
75 7037.39147696
76 7083.96627558
77 7125.79792513
78 7166.49080101
79 7205.29268573
80 7239.66484533
81 7271.88482715
82 7301.69144457
83 7330.95479382
84 7356.01826217
85 7379.68177022
86 7403.07364418
87 7423.88499431
88 7444.01725921
89 7462.51971959
90 7481.0117325
91 7499.30524358
92 7515.85402802
93 7532.86250091
94 7548.69041027
95 7564.93621823
96 7580.33578152
97 7596.18458581
98 7610.44537543
99 7625.92851844
100 7641.08779005
101 7656.53959067
102 7671.1242517
103 7685.56264822
104 7700.61744518
105 7715.31702832
106 7731.54194135
107 7746.24152449
108 7762.28883062
109 7777.43765475
110 7794.09091384
111 7809.63674164
112 7826.11239383
113 7842.54625615
114 7857.77866001
115 7874.08715275
116 7889.14194971
117 7906.78771796
118 7922.36488816
119 7939.53007303
120 7954.89829393
121 7972.50227232
122 7987.58841167
123 8002.88350032
124 8019.89197321
125 8034.69603101
126 8051.21347305
127 8066.11155803
128 8083.50658713
129 8097.26589843
130 8113.8355778
131 8127.81428586
132 8142.67058098
133 8155.63588495
134 8168.9041654
135 8183.16495502
136 8196.17204885
137 8209.57614635
138 8222.01907707
139 8235.14109301
140 8246.57061964
141 8259.7762153
142 8271.5400608
143 8283.1262994
144 8294.93193477
145 8306.43459365
146 8318.52231056
147 8329.16827732
148 8341.16196705
149 8351.35869281
150 8364.24041706
151 8375.29383495
152 8388.91732921
153 8400.68117471
154 8412.80023402
155 8426.86252181
156 8439.32634746
157 8453.82742877
158 8467.14794655
159 8482.36990294
160 8495.82623776
161 8512.85560559
162 8527.84771775
163 8545.00245515
164 8561.84376861
165 8578.35076319
166 8597.35470188
167 8614.51988675
168 8635.19541983
169 8652.09941808
170 8674.44654555
171 8693.35645706
172 8716.07969326
173 8736.41046
174 8759.69785931
175 8783.82105582
176 8805.88610174
177 8831.36746868
178 8854.47726109
179 8881.89140905
180 8905.82655119
181 8934.8913986
182 8960.33097569
183 8990.52414932
184 9016.74728627
185 9043.01221309
186 9074.79340138
187 9102.66723779
188 9135.23198596
189 9163.29387674
190 9197.79140592
191 9226.10403586
192 9259.17026234
193 9287.43065495
194 9320.62225101
195 9348.54832475
196 9376.46395102
197 9408.04663748
198 9434.79214769
199 9464.92263652
200 9490.24729149
201 9519.32258637
202 9543.57115246
203 9571.6748331
204 9594.74283565
205 9618.99140174
206 9642.01761443
207 9661.9200351
208 9685.01938005
209 9704.84866847
210 9725.67046606
211 9743.04460023
212 9761.52616568
213 9777.29139024
214 9793.94464933
215 9807.17113992
216 9820.26181347
217 9834.06291463
218 9845.99391958
219 9858.91743368
220 9868.47686409
221 9879.10193592
222 9887.87780645
223 9897.72976587
224 9905.68028668
225 9913.72483467
226 9920.72463617
227 9927.20206442
228 9934.17052352
229 9939.36291359
230 9945.20304648
231 9949.85216837
232 9954.51173773
233 9958.07432327
234 9961.98167515
235 9965.41889111
236 9968.72029002
237 9971.75005485
238 9974.13207685
239 9976.62902097
240 9978.69761902
241 9980.58861017
242 9982.36467921
243 9984.06761599
244 9985.20638967
245 9986.6272449
246 9987.54662181
247 9988.51823605
248 9989.57343001
249 9990.54504425
250 9991.38084144
251 9991.87187229
252 9992.404693
253 9992.75990681
254 9993.37630724
255 9993.90912795
256 9994.35836894
257 9994.74492514
258 9995.00611177
259 9995.39266797
260 9995.61206473
261 9995.8314615
262 9995.94638361
263 9996.17622784
264 9996.34338728
265 9996.56278404
266 9996.71949601
267 9996.8135232
268 9996.94934024
269 9997.04336743
270 9997.15828954
271 9997.24186926
272 9997.35679137
273 9997.50305588
274 9997.5866356
275 9997.62842546
276 9997.73290011
277 9997.83737476
278 9997.91050702
279 9997.98363927
280 9998.0045342
281 9998.08811392
282 9998.16124617
283 9998.23437843
284 9998.26572082
285 9998.33885308
286 9998.37019547
287 9998.43288026
288 9998.46422266
289 9998.50601252
290 9998.52690745
291 9998.53735491
292 9998.58959224
293 9998.6000397
294 9998.6000397
295 9998.6313821
296 9998.66272449
297 9998.68361942
298 9998.69406688
299 9998.72540928
300 9998.75675167
301 9998.78809407
302 9998.808989
303 9998.82988393
304 9998.85077886
305 9998.88212125
306 9998.88212125
307 9998.88212125
308 9998.89256872
309 9998.91346365
310 9998.92391111
311 9998.92391111
312 9998.95525351
313 9998.96570097
314 9998.99704337
315 9999.0179383
316 9999.04928069
317 9999.04928069
318 9999.07017562
319 9999.07017562
320 9999.09107055
321 9999.15375534
322 9999.17465027
323 9999.18509774
324 9999.20599267
325 9999.20599267
326 9999.24778253
327 9999.27912492
328 9999.30001985
329 9999.30001985
330 9999.31046732
331 9999.32091478
332 9999.33136224
333 9999.33136224
334 9999.34180971
335 9999.34180971
336 9999.36270464
337 9999.38359957
338 9999.39404703
339 9999.4044945
340 9999.42538943
341 9999.42538943
342 9999.43583689
343 9999.44628436
344 9999.45673182
345 9999.48807422
346 9999.48807422
347 9999.52986408
348 9999.56120647
349 9999.59254887
350 9999.6134438
351 9999.6134438
352 9999.6134438
353 9999.62389126
354 9999.63433873
355 9999.65523366
356 9999.65523366
357 9999.65523366
358 9999.65523366
359 9999.67612859
360 9999.68657605
361 9999.69702352
362 9999.69702352
363 9999.69702352
364 9999.69702352
365 9999.69702352
366 9999.71791845
367 9999.71791845
368 9999.74926084
369 9999.75970831
370 9999.75970831
371 9999.75970831
372 9999.77015577
373 9999.78060324
374 9999.78060324
375 9999.7910507
376 9999.7910507
377 9999.8223931
378 9999.83284056
379 9999.83284056
380 9999.83284056
381 9999.83284056
382 9999.83284056
383 9999.83284056
384 9999.83284056
385 9999.83284056
386 9999.83284056
387 9999.84328803
388 9999.84328803
389 9999.84328803
390 9999.85373549
391 9999.85373549
392 9999.85373549
393 9999.85373549
394 9999.85373549
395 9999.86418296
396 9999.86418296
397 9999.86418296
398 9999.87463042
399 9999.87463042
400 9999.87463042
401 9999.87463042
402 9999.87463042
403 9999.87463042
404 9999.87463042
405 9999.87463042
406 9999.87463042
407 9999.87463042
409 9999.88507789
410 9999.88507789
411 9999.88507789
412 9999.88507789
413 9999.88507789
414 9999.88507789
415 9999.88507789
416 9999.88507789
417 9999.88507789
418 9999.88507789
419 9999.89552535
420 9999.89552535
421 9999.89552535
422 9999.89552535
423 9999.89552535
424 9999.89552535
425 9999.89552535
426 9999.89552535
427 9999.89552535
428 9999.89552535
431 9999.90597282
432 9999.90597282
433 9999.90597282
434 9999.90597282
435 9999.90597282
436 9999.90597282
437 9999.90597282
438 9999.90597282
439 9999.90597282
440 9999.90597282
448 9999.91642028
449 9999.92686775
450 9999.92686775
451 9999.92686775
452 9999.92686775
453 9999.92686775
454 9999.92686775
455 9999.92686775
456 9999.92686775
457 9999.92686775
458 9999.92686775
616 9999.93731521
617 9999.93731521
618 9999.93731521
619 9999.93731521
620 9999.93731521
621 9999.93731521
622 9999.93731521
623 9999.93731521
624 9999.93731521
625 9999.93731521
675 9999.94776268
676 9999.94776268
677 9999.94776268
678 9999.94776268
679 9999.94776268
680 9999.94776268
681 9999.94776268
682 9999.94776268
683 9999.94776268
684 9999.94776268
695 9999.95821014
696 9999.95821014
697 9999.95821014
698 9999.95821014
699 9999.95821014
700 9999.96865761
701 9999.96865761
702 9999.96865761
703 9999.96865761
704 9999.96865761
705 9999.96865761
706 9999.96865761
707 9999.96865761
708 9999.96865761
709 9999.96865761
849 9999.97910507
850 9999.97910507
851 9999.98955254
852 9999.98955254
853 9999.98955254
854 9999.98955254
855 9999.98955254
856 9999.98955254
857 9999.98955254
858 9999.98955254
859 9999.98955254
860 9999.98955254
913 10000.0
914 10000.0
915 10000.0
916 10000.0
917 10000.0
918 10000.0
919 10000.0
920 10000.0
921 10000.0
922 10000.0
1501 10000.0
