0 0.0
1 0.0
2 0.0
3 0.0
4 0.0
5 0.0
6 0.0
7 0.0
8 0.0
12 0.219701996212
13 9.13960304243
14 34.6250346031
15 62.2635457266
16 123.208879476
17 222.074777771
18 314.525377778
19 418.532302785
20 508.170717239
21 588.318005457
22 662.796982173
23 731.475826189
24 793.124206327
25 855.651394449
26 916.201264605
27 982.507327062
28 1070.30024475
29 1168.90250065
30 1290.88104895
31 1438.08138641
32 1598.81536684
33 1741.62166437
34 1859.95315953
35 1957.41296505
36 2049.38022067
37 2136.03068797
38 2210.1142011
39 2274.31112439
40 2326.2047359
41 2374.45129426
42 2416.67801794
43 2452.92884731
44 2483.11590159
45 2509.17255834
46 2530.30789038
47 2552.27809
48 2572.97401804
49 2595.29574086
50 2615.9916689
51 2634.71027898
52 2653.56071025
53 2670.60958516
54 2686.55995008
55 2707.08011653
56 2732.91707128
57 2764.86174153
58 2802.21108089
59 2859.33359991
60 2915.26972814
61 2975.02867111
62 3054.12138975
63 3142.83705582
64 3273.91126676
65 3398.61411981
66 3547.26449045
67 3655.92909777
68 3756.06926765
69 3835.42562868
70 3912.98043334
71 3982.58202574
72 4057.76404884
73 4149.86312566
74 4243.67587804
75 4383.01088404
76 4521.99436684
77 4696.08622864
78 4860.29150061
79 5055.07929045
80 5222.31644997
81 5403.35089485
82 5582.49590256
83 5753.9513404
84 5959.85605125
85 6148.14066201
86 6385.24305632
87 6613.20584759
88 6909.75960208
89 7173.97322272
90 7469.86787122
91 7689.52592703
92 7876.7999086
93 8048.95839284
94 8173.83700748
95 8299.46260892
96 8393.80264609
97 8498.95202148
98 8586.92070076
99 8685.83053946
100 8768.08696684
101 8863.3936928
102 8942.66217303
103 9020.43667969
104 9109.94327294
105 9183.71920327
106 9262.28463712
107 9324.85576564
108 9389.14056973
109 9439.18868447
110 9491.52169997
111 9531.94686727
112 9570.04319341
113 9604.40458562
114 9632.61432193
115 9663.5923034
116 9687.80346338
117 9713.59647774
118 9733.325717
119 9754.50498943
120 9771.64174514
121 9788.11939485
122 9801.38939542
123 9811.84721044
124 9823.05201225
125 9831.9279729
126 9842.51760911
127 9849.81171539
128 9860.00588801
129 9866.8605903
130 9874.33045817
131 9880.43817366
132 9886.41406796
133 9891.64297547
134 9896.08095579
135 9901.1780421
136 9904.78115484
137 9908.86761197
138 9912.03132072
139 9914.84350627
140 9917.65569182
141 9920.77546017
142 9923.01642053
143 9925.56496368
144 9928.33320884
145 9929.95900361
146 9931.98026197
147 9933.73787794
148 9935.31973232
149 9936.81370589
150 9938.61526226
151 9940.06529543
152 9941.69109021
153 9943.14112338
154 9944.23963336
155 9945.51390494
156 9946.56847452
157 9947.6669845
158 9948.85337528
159 9949.77612367
160 9950.65493165
161 9951.44585884
162 9952.06102443
163 9952.76407081
164 9953.29135561
165 9954.08228279
166 9954.96109078
167 9955.70807756
168 9956.41112395
169 9956.85052794
170 9957.59751473
171 9957.90509753
172 9958.21268032
173 9958.73996511
174 9959.5308923
175 9959.83847509
176 9960.10211749
177 9960.62940228
178 9960.89304467
179 9961.50821026
180 9961.77185266
181 9962.07943545
182 9962.29913745
183 9962.95824344
184 9963.22188583
185 9963.39764743
186 9963.79311102
187 9964.14463422
188 9964.62797861
189 9964.9355614
190 9965.1992038
191 9965.55072699
192 9965.85830979
193 9966.12195218
194 9966.42953498
195 9966.60529658
196 9966.95681977
197 9967.22046217
198 9967.70380656
199 9967.92350855
200 9968.45079334
201 9968.93413774
202 9969.32960133
203 9969.54930332
204 9969.63718412
205 9969.94476692
206 9970.34023051
207 9970.60387291
208 9970.7356941
209 9970.9993365
210 9971.2629789
211 9971.70238289
212 9971.87814448
213 9972.22966768
214 9972.58119087
215 9972.97665447
216 9973.24029686
217 9973.41605846
218 9973.72364125
219 9974.25092604
220 9974.51456844
221 9974.86609163
222 9975.04185323
223 9975.17367443
224 9975.78884002
225 9976.05248241
226 9976.22824401
227 9976.6237076
228 9977.10705199
229 9977.45857519
230 9977.76615798
231 9978.07374078
232 9978.64496597
233 9978.95254876
234 9979.52377395
235 9979.91923755
236 9980.44652234
237 9980.66622433
238 9980.97380713
239 9981.41321112
240 9981.63291312
241 9982.07231711
242 9982.24807871
243 9982.5996019
244 9983.03900589
245 9983.39052909
246 9983.78599268
247 9984.35721787
248 9984.57691987
249 9984.97238346
250 9985.27996625
251 9985.71937025
252 9986.11483384
253 9986.37847623
254 9986.59817823
255 9986.68605903
256 9987.08152262
257 9987.25728422
258 9987.74062861
259 9988.00427101
260 9988.223973
261 9988.663377
262 9988.97095979
263 9989.36642338
264 9989.63006578
265 9989.98158897
266 9990.50887376
267 9990.64069496
268 9991.03615855
269 9991.34374135
270 9991.73920494
271 9992.00284734
272 9992.44225133
273 9992.66195333
274 9992.70589373
275 9992.88165532
276 9992.96953612
277 9993.23317852
278 9993.45288051
279 9993.67258251
280 9993.84834411
281 9994.1559269
282 9994.3756289
283 9994.55139049
284 9994.81503289
285 9995.07867528
286 9995.25443688
287 9995.38625808
288 9995.56201968
289 9995.86960247
290 9996.13324487
291 9996.22112567
292 9996.35294686
293 9996.48476806
294 9996.61658926
295 9996.79235086
296 9997.01205285
297 9997.23175485
298 9997.40751644
299 9997.49539724
300 9997.58327804
301 9997.71509924
302 9997.75903964
303 9997.80298004
304 9997.93480124
305 9998.02268203
306 9998.11056283
307 9998.24238403
308 9998.24238403
309 9998.28632443
310 9998.37420523
311 9998.46208603
312 9998.50602643
313 9998.63784762
314 9998.63784762
315 9998.68178802
316 9998.68178802
317 9998.72572842
318 9998.76966882
319 9998.81360922
320 9998.81360922
321 9998.90149002
322 9998.90149002
323 9998.90149002
324 9998.90149002
325 9998.94543042
326 9998.98937082
327 9998.98937082
328 9998.98937082
329 9999.07725162
330 9999.07725162
331 9999.07725162
332 9999.12119202
333 9999.16513241
334 9999.16513241
335 9999.16513241
336 9999.16513241
337 9999.16513241
338 9999.20907281
339 9999.20907281
340 9999.20907281
341 9999.25301321
342 9999.25301321
343 9999.25301321
344 9999.29695361
345 9999.29695361
346 9999.34089401
347 9999.42877481
348 9999.47271521
349 9999.47271521
350 9999.51665561
351 9999.51665561
352 9999.51665561
353 9999.51665561
354 9999.51665561
355 9999.51665561
356 9999.51665561
357 9999.51665561
358 9999.51665561
359 9999.56059601
360 9999.56059601
361 9999.56059601
362 9999.56059601
363 9999.56059601
364 9999.56059601
365 9999.56059601
366 9999.60453641
367 9999.60453641
368 9999.60453641
369 9999.60453641
370 9999.64847681
371 9999.64847681
372 9999.64847681
373 9999.64847681
374 9999.64847681
375 9999.64847681
376 9999.69241721
377 9999.7363576
378 9999.7363576
379 9999.7363576
380 9999.7363576
381 9999.7363576
382 9999.7363576
383 9999.7363576
384 9999.7363576
385 9999.7363576
386 9999.7363576
396 9999.780298
397 9999.780298
398 9999.780298
399 9999.780298
400 9999.780298
401 9999.780298
402 9999.780298
403 9999.780298
404 9999.780298
405 9999.780298
408 9999.8242384
409 9999.8242384
410 9999.8242384
411 9999.8242384
412 9999.8242384
413 9999.8242384
414 9999.8242384
415 9999.8242384
416 9999.8242384
417 9999.8242384
425 9999.8681788
426 9999.8681788
427 9999.8681788
428 9999.8681788
429 9999.8681788
430 9999.8681788
431 9999.8681788
432 9999.8681788
433 9999.8681788
434 9999.8681788
596 9999.9121192
597 9999.9121192
598 9999.9121192
599 9999.9121192
600 9999.9121192
601 9999.9560596
602 9999.9560596
603 9999.9560596
604 9999.9560596
605 9999.9560596
606 9999.9560596
607 9999.9560596
608 9999.9560596
609 9999.9560596
610 9999.9560596
1130 10000.0
1131 10000.0
1132 10000.0
1133 10000.0
1134 10000.0
1135 10000.0
1136 10000.0
1137 10000.0
1138 10000.0
1139 10000.0
1501 10000.0
