0 0.0
1 0.0
2 0.0
3 0.0
4 0.0
5 0.0
6 0.0
7 0.0
8 0.0
61 0.0960570963381
62 0.840499592958
63 2.20931321578
64 5.59532586169
65 14.3125073544
66 33.812097911
67 67.3600388071
68 103.645606949
69 153.090997289
70 224.173248579
71 279.550164618
72 318.789488472
73 350.320230345
74 374.310490155
75 394.26635192
76 408.050545244
77 418.424711649
78 427.285978786
79 434.7784323
80 440.974115014
81 446.473383779
82 451.564409885
83 456.151136235
84 460.065462911
85 464.460075069
86 469.046801419
87 473.705570591
88 477.81201146
89 482.806980469
90 487.033492708
91 490.323448258
92 494.045660741
93 497.191530646
94 500.025214988
95 502.882913604
96 504.948141175
97 507.229497213
98 509.462824703
99 511.407980904
100 513.161022912
101 514.601879357
102 516.306892817
103 517.843806358
104 519.404734174
105 520.893619167
106 522.670675449
107 524.663860199
108 526.633030673
109 528.121915667
110 529.394672193
111 530.571371623
112 531.579971135
113 532.780684839
114 533.621184432
115 534.749855314
116 535.614369181
117 536.574940144
118 537.775653849
119 539.216510294
120 540.513281094
121 541.617937702
122 542.60252294
123 543.731193822
124 545.003950348
125 546.805020904
126 548.606091461
127 549.806805165
128 550.671319032
129 551.391747255
130 551.968089833
131 552.280275396
132 552.976689344
133 553.649089019
134 554.561631434
135 555.570230945
136 556.506787635
137 557.155173035
138 558.043701176
139 558.932229317
140 559.724700362
141 561.045485437
142 562.078099222
143 563.278812926
144 564.215369616
145 565.055869209
146 565.800311705
147 566.47271138
148 567.313210973
149 568.321810484
150 569.186324351
151 570.00280967
152 570.699223619
153 571.1795091
154 571.491694663
155 571.947965871
156 572.476279901
157 572.740436916
158 573.124665301
159 573.388822316
160 573.82107925
161 574.229321909
162 574.805664487
163 575.333978517
164 575.958349643
165 576.510677947
166 577.063006251
167 577.687377377
168 578.383791326
169 579.104219548
170 579.800633497
171 580.76120446
172 581.841846794
173 583.018546224
174 584.459402669
175 585.395959358
176 586.284487499
177 587.028929996
178 587.605272574
179 588.2296437
180 588.926057649
181 589.478385953
182 590.102757079
183 590.607056835
184 590.99128522
185 591.447556428
186 591.807770539
187 592.071927554
188 592.432141665
189 592.960455695
190 593.416726902
191 593.704898191
192 594.305255044
193 594.857583348
194 595.433925926
195 595.938225681
196 596.658653904
197 597.186967934
198 597.643239141
199 598.315638816
200 598.86796712
201 599.39628115
202 600.380866387
203 601.461508721
204 602.350036862
205 602.974407988
206 603.766879033
207 604.343221611
208 605.039635559
209 606.024220797
210 606.600563375
211 607.176905953
212 608.017405546
213 608.809876591
214 609.890518924
215 610.971161258
216 611.523489562
217 612.291946333
218 613.27653157
219 614.020974067
220 614.813445112
221 615.990144542
222 617.406986713
223 618.895871706
224 620.168628233
225 621.6815275
226 622.834212656
227 624.010912086
228 624.899440227
229 625.980082561
230 626.724525058
231 627.300867636
232 627.757138843
233 628.213410051
234 628.861795451
235 629.390109481
236 629.750323592
237 630.014480607
238 630.590823185
239 630.999065845
240 631.359279956
241 631.839565438
242 631.983651082
243 632.511965112
244 632.824150675
245 633.208379061
246 633.49655035
247 633.784721639
248 634.072892928
249 634.337049942
250 634.577192683
251 635.009449617
252 635.297620906
253 635.753892113
254 636.114106225
255 636.594391706
256 637.266791381
257 637.915176781
258 638.755676374
259 640.028432901
260 642.573945953
261 645.959958599
262 649.418014068
263 654.653125818
264 660.464580146
265 670.502546714
266 680.18029917
267 693.508221287
268 706.235786552
269 719.635751491
270 736.085529239
271 751.166493364
272 768.672899171
273 784.906548452
274 806.519395128
275 825.394614559
276 848.208174939
277 871.766177816
278 899.71879285
279 937.997545741
280 968.063416895
281 1002.90812859
282 1027.35465961
283 1050.67251975
284 1067.12229749
285 1083.4279896
286 1096.70788317
287 1110.49207649
288 1121.22645701
289 1131.2404093
290 1142.11887546
291 1150.66795703
292 1160.63388078
293 1168.91880534
294 1177.99620094
295 1185.22449744
296 1193.53343627
297 1199.51299052
298 1206.11691589
299 1211.61618466
300 1216.05882537
301 1221.99035106
302 1226.43299177
303 1230.92366102
304 1234.33368794
305 1238.05590043
306 1241.20177033
307 1244.44369733
308 1247.18132458
309 1249.63078054
310 1252.05622222
311 1254.14546406
312 1256.28273446
313 1258.25190493
314 1260.46121815
315 1262.21426016
316 1263.94328789
317 1265.74435845
318 1266.96908642
319 1268.36191432
320 1269.73072794
321 1270.81137028
322 1271.98806971
323 1273.52498325
324 1274.7737255
325 1275.95042493
326 1277.00705299
327 1278.03966678
328 1279.12030911
329 1280.17693717
330 1281.47370797
331 1282.41026466
332 1283.89914965
333 1284.81169207
334 1285.74824876
335 1286.49269126
336 1287.64537641
337 1288.46186173
338 1289.83067535
339 1290.79124632
340 1291.94393147
341 1293.02457381
342 1293.7690163
343 1294.65754444
344 1295.40198694
345 1296.33854363
346 1297.37115742
347 1298.47581402
348 1299.12419942
349 1300.06075611
350 1300.75717006
351 1301.28548409
352 1302.02992659
353 1302.87042618
354 1303.83099714
355 1304.69551101
356 1305.41593923
357 1305.87221044
358 1306.68869576
359 1307.19299552
360 1307.74532382
361 1308.2256093
362 1308.9700518
363 1309.5223801
364 1310.24280833
365 1310.84316518
366 1311.13133647
367 1311.63563622
368 1312.13993598
369 1312.52416436
370 1312.9564213
371 1313.53276387
372 1313.74889234
373 1314.18114928
374 1314.7094633
375 1315.09369169
376 1315.59799145
377 1316.05426265
378 1316.48651959
379 1316.82271942
380 1317.42307628
381 1317.87934748
382 1318.31160442
383 1318.57576143
384 1318.91196127
385 1319.32020393
386 1319.84851796
387 1320.13668925
388 1320.42486054
389 1320.78507465
390 1321.09726021
391 1321.52951714
392 1321.79367416
393 1322.24994537
394 1322.6822023
395 1323.11445923
396 1323.59474472
397 1324.05101592
398 1324.57932995
399 1325.01158689
400 1325.25172963
401 1325.73201511
402 1326.0201864
403 1326.54850043
404 1326.98075736
405 1327.48505712
406 1327.91731405
407 1328.25351389
408 1328.613728
409 1329.21408485
410 1329.52627042
411 1329.98254162
412 1330.27071291
413 1330.51085565
414 1330.89508404
415 1331.27931242
416 1331.68755508
417 1332.04776919
418 1332.40798331
419 1332.69615459
420 1333.05636871
421 1333.32052572
422 1333.65672556
423 1334.01693967
424 1334.30511096
425 1334.76138217
426 1335.2896962
427 1335.62589603
428 1335.89005305
429 1336.29829571
430 1336.73055264
431 1336.97069538
432 1337.25886667
433 1337.66710933
434 1337.90725207
435 1338.29148046
436 1338.62768029
437 1339.0839515
438 1339.56423698
439 1339.78036545
440 1340.18860811
441 1340.59685077
442 1340.90903633
443 1341.14917907
444 1341.38932181
445 1341.65347883
446 1341.94165012
447 1342.22982141
448 1342.54200697
449 1342.80616398
450 1343.23842092
451 1343.59863503
452 1344.03089196
453 1344.3670918
454 1344.60723454
455 1344.94343438
456 1345.20759139
457 1345.49576268
458 1345.80794824
459 1346.07210526
460 1346.312248
461 1346.50436219
462 1346.79253348
463 1347.10471905
464 1347.56099025
465 1347.87317582
466 1348.23338993
467 1348.47353267
468 1348.78571823
469 1349.09790379
470 1349.21797516
471 1349.36206081
472 1349.62621782
473 1349.84234629
474 1350.13051758
475 1350.49073169
476 1350.61080306
477 1350.92298862
478 1351.35524556
479 1351.66743112
480 1351.95560241
481 1352.26778797
482 1352.45990217
483 1352.91617337
484 1353.32441603
485 1353.51653023
486 1353.80470151
487 1354.23695845
488 1354.52512974
489 1354.88534385
490 1355.31760078
491 1355.70182917
492 1356.01401473
493 1356.27817175
494 1356.66240013
495 1356.97458569
496 1357.28677126
497 1357.526914
498 1357.71902819
499 1358.10325658
500 1358.31938504
501 1358.65558488
502 1358.99178472
503 1359.3760131
504 1359.68819867
505 1359.88031286
506 1360.09644132
507 1360.40862689
508 1360.81686955
509 1361.10504084
510 1361.4172264
511 1361.63335487
512 1361.92152616
513 1362.30575454
514 1362.73801147
515 1363.21829696
516 1363.57851107
517 1364.010768
518 1364.29893929
519 1364.7552105
520 1365.3075388
521 1365.73979573
522 1366.0519813
523 1366.58029533
524 1366.98853799
525 1367.44480919
526 1367.78100903
527 1368.06918032
528 1368.5494658
529 1368.90967991
530 1369.2939083
531 1369.82222233
532 1370.06236507
533 1370.42257918
534 1370.85483611
535 1371.2390645
536 1371.62329289
537 1372.15160692
538 1372.55984957
539 1372.96809223
540 1373.30429207
541 1373.68852046
542 1374.04873457
543 1374.45697723
544 1374.79317706
545 1375.1293769
546 1375.44156246
547 1375.7777623
548 1376.04191932
549 1376.49819052
550 1376.85840464
551 1377.19460447
552 1377.55481858
553 1378.01108979
554 1378.44334673
555 1378.75553229
556 1379.13976067
557 1379.62004616
558 1379.93223172
559 1380.26843156
560 1380.77273131
561 1381.18097397
562 1381.51717381
563 1381.82935937
564 1382.28563058
565 1382.62183042
566 1382.91000171
567 1383.34225864
568 1383.70247275
569 1384.11071541
570 1384.51895807
571 1384.85515791
572 1385.23938629
573 1385.57558613
574 1385.95981451
575 1386.32002863
576 1386.60819991
577 1386.8963712
578 1387.23257104
579 1387.56877088
580 1388.07307063
581 1388.43328474
582 1388.96159877
583 1389.46589853
584 1389.75406982
585 1390.06625538
586 1390.37844095
587 1390.73865506
588 1390.8827407
589 1391.24295481
590 1391.69922602
591 1392.05944013
592 1392.44366852
593 1392.97198255
594 1393.42825375
595 1393.88452496
596 1394.24473907
597 1394.62896746
598 1394.91713875
599 1395.20531004
600 1395.56552415
601 1395.80566689
602 1396.23792382
603 1396.52609511
604 1396.83828067
605 1397.12645196
606 1397.65476599
607 1397.91892301
608 1398.15906575
609 1398.54329413
610 1398.95153679
611 1399.3117509
612 1399.69597929
613 1400.00816485
614 1400.48845033
615 1400.8006359
616 1401.13683574
617 1401.71317831
618 1402.21747807
619 1402.67374928
620 1403.32213468
621 1403.87446298
622 1404.30671991
623 1404.85904822
624 1405.2432766
625 1405.62750499
626 1406.15581902
627 1406.46800458
628 1407.04434716
629 1407.33251845
630 1407.66871829
631 1408.10097522
632 1408.46118933
633 1408.89344626
634 1409.3257032
635 1409.73394586
636 1410.11817424
637 1410.64648827
638 1411.12677375
639 1411.60705924
640 1412.06333044
641 1412.37551601
642 1412.92784431
643 1413.24002987
644 1413.84038673
645 1414.22461511
646 1414.80095769
647 1415.35328599
648 1415.95364285
649 1416.5539997
650 1417.17837082
651 1417.8507705
652 1418.37908453
653 1419.12352702
654 1419.91599807
655 1420.75649766
656 1421.62101153
657 1422.67763959
658 1423.63821055
659 1424.79089571
660 1426.18372361
661 1427.43246586
662 1428.89733658
663 1430.19410738
664 1431.92313511
665 1433.55610575
666 1435.26111921
667 1437.01416122
668 1438.91128887
669 1441.52884475
670 1443.73815796
671 1446.04352827
672 1448.39692713
673 1451.06251156
674 1454.04028154
675 1456.89798016
676 1460.30800708
677 1464.12627666
678 1468.23271753
679 1472.36317267
680 1476.49362781
681 1482.01691085
682 1487.10793696
683 1492.15093452
684 1498.13048876
685 1503.7498289
686 1510.76199693
687 1517.3659223
688 1524.45013316
689 1532.27878651
690 1539.36299737
691 1547.50383628
692 1555.21241826
693 1563.35325718
694 1572.83889544
695 1582.90087628
696 1594.66787058
697 1604.92196562
698 1616.01656024
699 1627.66348317
700 1639.21434901
701 1652.18205701
702 1664.62145099
703 1678.38163004
704 1691.82962353
705 1705.7579025
706 1719.66216719
707 1733.08614641
708 1747.01442537
709 1762.35954651
710 1777.39248209
711 1791.29674679
712 1807.02609631
713 1822.82748866
714 1838.67690956
715 1855.3188015
716 1872.00872198
717 1888.89075667
718 1906.06096264
719 1925.03223916
720 1943.64330158
721 1961.72604996
722 1978.75217029
723 1994.84173393
724 2012.75638239
725 2030.93518788
726 2049.81040731
727 2067.26878457
728 2085.80780416
729 2103.41026706
730 2122.76577197
731 2142.14529116
732 2160.20402527
733 2178.16670229
734 2196.03332221
735 2215.1246701
736 2234.52820356
737 2253.69159428
738 2272.06251396
739 2291.9463329
740 2311.75810902
741 2331.64192796
742 2351.18954707
743 2369.89666658
744 2390.62098511
745 2410.07254712
746 2430.1965088
747 2450.05631347
748 2470.90070338
749 2489.63183716
750 2510.33214142
751 2530.45610311
752 2549.57146528
753 2570.22374099
754 2588.81078913
755 2608.86270799
756 2629.03469822
757 2648.75041725
758 2669.57079288
759 2688.80622642
760 2710.17893036
761 2731.95987695
762 2753.93293774
763 2775.68987006
764 2795.76580319
765 2816.24997899
766 2837.59866865
767 2858.87531549
768 2880.824362
769 2901.54868054
770 2925.17872623
771 2947.53601541
772 2969.84527603
773 2992.85095061
774 3014.03154035
775 3035.59635848
776 3059.44253264
777 3084.58547761
778 3110.56892217
779 3134.91939609
780 3158.52542751
781 3184.36478643
782 3210.90055929
783 3237.4843607
784 3264.4523905
785 3290.55590643
786 3317.13970784
787 3344.87619441
788 3373.81339468
789 3401.4057956
790 3428.58995387
791 3457.69525406
792 3487.88119658
793 3518.61946741
794 3548.78139566
795 3576.78203924
796 3607.28016733
797 3639.36323751
798 3671.08609357
799 3701.99246432
800 3730.71353613
801 3761.06757857
802 3791.94993504
803 3822.95236288
804 3853.93077645
805 3882.77191963
806 3911.99729119
807 3943.14380468
808 3973.25770438
809 4003.15547561
810 4031.6123904
811 4058.50837738
812 4086.53303524
813 4114.22149326
814 4141.59776571
815 4168.44572414
816 4192.60408387
817 4218.34738569
818 4243.85054476
819 4268.96947546
820 4293.22389228
821 4314.90878178
822 4336.83381402
823 4359.71941722
824 4381.86057793
825 4402.10461098
826 4419.99524517
827 4438.94250743
828 4457.76969831
829 4476.71696056
830 4494.34343774
831 4508.559888
832 4524.43332317
833 4539.46625874
834 4554.47518005
835 4569.5321299
836 4582.64392355
837 4594.84317478
838 4607.64278287
839 4619.12160588
840 4629.73591503
841 4640.27818135
842 4649.76381961
843 4660.13798602
844 4670.36806678
845 4678.98919118
846 4687.63432985
847 4694.95868344
848 4703.07550808
849 4710.08767611
850 4717.33998689
851 4724.11201218
852 4729.99550933
853 4735.398721
854 4740.77791839
855 4745.74887313
856 4750.43165658
857 4754.75422591
858 4758.81263823
859 4763.06316475
860 4767.04953424
861 4770.77174673
862 4775.11833034
863 4778.40828589
864 4781.60218434
865 4784.62798287
866 4787.31758157
867 4789.8871089
868 4792.52867905
869 4795.14623492
870 4797.97991926
871 4800.06916111
872 4802.61467416
873 4804.82398738
874 4807.08132914
875 4809.60282792
876 4811.74009831
877 4813.61321169
878 4815.4623108
879 4817.11929571
880 4819.08846618
881 4820.88953674
882 4822.76265012
883 4824.34759221
884 4826.00457712
885 4827.90170477
886 4829.46263259
887 4831.07158895
888 4832.63251677
889 4834.19344458
890 4835.6583153
891 4836.88304328
892 4838.51601392
893 4839.59665625
894 4840.9414556
895 4842.09414076
896 4843.36689728
897 4845.16796784
898 4846.53678146
899 4847.59340952
900 4848.74609468
901 4849.68265137
902 4850.88336507
903 4852.01203595
904 4853.09267829
905 4854.07726353
906 4855.13389159
907 4856.31059102
908 4857.29517625
909 4858.23173294
910 4859.26434673
911 4860.51308898
912 4861.66577414
913 4862.84247357
914 4863.9231159
915 4864.97974396
916 4866.06038629
917 4867.18905718
918 4868.24568524
919 4869.15822765
920 4870.45499845
921 4871.53564078
922 4872.37614038
923 4873.36072562
924 4874.15319666
925 4875.25785327
926 4876.17039568
927 4877.15498092
928 4878.11555188
929 4878.73992301
930 4879.60443688
931 4880.44493647
932 4881.40550743
933 4882.24600703
934 4883.0144638
935 4883.92700621
936 4884.62342016
937 4885.63201967
938 4886.64061918
939 4887.76929007
940 4888.7538753
941 4889.93057473
942 4890.74706005
943 4891.70763102
944 4892.35601642
945 4893.34060165
946 4894.10905842
947 4895.23772931
948 4896.19830027
949 4897.13485696
950 4897.927328
951 4898.5757134
952 4899.80044138
953 4900.68896952
954 4901.45742629
955 4902.27391161
956 4903.04236838
957 4904.02695362
958 4904.93949604
959 4905.9961241
960 4906.5484524
961 4907.1968378
962 4908.15740876
963 4908.97389408
964 4909.91045077
965 4910.60686472
966 4911.42335004
967 4912.383921
968 4912.93624931
969 4913.99287737
970 4915.33767672
971 4916.29824768
972 4917.49896138
973 4918.19537533
974 4919.08390347
975 4919.94841734
976 4920.88497403
977 4921.70145935
978 4922.44590184
979 4923.33442999
980 4924.31901522
981 4925.23155764
982 4926.26417142
983 4927.08065674
984 4927.94517061
985 4928.9777844
986 4929.81828399
987 4930.85089777
988 4931.59534027
989 4932.57992551
990 4933.20429663
991 4934.09282478
992 4934.83726727
993 4935.53368122
994 4936.54228073
995 4937.52686597
996 4938.48743693
997 4939.23187943
998 4940.14442184
999 4940.81682152
1000 4941.58527829
1001 4942.54584925
1002 4943.21824893
1003 4944.25086271
1004 4945.1874194
1005 4945.78777625
1006 4946.96447568
1007 4947.61286108
1008 4948.5254035
1009 4949.60604583
1010 4950.5666168
1011 4951.71930195
1012 4952.65585864
1013 4953.56840106
1014 4954.43291492
1015 4955.39348589
1016 4956.42609967
1017 4957.62681338
1018 4958.46731297
1019 4959.59598385
1020 4960.34042635
1021 4961.32501159
1022 4962.42966819
1023 4963.24615351
1024 4964.25475303
1025 4964.99919552
1026 4965.71962374
1027 4966.53610906
1028 4967.30456583
1029 4968.38520817
1030 4969.00957929
1031 4969.82606461
1032 4970.69057848
1033 4971.81924936
1034 4972.56369186
1035 4973.16404871
1036 4974.1966625
1037 4975.06117636
1038 4976.02174733
1039 4976.91027547
1040 4977.94288925
1041 4978.97550304
1042 4980.00811682
1043 4980.82460214
1044 4981.56904464
1045 4982.74574407
1046 4983.80237213
1047 4985.09914293
1048 4986.03569962
1049 4986.82817066
1050 4987.86078445
1051 4988.89339824
1052 4989.82995493
1053 4990.62242597
1054 4991.84715395
1055 4992.61561072
1056 4993.31202467
1057 4994.36865273
1058 4995.28119514
1059 4996.50592312
1060 4997.51452263
1061 4998.61917924
1062 4999.45967883
1063 5000.27616415
1064 5001.18870657
1065 5001.86110624
1066 5002.70160583
1067 5003.61414825
1068 5004.45464784
1069 5005.39120453
1070 5006.54388969
1071 5007.21628936
1072 5008.00876041
1073 5008.84926
1074 5009.76180242
1075 5010.62631628
1076 5011.61090152
1077 5012.69154385
1078 5013.62810054
1079 5014.25247167
1080 5015.26107118
1081 5016.26967069
1082 5016.7259419
1083 5017.90264133
1084 5018.7671552
1085 5019.72772616
1086 5020.73632567
1087 5021.52879672
1088 5022.58542478
1089 5023.61803856
1090 5024.33846678
1091 5025.46713767
1092 5026.23559444
1093 5027.1961654
1094 5027.96462217
1095 5028.85315031
1096 5029.83773555
1097 5030.60619232
1098 5031.59077756
1099 5032.62339134
1100 5033.60797658
1101 5034.71263319
1102 5035.69721843
1103 5036.94596068
1104 5037.81047455
1105 5038.72301696
1106 5039.82767357
1107 5041.12444437
1108 5042.27712953
1109 5043.35777186
1110 5044.41439992
1111 5045.32694233
1112 5046.33554185
1113 5047.44019845
1114 5048.28069805
1115 5049.48141175
1116 5050.70613973
1117 5052.0269248
1118 5052.81939585
1119 5053.87602391
1120 5054.83659487
1121 5055.65308019
1122 5056.73372252
1123 5057.69429349
1124 5059.03909284
1125 5060.07170662
1126 5061.10432041
1127 5061.96883428
1128 5063.02546233
1129 5064.37026168
1130 5065.25878982
1131 5066.26738934
1132 5067.44408877
1133 5068.57275965
1134 5069.62938771
1135 5070.49390158
1136 5071.43045826
1137 5072.5111006
1138 5073.68780003
1139 5075.03259938
1140 5075.7530276
1141 5076.56951292
1142 5077.55409816
1143 5078.53868339
1144 5079.7393971
1145 5080.72398234
1146 5081.78061039
1147 5082.66913854
1148 5083.55766668
1149 5084.56626619
1150 5085.83902272
1151 5086.67952231
1152 5087.4239648
1153 5088.38453577
1154 5089.48919238
1155 5090.37772052
1156 5091.48237712
1157 5092.2508339
1158 5093.33147623
1159 5094.07591873
1160 5094.82036122
1161 5095.58881799
1162 5096.35727476
1163 5097.26981718
1164 5097.9902454
1165 5098.71067362
1166 5099.64723031
1167 5100.10350152
1168 5100.72787265
1169 5101.49632942
1170 5101.95260063
1171 5102.81711449
1172 5103.60958554
1173 5104.33001376
1174 5105.1224848
1175 5105.69882738
1176 5106.25115569
1177 5106.97158391
1178 5107.83609778
1179 5108.4604689
1180 5109.51709696
1181 5110.26153946
1182 5111.02999623
1183 5111.82246727
1184 5112.68698114
1185 5113.47945219
1186 5114.27192323
1187 5115.04038
1188 5115.7848225
1189 5116.45722217
1190 5117.29772177
1191 5117.87406434
1192 5118.42639265
1193 5118.83463531
1194 5119.62710635
1195 5120.20344893
1196 5120.75577723
1197 5121.50021973
1198 5121.98050521
1199 5122.67691916
1200 5123.30129029
1201 5124.02171851
1202 5124.59806109
1203 5125.10236084
1204 5125.75074624
1205 5126.54321729
1206 5127.09554559
1207 5127.76794527
1208 5128.32027357
1209 5128.99267324
1210 5129.47295873
1211 5130.38550114
1212 5130.91381517
1213 5131.4421292
1214 5132.06650033
1215 5132.57080008
1216 5133.07509984
1217 5133.60341387
1218 5134.10771362
1219 5134.75609903
1220 5135.3324416
1221 5135.69265571
1222 5136.14892692
1223 5136.70125523
1224 5137.25358353
1225 5137.82992611
1226 5138.40626869
1227 5139.00662554
1228 5139.53493957
1229 5140.39945344
1230 5141.04783884
1231 5141.48009577
1232 5141.88833843
1233 5142.44066673
1234 5142.94496649
1235 5143.49729479
1236 5144.26575156
1237 5144.77005132
1238 5145.58653664
1239 5145.9947793
1240 5146.6431647
1241 5147.26753582
1242 5147.77183558
1243 5148.42022098
1244 5148.90050646
1245 5149.30874912
1246 5149.81304888
1247 5150.36537718
1248 5151.1818625
1249 5151.61411943
1250 5152.02236209
1251 5152.59870467
1252 5153.05497588
1253 5153.55927563
1254 5154.11160394
1255 5154.66393224
1256 5155.04816063
1257 5155.67253175
1258 5156.32091715
1259 5156.84923118
1260 5157.52163086
1261 5158.04994489
1262 5158.48220182
1263 5158.77037311
1264 5159.10657295
1265 5159.6108727
1266 5160.33130093
1267 5160.66750076
1268 5161.05172915
1269 5161.652086
1270 5162.06032866
1271 5162.56462842
1272 5162.92484253
1273 5163.35709946
1274 5163.81337067
1275 5164.31767042
1276 5164.84598445
1277 5165.25422711
1278 5165.80655542
1279 5166.26282662
1280 5166.64705501
1281 5167.19938331
1282 5167.63164025
1283 5168.18396855
1284 5168.71228258
1285 5169.28862516
1286 5169.624825
1287 5169.88898201
1288 5170.46532459
1289 5171.08969572
1290 5171.4739241
1291 5172.0262524
1292 5172.38646652
1293 5172.72266635
1294 5173.22696611
1295 5173.5151374
1296 5173.82732296
1297 5174.13950852
1298 5174.7158511
1299 5175.10007949
1300 5175.34022223
1301 5175.67642207
1302 5176.08466472
1303 5176.63699303
1304 5177.11727851
1305 5177.64559254
1306 5177.93376383
1307 5178.29397794
1308 5178.58214923
1309 5179.01440616
1310 5179.30257745
1311 5179.75884866
1312 5180.26314842
1313 5180.57533398
1314 5181.03160519
1315 5181.2957622
1316 5181.55991922
1317 5181.87210478
1318 5182.23231889
1319 5182.52049018
1320 5182.80866147
1321 5183.3369755
1322 5183.60113251
1323 5183.93733235
1324 5184.17747509
1325 5184.60973202
1326 5184.87388904
1327 5185.23410315
1328 5185.71438863
1329 5185.9305171
1330 5186.29073121
1331 5186.62693105
1332 5186.91510234
1333 5187.2272879
1334 5187.51545919
1335 5187.82764475
1336 5188.09180177
1337 5188.33194451
1338 5188.71617289
1339 5189.1724441
1340 5189.55667249
1341 5189.94090087
1342 5190.22907216
1343 5190.49322918
1344 5190.80541474
1345 5191.06957175
1346 5191.40577159
1347 5191.74197143
1348 5191.93408562
1349 5192.07817127
1350 5192.4143711
1351 5192.77458521
1352 5193.03874223
1353 5193.35092779
1354 5193.56705626
1355 5193.87924182
1356 5194.07135601
1357 5194.31149875
1358 5194.50361295
1359 5194.67171287
1360 5194.93586988
1361 5195.17601262
1362 5195.44016964
1363 5195.58425528
1364 5195.8484123
1365 5196.16059786
1366 5196.42475487
1367 5196.76095471
1368 5197.12116882
1369 5197.43335439
1370 5197.6975114
1371 5197.96166842
1372 5198.12976833
1373 5198.41793962
1374 5198.82618228
1375 5199.23442494
1376 5199.61865333
1377 5199.85879607
1378 5200.02689599
1379 5200.26703873
1380 5200.57922429
1381 5200.91542413
1382 5201.29965251
1383 5201.5878238
1384 5201.92402364
1385 5202.18818065
1386 5202.40430912
1387 5202.76452323
1388 5202.95663743
1389 5203.24480871
1390 5203.48495146
1391 5203.77312274
1392 5204.10932258
1393 5204.46953669
1394 5204.80573653
1395 5205.11792209
1396 5205.43010766
1397 5205.76630749
1398 5206.10250733
1399 5206.46272144
1400 5206.8709641
1401 5207.11110684
1402 5207.37526386
1403 5207.73547797
1404 5208.04766353
1405 5208.31182055
1406 5208.59999184
1407 5209.10429159
1408 5209.51253425
1409 5209.80070554
1410 5210.18493392
1411 5210.59317658
1412 5211.09747634
1413 5211.62579037
1414 5211.91396166
1415 5212.27417577
1416 5212.53833279
1417 5212.85051835
1418 5213.37883238
1419 5213.83510359
1420 5214.29137479
1421 5214.69961745
1422 5215.01180302
1423 5215.37201713
1424 5215.68420269
1425 5216.11645962
1426 5216.57273083
1427 5216.90893067
1428 5217.29315905
1429 5217.53330179
1430 5217.91753018
1431 5218.15767292
1432 5218.51788703
1433 5218.95014397
1434 5219.04620106
1435 5219.31035808
1436 5219.57451509
1437 5219.86268638
1438 5220.19888622
1439 5220.65515743
1440 5220.96734299
1441 5221.37558565
1442 5221.8798854
1443 5222.24009952
1444 5222.48024226
1445 5222.81644209
1446 5223.10461338
1447 5223.48884177
1448 5223.70497023
1449 5224.16124144
1450 5224.49744128
1451 5225.09779813
1452 5225.72216926
1453 5226.15442619
1454 5226.65872595
1455 5227.06696861
1456 5227.66732546
1457 5228.14761094
1458 5228.67592497
1459 5229.03613908
1460 5229.37233892
1461 5229.97269577
1462 5230.5970669
1463 5231.31749512
1464 5231.67770923
1465 5232.08595189
1466 5232.5422231
1467 5232.85440866
1468 5233.33469414
1469 5233.7429368
1470 5234.12716519
1471 5234.53540785
1472 5234.91963623
1473 5235.42393599
1474 5235.83217865
1475 5236.09633566
1476 5236.55260687
1477 5236.84077816
1478 5237.53719211
1479 5237.92142049
1480 5238.13754896
1481 5238.54579162
1482 5239.0260771
1483 5239.43431976
1484 5239.91460524
1485 5240.37087645
1486 5240.9712333
1487 5241.52356161
1488 5241.88377572
1489 5242.29201838
1490 5242.60420394
1491 5243.03646087
1492 5243.61280345
1493 5243.90097474
1494 5244.35724595
1495 5244.81351715
1496 5245.29380264
1497 5245.84613094
1498 5246.13430223
1499 5246.51853061
1500 5246.902759
1501 10000.0
