0 2.6567724795
1 10.2148321195
2 30.7361092025
3 61.2431862947
4 93.8115523796
5 123.860565251
6 150.51990289
7 182.721817599
8 216.801795612
9 251.614676378
10 288.488846136
11 337.684943429
12 392.652649902
13 458.980349045
14 536.164170217
15 626.219595987
16 737.849846548
17 871.467179699
18 1026.70514406
19 1204.38825523
20 1392.69845632
21 1608.49251065
22 1859.09944574
23 2123.5399203
24 2407.31070496
25 2687.55439513
26 2979.43291649
27 3287.43529843
28 3589.25381338
29 3888.46136228
30 4173.56053319
31 4453.75841693
32 4729.92533553
33 4996.33548624
34 5244.69790665
35 5466.26357015
36 5668.95698777
37 5864.09234575
38 6044.75287435
39 6210.66373506
40 6356.05331868
41 6494.89258394
42 6626.0363703
43 6747.69822729
44 6865.97040905
45 6970.68388988
46 7071.96188906
47 7169.16311667
48 7272.2275663
49 7364.06944254
50 7452.79648207
51 7546.05835738
52 7626.99830516
53 7719.11501993
54 7796.80271174
55 7885.94200907
56 7966.10324768
57 8052.35674042
58 8128.9450781
59 8213.54953965
60 8289.17594247
61 8361.87073428
62 8441.80294077
63 8509.82547753
64 8587.92542714
65 8653.84086849
66 8731.29952819
67 8794.6498099
68 8863.35944299
69 8921.94585681
70 8989.28129724
71 9042.50835967
72 9097.93413037
73 9156.5663506
74 9207.27405982
75 9261.8295085
76 9306.62818927
77 9358.48105904
78 9399.38619394
79 9447.94100133
80 9484.58613898
81 9524.34611333
82 9562.59447575
83 9592.87252073
84 9625.66991892
85 9651.55054739
86 9682.46988228
87 9707.80083368
88 9734.96404196
89 9754.06531996
90 9776.00659612
91 9793.64206862
92 9811.14012185
93 9828.82140076
94 9842.33429527
95 9858.77880079
96 9869.8181485
97 9882.09426962
98 9891.80523109
99 9902.29490175
100 9911.41037974
101 9920.4800513
102 9928.63359443
103 9935.73358985
104 9942.78777885
105 9947.23100179
106 9952.77357886
107 9957.03357611
108 9961.33937978
109 9965.3245385
110 9968.71421373
111 9971.09614768
112 9973.98195227
113 9976.54711191
114 9978.83743301
115 9981.26517338
116 9982.86839815
117 9984.70065503
118 9986.02904127
119 9987.26581467
120 9988.04452384
121 9989.14387797
122 9989.87678072
123 9990.60968348
124 9991.38839265
125 9991.93806972
126 9992.44194036
127 9992.85419816
128 9993.22064954
129 9993.54129449
130 9994.13677798
131 9994.50322935
132 9994.77806789
133 9995.0071
134 9995.28193853
135 9995.37355137
136 9995.69419633
137 9995.78580917
138 9995.92322844
139 9996.0606477
140 9996.28967981
141 9996.42709908
142 9996.51871192
143 9996.74774403
144 9996.74774403
145 9996.8851633
146 9997.11419541
147 9997.20580825
148 9997.38903394
149 9997.38903394
150 9997.43484036
151 9997.52645321
152 9997.57225963
153 9997.61806605
154 9997.66387247
155 9997.66387247
156 9997.66387247
157 9997.7096789
158 9997.84709816
159 9997.98451743
160 9997.98451743
161 9997.98451743
162 9997.98451743
163 9998.07613027
164 9998.07613027
165 9998.07613027
166 9998.16774312
167 9998.16774312
168 9998.16774312
169 9998.30516238
170 9998.35096881
171 9998.35096881
172 9998.35096881
173 9998.35096881
174 9998.35096881
175 9998.39677523
176 9998.48838807
177 9998.53419449
178 9998.58000092
179 9998.62580734
180 9998.67161376
181 9998.67161376
182 9998.67161376
183 9998.7632266
184 9998.80903303
185 9998.80903303
186 9998.94645229
187 9998.94645229
188 9999.03806514
189 9999.03806514
190 9999.03806514
191 9999.08387156
192 9999.12967798
193 9999.12967798
194 9999.12967798
195 9999.22129082
196 9999.22129082
197 9999.22129082
198 9999.22129082
199 9999.22129082
200 9999.26709725
201 9999.35871009
202 9999.35871009
203 9999.35871009
204 9999.35871009
205 9999.35871009
206 9999.35871009
207 9999.35871009
208 9999.40451651
209 9999.40451651
210 9999.40451651
211 9999.45032294
212 9999.45032294
213 9999.45032294
214 9999.45032294
215 9999.5877422
216 9999.5877422
217 9999.5877422
218 9999.5877422
219 9999.5877422
220 9999.5877422
221 9999.5877422
222 9999.5877422
223 9999.63354862
224 9999.63354862
225 9999.63354862
226 9999.63354862
227 9999.63354862
228 9999.63354862
229 9999.63354862
230 9999.63354862
231 9999.63354862
232 9999.63354862
234 9999.67935505
235 9999.72516147
236 9999.72516147
237 9999.72516147
238 9999.72516147
239 9999.72516147
240 9999.72516147
241 9999.72516147
242 9999.72516147
243 9999.72516147
244 9999.72516147
251 9999.77096789
252 9999.77096789
253 9999.77096789
254 9999.77096789
255 9999.77096789
256 9999.77096789
257 9999.77096789
258 9999.77096789
259 9999.77096789
260 9999.77096789
265 9999.81677431
266 9999.81677431
267 9999.81677431
268 9999.81677431
269 9999.81677431
270 9999.81677431
271 9999.81677431
272 9999.81677431
273 9999.81677431
274 9999.81677431
281 9999.86258073
282 9999.86258073
283 9999.86258073
284 9999.86258073
285 9999.86258073
286 9999.86258073
287 9999.86258073
288 9999.90838716
289 9999.90838716
290 9999.90838716
291 9999.90838716
292 9999.90838716
293 9999.90838716
294 9999.90838716
295 9999.90838716
296 9999.90838716
297 9999.90838716
302 9999.95419358
303 9999.95419358
304 9999.95419358
305 9999.95419358
306 9999.95419358
307 9999.95419358
308 9999.95419358
309 9999.95419358
310 9999.95419358
311 9999.95419358
327 10000.0
328 10000.0
329 10000.0
330 10000.0
331 10000.0
332 10000.0
333 10000.0
334 10000.0
335 10000.0
336 10000.0
1501 10000.0
