0
3426
3426
3426
3426
3426
3426
3426
3426
3426
3426
3426
3426
3426
3426
3834
3834
3858
3869
3869
3881
3893
3935
3945
3945
4667
4667
4757
4768
4998
5872
6180
7923
8747
8747
9425
11255
12573
13116
13295
14470
14470
14498
15201
15483
15939
16469
17807
17807
18441
19017
19545
19760
19936
21072
21978
21978
22341
22341
24229
24960
25165
26157
26157
27093
27947
28611
29444
32683
32683
32749
33182
33533
34649
34903
35495
35968
35968
36671
37283
37841
37841
38826
39421
39421
40042
40113
41189
42636
43098
44215
44215
45626
46371
46666
48298
49015
50733
51002
51002
51403
52129
52752
53654
53867
54428
54428
55566
55630
56071
56618
57161
58110
58110
58359
58720
60652
61513
61773
61773
62135
63394
64927
65556
67574
68923
68923
69392
69402
71419
72169
72776
73245
73427
73427
74631
74705
75681
75810
77147
77626
77626
78111
79646
80811
82475
83569
83905
83905
85651
86656
86798
87876
88370
88886
88886
89045
89197
89841
90403
91783
91783
91783
92640
93818
94074
94082
94149
94277
94277
94675
95324
96780
96780
98320
98877
98877
99091
99393
100160
100870
101611
101874
101874
104173
105107
106259
106782
108070
108149
108149
109173
110256
111576
112849
113560
114360
114360
115932
116719
117644
119475
120619
120930
120930
122400
123646
124066
124663
125286
126669
126669
128069
128657
129090
130090
130186
131276
131276
131385
132850
133366
134599
134725
135377
135377
136783
137760
138673
139423
139951
140200
140200
141162
142096
143155
144551
145809
145859
145859
147459
148624
149810
150557
152393
153297
153297
154070
154934
156572
158149
159096
160775
160775
160986
161720
162149
162684
162844
163778
163778
165051
165596
166758
167261
167899
168231
168231
169060
170161
170460
170609
171308
172373
174298
174298
174716
175999
176788
178585
182049
182351
182351
182693
182839
183922
184703
186006
186222
186222
187617
187623
188874
188877
189222
191353
191353
191872
192119
192465
194045
195075
196033
196400
196400
197239
199671
199959
200010
200018
202484
202484
203769
204520
204682
205913
207535
207541
207541
208434
208475
209102
209558
210174
210418
210418
210482
212043
213571
213571
213847
215948
217429
217429
218109
219620
220318
221829
222458
223570
225143
225143
225739
227103
229274
229803
230024
231111
231111
231604
231853
231868
234604
234668
234700
234700
235310
236940
238705
238769
238769
239656
240172
241244
242252
242464
242629
242629
243056
243630
243630
244129
244382
244863
244863
244863
245033
245682
247181
248051
248482
248482
248832
250288
251538
251613
253130
253458
253458
254064
255329
255372
255923
257872
258178
258178
258178
259235
259650
261269
262936
263162
263162
264281
265198
266739
267388
268725
270247
270247
271615
273613
274060
274801
275507
277484
277484
278656
279354
280128
280235
281286
282231
282231
284441
285407
286560
287565
288104
289450
289450
290244
290303
290913
291591
292096
292512
292512
294082
295647
298485
298986
300121
300853
300853
300905
301170
301437
302951
303579
305812
305812
307367
307501
307759
308875
309636
310376
310376
311629
311629
311829
312702
312876
313231
313231
313567
314064
314533
315166
317102
317891
317891
318388
318917
319413
319875
321500
322069
322069
323028
323978
324587
324820
325444
326733
327132
327132
327673
329007
329732
330833
331731
331858
331858
332568
333159
333883
335237
335872
337172
338021
338021
339539
340146
341441
343066
344118
344556
344556
346611
347119
347796
347840
348031
348872
348872
349546
350211
350726
353133
353450
354037
354074
354074
355187
357025
357590
358866
360290
360667
360667
362949
363999
365108
366468
369570
370367
370367
370367
370819
371707
374130
374360
374500
374500
374756
376591
377131
377495
379462
380172
382057
382057
383291
383817
384231
384396
384915
387164
387164
387207
389053
390757
390821
390979
392048
393540
393540
393609
394462
394768
396036
397462
398292
398292
398834
399332
399876
399912
399912
401483
402636
402636
404916
405605
405988
407685
409106
409660
409660
409746
410522
411518
412888
414482
414505
414505
415218
415292
415438
416353
416419
416419
416419
416419
