0 0.0
1 15.52466895
2 1746.19049313
3 1806.71996385
4 1846.55685021
5 1920.18395268
6 1976.3405719
7 2051.87164321
8 2071.99931373
9 5284.78979975
10 8358.9462474
11 9597.04905754
12 9654.0216634
13 9687.53988396
14 9706.34942222
15 9718.33814905
16 9725.34726508
17 9730.43148955
18 9735.11818207
19 9738.59135598
20 9741.95991623
21 9744.47064436
22 9748.06935468
23 9751.77267867
24 9757.94488533
25 9764.09616926
26 9772.23511295
27 9780.85527954
28 9790.3123555
29 9797.13316693
30 9803.68198281
31 9811.54893095
32 9817.84667402
33 9825.04409466
34 9831.00707398
35 9837.47219892
36 9843.72809651
37 9853.93839092
38 9861.74257086
39 9869.08645065
40 9876.26294856
41 9882.33054154
42 9887.74952976
43 9892.22699493
44 9897.4367558
45 9902.83482129
46 9910.53438756
47 9917.77365367
48 9923.52740564
49 9927.8165662
50 9932.87986794
51 9936.81334201
52 9940.22374772
53 9943.11108507
54 9945.70550414
55 9948.42545962
56 9951.1454151
57 9953.88629331
58 9955.95764402
59 9958.48929488
60 9960.686182
61 9962.94583732
62 9965.68671553
63 9967.63252983
64 9969.26450312
65 9971.00109007
66 9973.03059531
67 9974.64164587
68 9976.0016236
69 9977.7591333
70 9979.78863854
71 9981.25322995
72 9982.9270487
73 9984.53809925
74 9985.3540859
75 9986.58852723
76 9987.13251832
77 9988.22050051
78 9989.01556442
79 9989.62232372
80 9990.25000575
81 9991.10783787
82 9991.71459716
83 9992.02843818
84 9992.4678156
85 9992.80257935
86 9993.26287951
87 9993.618566
88 9994.12071162
89 9994.43455264
90 9994.957621
91 9995.22961655
92 9995.45976663
93 9995.87822132
94 9996.08744866
95 9996.25483054
96 9996.54774882
97 9996.79882163
98 9996.9034353
99 9997.21727632
100 9997.28004452
101 9997.48927187
102 9997.71942195
103 9997.86588109
104 9998.1169539
105 9998.1797221
106 9998.30525851
107 9998.40987218
108 9998.47264039
109 9998.51448586
110 9998.660945
111 9998.74463593
112 9998.7864814
113 9998.87017234
114 9998.95386328
115 9999.05847695
116 9999.12124515
117 9999.22585883
118 9999.28862703
119 9999.35139523
120 9999.3932407
121 9999.47693164
122 9999.51877711
123 9999.53969984
124 9999.58154531
125 9999.60246805
126 9999.62339078
127 9999.62339078
128 9999.64431351
129 9999.66523625
130 9999.70708172
131 9999.70708172
132 9999.72800445
133 9999.72800445
134 9999.74892719
135 9999.76984992
136 9999.76984992
137 9999.76984992
138 9999.81169539
139 9999.81169539
140 9999.81169539
141 9999.81169539
142 9999.81169539
143 9999.83261812
144 9999.83261812
145 9999.83261812
146 9999.83261812
147 9999.83261812
148 9999.83261812
149 9999.83261812
150 9999.83261812
151 9999.83261812
152 9999.83261812
166 9999.85354086
167 9999.85354086
168 9999.85354086
169 9999.85354086
170 9999.85354086
171 9999.87446359
172 9999.87446359
173 9999.87446359
174 9999.87446359
175 9999.89538633
176 9999.89538633
177 9999.89538633
178 9999.89538633
179 9999.89538633
180 9999.89538633
181 9999.89538633
182 9999.89538633
183 9999.89538633
184 9999.89538633
209 9999.91630906
210 9999.91630906
211 9999.91630906
212 9999.91630906
213 9999.91630906
214 9999.91630906
215 9999.91630906
216 9999.91630906
217 9999.91630906
218 9999.91630906
380 9999.9372318
381 9999.9372318
382 9999.9372318
383 9999.95815453
384 9999.95815453
385 9999.95815453
386 9999.95815453
387 9999.95815453
388 10000.0
389 10000.0
390 10000.0
391 10000.0
392 10000.0
393 10000.0
394 10000.0
395 10000.0
396 10000.0
397 10000.0
1501 10000.0
