0
3426
3426
3426
3426
3426
3426
3426
3426
3426
3426
3426
3426
3426
3426
3426
3426
3426
3844
3844
3844
3844
3844
3844
3844
3844
3844
3844
3844
3844
3844
3844
3844
4044
4586
4619
4650
4650
4650
4650
4878
5147
5647
5647
5851
5851
6013
6245
6561
6588
6986
8139
8139
11116
14600
16689
18905
22506
24081
24081
27347
28858
29564
33661
34598
38194
38194
40343
43236
45439
45536
47277
48235
48235
52557
53447
54270
55353
57104
60175
60175
62344
64498
66802
69052
70522
73905
73905
74853
77264
78642
80975
81508
82880
86533
86533
89352
91081
92333
92916
94411
96257
96257
97469
97585
101303
103297
104633
107396
107396
109313
112746
114248
116934
117612
118956
118956
119017
119017
120848
123872
127948
129485
129485
131253
132578
132578
133302
134152
139391
142154
145092
148687
149109
149829
154214
156930
156930
157988
158995
159954
162954
165042
165261
165261
165526
168080
168761
170187
173648
177950
177950
180636
185174
186247
187496
188211
190915
190915
194703
196184
196756
197038
198001
198001
199734
200738
200738
202852
204733
206196
207421
212050
214056
214056
214528
217194
218486
219560
221301
224904
224904
227608
228581
230561
231499
232343
235046
235046
235692
236743
238791
241121
243054
243654
243659
243659
244509
245255
247473
248926
248991
250723
250723
252347
254748
256154
257197
259530
261761
261761
262314
263646
265975
266426
266918
270074
270074
273378
274942
276976
279430
282347
284779
284779
286209
289138
290256
291722
292265
292723
292723
293976
294825
297404
297783
301104
303581
303581
303832
305815
307707
310646
311936
315083
315083
317939
318776
321636
324107
327151
328241
328241
328945
333755
336203
341718
343198
345011
345011
347219
350031
352744
355132
356167
357411
359242
359242
361435
362345
364661
366039
368524
368524
369036
369036
370303
373054
375191
376541
377385
378434
379368
379368
382086
383147
385819
387074
388494
388794
388794
389837
392337
393400
394652
395458
396544
396544
397788
401409
402794
405770
407577
409740
411604
413785
415325
415325
416705
420152
423294
424047
426415
430575
430575
433195
437335
441236
441873
442068
442458
442458
444050
445935
446476
447191
451204
452885
452885
452885
456100
456894
459208
461803
464335
466372
466372
468947
471899
475459
479265
481340
484934
484934
486316
487071
488072
488103
488103
488529
488529
492645
493570
496984
499404
499918
500659
500659
503288
504411
507306
508259
510187
511881
511881
513337
513650
517288
520204
520204
520204
520204
521362
524410
525676
527734
529464
531297
534870
534870
536237
540018
543820
544759
546456
550405
550405
551400
554277
556446
560738
561479
564872
565710
565710
566452
567541
568290
570230
570527
572207
572207
573407
575164
576676
579736
581166
583344
583344
586110
587708
590693
594015
594910
596557
596557
598274
600950
602095
602950
605924
605924
607495
611331
612753
615071
617347
617347
618851
622160
624169
625567
627505
630233
633258
633258
635323
637174
641141
641422
642170
644203
644203
646865
649592
651376
652803
657062
657186
657186
657710
659508
661317
663427
666299
666994
666994
668572
671669
674739
676450
677996
679724
679724
680820
680820
685342
686456
689456
691348
691348
692968
695970
698595
699354
703478
707433
707433
710069
711514
713631
716339
718765
719586
719586
721924
722477
724534
724534
728024
728483
728483
733067
734522
735431
736345
738159
740878
740878
743429
746420
749192
752029
753651
754169
754169
760477
764915
766917
768106
769963
772167
772167
772516
775767
776656
778285
778606
782689
782689
784365
785603
787517
789617
790440
790440
793038
796259
798175
800145
802270
803097
803097
809032
810783
813209
813296
815024
817171
817171
818532
818621
820436
821715
823698
825059
827276
827276
827930
828904
830554
830679
832504
833677
834251
834251
836954
839676
841996
844671
845093
845739
845739
847232
848672
850280
852161
853393
854568
854568
856580
857324
858082
862255
862509
863266
863266
867497
868742
869932
871219
876803
877571
877571
879185
887380
890284
893749
894881
897459
897459
899331
900991
901590
904141
905350
906161
906161
913100
913307
915767
916901
917837
921317
921317
923592
924292
925738
926783
927740
929810
929810
932051
933437
938619
939748
940276
943503
943503
944536
945564
946900
949311
954205
955337
955337
955928
957110
957170
