0 0.0
1 0.0
2 0.0
3 0.0
4 0.0
5 0.0
6 0.0
7 0.0
8 0.0
42 0.0222373930659
43 0.0222373930659
44 0.0222373930659
45 0.0222373930659
46 0.0222373930659
47 0.0444747861319
48 0.0667121791978
49 0.0667121791978
50 0.0667121791978
51 0.0667121791978
52 0.0667121791978
53 0.0667121791978
54 0.0889495722637
55 0.0889495722637
56 0.0889495722637
57 0.0889495722637
58 0.11118696533
59 0.133424358396
60 0.133424358396
61 0.177899144527
62 0.177899144527
63 0.177899144527
64 0.177899144527
65 0.200136537593
66 0.200136537593
67 0.200136537593
68 0.200136537593
69 0.222373930659
70 0.244611323725
71 0.244611323725
72 0.266848716791
73 0.333560895989
74 0.355798289055
75 0.355798289055
76 0.355798289055
77 0.355798289055
78 0.378035682121
79 0.378035682121
80 0.422510468253
81 0.466985254385
82 0.489222647451
83 0.555934826648
84 0.555934826648
85 0.555934826648
86 0.555934826648
87 0.578172219714
88 0.578172219714
89 0.622647005846
90 0.622647005846
91 0.644884398912
92 0.71159657811
93 0.71159657811
94 0.756071364242
95 0.756071364242
96 0.778308757308
97 0.800546150374
98 0.82278354344
99 0.867258329572
100 0.933970508769
101 0.956207901835
102 1.02292008103
103 1.02292008103
104 1.06739486716
105 1.1118696533
106 1.15634443943
107 1.17858183249
108 1.20081922556
109 1.22305661863
110 1.22305661863
111 1.24529401169
112 1.28976879782
113 1.31200619089
114 1.40095576315
115 1.42319315622
116 1.46766794235
117 1.51214272848
118 1.57885490768
119 1.66780447995
120 1.71227926608
121 1.77899144527
122 1.82346623141
123 1.86794101754
124 1.91241580367
125 2.023602769
126 2.11255234126
127 2.20150191353
128 2.26821409273
129 2.29045148579
130 2.29045148579
131 2.29045148579
132 2.29045148579
133 2.35716366499
134 2.46835063032
135 2.51282541645
136 2.55730020258
137 2.55730020258
138 2.55730020258
139 2.55730020258
140 2.60177498871
141 2.60177498871
142 2.66848716791
143 2.73519934711
144 2.75743674018
145 2.77967413324
146 2.82414891937
147 2.86862370551
148 2.9353358847
149 2.97981067084
150 3.0020480639
151 3.02428545697
152 3.17994720843
153 3.17994720843
154 3.26889678069
155 3.29113417376
156 3.31337156682
157 3.40232113909
158 3.49127071135
159 3.66916985588
160 3.75811942814
161 3.78035682121
162 3.84706900041
163 3.86930639347
164 4.00273075187
165 4.06944293107
166 4.1806298964
167 4.24734207559
168 4.26957946866
169 4.35852904092
170 4.46971600625
171 4.49195339932
172 4.62537775771
173 4.69208993691
174 4.75880211611
175 4.80327690224
176 4.91446386757
177 5.13683779823
178 5.20354997743
179 5.29249954969
180 5.35921172889
181 5.51487348035
182 5.58158565955
183 5.71501001795
184 5.84843437634
185 5.9373839486
186 5.98185873474
187 6.11528309313
188 6.2042326654
189 6.22647005846
190 6.31541963073
191 6.51555616832
192 6.60450574058
193 6.78240488511
194 6.80464227818
195 6.91582924351
196 7.02701620884
197 7.07149099497
198 7.1826779603
199 7.31610231869
200 7.36057710482
201 67.8685236372
202 145.988485478
203 259.621564045
204 386.15233059
205 474.768341958
206 533.09702397
207 563.473302898
208 583.375769692
209 596.429119421
210 605.768824509
211 613.285063365
212 619.289159493
213 625.204306049
214 629.940870772
215 634.588485923
216 639.28057586
217 644.106090155
218 649.331877525
219 653.868305711
220 658.515920862
221 661.962716787
222 665.476224891
223 668.567222527
224 670.946623585
225 673.237075071
226 674.993829123
227 676.216885742
228 677.773503257
229 678.88537291
230 679.997242563
231 681.287011361
232 682.287694049
233 683.555225454
234 684.511433356
235 684.867231645
236 685.512116044
237 686.134763049
238 686.957546593
239 687.802567529
240 688.692063252
241 689.314710258
242 690.137493801
243 690.960277345
244 691.382787813
245 691.827535674
246 692.650319218
247 693.206254044
248 693.82890105
249 694.496022842
250 695.163144634
251 695.78579164
252 696.297251681
253 696.719762149
254 697.342409155
255 698.009530947
256 698.943501455
257 700.233270253
258 702.212398236
259 704.169288826
260 705.881568092
261 707.060149925
262 707.949645647
263 708.772429191
264 709.417313589
265 710.128910168
266 710.72931978
267 711.641052896
268 712.308174688
269 712.953059087
270 713.753605237
271 714.331777457
272 715.132323607
273 715.777208006
274 716.333142833
275 716.88907766
276 717.667386417
277 718.912680429
278 719.735463972
279 720.847333625
280 721.870253706
281 722.959885967
282 723.893856475
283 724.916776556
284 725.828509672
285 726.629055823
286 727.69645069
287 728.897269915
288 730.053614355
289 731.076534436
290 732.143929303
291 733.21132417
292 734.100819893
293 735.16821476
294 736.079947876
295 737.258529708
296 738.325924575
297 739.259895084
298 740.571901275
299 741.706008321
300 742.484317079
301 743.418287587
302 744.641344206
303 745.753213859
304 746.998507871
305 747.754579235
306 748.866448888
307 750.222929865
308 751.290324733
309 752.313244814
310 753.269452716
311 754.492509334
312 755.315292878
313 756.516112103
314 757.227708681
315 758.028254832
316 758.939987947
317 760.207519352
318 761.608475115
319 763.209567416
320 764.588285786
321 765.655680653
322 766.812025093
323 767.990606925
324 768.835627862
325 769.613936619
326 770.414482769
327 771.415165457
328 772.193474215
329 772.81612122
330 773.527717799
331 774.239314377
332 774.750774417
333 775.373421423
334 776.018305822
335 776.529765862
336 777.196887654
337 777.708347695
338 778.286519915
339 778.820217348
340 779.420626961
341 780.109986146
342 780.93276969
343 782.267013273
344 784.134954291
345 787.003577997
346 790.672747852
347 797.343965772
348 806.572483895
349 821.249163318
350 843.842354673
351 876.219998977
352 923.630120994
353 988.630020925
354 1077.20155751
355 1184.60816602
356 1310.56076034
357 1470.04734341
358 1656.93039474
359 1877.14729827
360 2117.28890599
361 2364.8133282
362 2637.51047937
363 2921.34856447
364 3212.61393884
365 3506.65898735
366 3774.17482594
367 4037.55450941
368 4295.30813244
369 4538.54073779
370 4767.20785069
371 4966.34370559
372 5148.69032874
373 5319.80706838
374 5478.67100444
375 5620.74570874
376 5748.29939537
377 5858.79700151
378 5961.53375747
379 6058.66669039
380 6147.50507568
381 6227.98220119
382 6298.02998935
383 6367.58855486
384 6431.36539817
385 6487.47034088
386 6538.28278403
387 6584.11405114
388 6625.78692575
389 6665.30277323
390 6699.97086902
391 6733.34919601
392 6762.36899396
393 6789.45413871
394 6813.15919972
395 6834.0845866
396 6855.27682219
397 6871.73249306
398 6886.18679855
399 6899.44028482
400 6910.93701703
401 6921.49977874
402 6930.68382207
403 6937.62188871
404 6944.02625791
405 6949.8524549
406 6955.07824227
407 6959.52572088
408 6963.57292642
409 6966.90853538
410 6970.08848259
411 6972.89039411
412 6976.07034132
413 6978.73882849
414 6981.20717912
415 6983.85342889
416 6986.27730474
417 6988.87907973
418 6991.12505643
419 6993.32655834
420 6995.41687329
421 6997.55166302
422 6999.70869015
423 7002.17704078
424 7004.28959312
425 7006.64675679
426 7008.5146978
427 7010.98304844
428 7013.09560078
429 7015.63066359
430 7018.18796379
431 7020.14485438
432 7022.12398236
433 7023.9252112
434 7025.79315222
435 7027.41648191
436 7028.90638725
437 7030.30734301
438 7032.13080924
439 7033.50952761
440 7034.93272077
441 7036.1113026
442 7037.86805665
443 7039.49138635
444 7041.15919083
445 7043.40516753
446 7045.89575555
447 7048.20844443
448 7050.8769316
449 7052.96724654
450 7054.90189974
451 7057.48143734
452 7060.52796019
453 7063.24092214
454 7066.22073281
455 7070.00108963
456 7073.6257847
457 7077.31719195
458 7080.85293745
459 7084.90014299
460 7088.41365109
461 7092.92784188
462 7096.90833524
463 7100.84435381
464 7104.62471064
465 7108.42730485
466 7112.29661124
467 7115.81011935
468 7119.10125352
469 7122.34791291
470 7125.70575926
471 7128.39648382
472 7130.93154663
473 7133.33318508
474 7135.57916178
475 7137.7584263
476 7139.93769082
477 7141.91681881
478 7143.5401485
479 7144.76320512
480 7145.87507477
481 7146.98694443
482 7148.18776365
483 7149.21068373
484 7150.03346728
485 7150.85625082
486 7151.5678474
487 7152.61300487
488 7153.32460145
489 7154.36975892
490 7155.52610336
491 7156.3711243
492 7157.08272088
493 7157.83879224
494 7158.75052536
495 7159.5733089
496 7160.48504202
497 7161.28558817
498 7162.08613432
499 7163.15352919
500 7163.97631273
501 7164.84357106
502 7165.71082939
503 7166.57808772
504 7167.40087126
505 7167.97904348
506 7168.77958963
507 7169.80250971
508 7170.69200543
509 7171.73716291
510 7172.87126996
511 7174.29446311
512 7176.20687892
513 7178.20824429
514 7180.29855924
515 7182.14426286
516 7184.14562824
517 7186.54726669
518 7188.68205643
519 7190.70565919
520 7192.21780192
521 7193.79665683
522 7195.39774913
523 7196.84317968
524 7198.44427198
525 7199.71180339
526 7200.97933479
527 7202.35805316
528 7203.69229674
529 7204.8041664
530 7206.0716978
531 7207.0279057
532 7208.07306318
533 7209.02927108
534 7209.80757984
535 7210.5636512
536 7211.27524778
537 7211.89789479
538 7212.43159222
539 7213.00976444
540 7213.4545123
541 7213.89926016
542 7214.4107202
543 7214.94441764
544 7215.43364028
545 7215.90062554
546 7216.30089861
547 7216.74564647
548 7217.19039434
549 7217.65737959
550 7218.23555181
551 7218.94714839
552 7219.83664411
553 7220.61495287
554 7221.52668598
555 7222.52736867
556 7223.23896525
557 7224.70663319
558 7226.10758896
559 7227.5752569
560 7229.26529877
561 7231.26666415
562 7233.00118081
563 7235.42505665
564 7237.84893249
565 7240.51741966
566 7242.78563375
567 7245.47635832
568 7248.14484548
569 7251.43597966
570 7254.68263904
571 7257.30665143
572 7260.41988646
573 7263.26627277
574 7266.73530609
575 7269.33708108
576 7272.16122999
577 7274.80747977
578 7276.89779472
579 7278.78797313
580 7280.7893385
581 7282.79070388
582 7284.68088229
583 7286.37092416
584 7287.68293035
585 7288.95046176
586 7290.39589231
587 7291.41881239
588 7292.64186901
589 7293.55360212
590 7294.42086045
591 7295.26588139
592 7295.84405361
593 7296.80026151
594 7297.4673833
595 7298.1122677
596 7298.60149035
597 7299.0684756
598 7299.53546086
599 7299.89125915
600 7300.33600701
601 7300.93641662
602 7301.26997752
603 7301.55906363
604 7301.93709931
605 7302.13723585
606 7302.51527153
607 7302.78212025
608 7303.22686811
609 7303.67161597
610 7303.96070208
611 7304.18307601
612 7304.47216212
613 7304.91690998
614 7305.42837002
615 7305.93983006
616 7306.49576489
617 7306.94051275
618 7307.45197279
619 7308.03014501
620 7308.6972668
621 7309.54228774
622 7310.3205965
623 7311.29904179
624 7312.2330123
625 7313.03355845
626 7314.18990289
627 7315.27953515
628 7316.36916741
629 7317.41432488
630 7318.70409368
631 7320.19399902
632 7321.48376781
633 7323.10709751
634 7324.61924024
635 7325.99795861
636 7327.57681351
637 7328.88881971
638 7330.37872504
639 7331.73520602
640 7333.091687
641 7334.78172887
642 7336.51624553
643 7337.8949639
644 7339.1847327
645 7340.98596153
646 7342.3869173
647 7343.85458524
648 7345.32225318
649 7346.8566333
650 7348.479963
651 7350.25895444
652 7351.97123371
653 7353.70575037
654 7355.72935314
655 7357.64176894
656 7359.48747256
657 7361.86687362
658 7364.26851207
659 7366.49225138
660 7368.44914197
661 7370.20589602
662 7371.94041268
663 7374.20862677
664 7376.63250262
665 7380.36838465
666 7383.25924575
667 7386.97289039
668 7391.73169251
669 7395.26743801
670 7399.11450701
671 7402.87262644
672 7406.11928582
673 7409.03238432
674 7411.34507319
675 7413.43538814
676 7415.23661698
677 7416.97113364
678 7418.66117551
679 7419.83975735
680 7421.01833918
681 7422.08573405
682 7423.06417934
683 7424.24276117
684 7425.26568125
685 7426.15517698
686 7426.80006138
687 7427.48942056
688 7428.11206757
689 7428.80142675
690 7429.31288679
691 7429.77987205
692 7430.26909469
693 7430.75831734
694 7431.13635302
695 7431.40320174
696 7431.67005046
697 7431.95913657
698 7432.31493486
699 7432.67073314
700 7432.95981925
701 7433.1377184
702 7433.24890536
703 7433.40456712
704 7433.60470365
705 7433.71589062
706 7433.80484019
707 7433.89378976
708 7434.07168891
709 7434.24958805
710 7434.44972459
711 7434.56091156
712 7434.71657331
713 7434.80552288
714 7434.91670984
715 7435.02789681
716 7435.18355856
717 7435.25027074
718 7435.45040728
719 7435.49488206
720 7435.60606903
721 7435.67278121
722 7435.78396817
723 7435.85068035
724 7436.07305428
725 7436.29542821
726 7436.45108997
727 7436.60675172
728 7436.80688825
729 7437.11821176
730 7437.51848483
731 7437.96323269
732 7438.31903098
733 7438.71930406
734 7439.07510235
735 7439.60879978
736 7440.12025982
737 7440.4982955
738 7440.98751815
739 7441.69911473
740 7442.4329487
741 7443.18902006
742 7443.83390446
743 7444.41207668
744 7445.21262283
745 7446.07988116
746 7446.99161428
747 7448.23690829
748 7449.1708788
749 7450.10484931
750 7450.83868328
751 7451.83936597
752 7452.72886169
753 7453.70730698
754 7454.79693925
755 7456.04223326
756 7456.84277941
757 7457.79898731
758 7458.75519521
759 7459.57797875
760 7460.75656059
761 7461.62381892
762 7462.6245016
763 7463.38057297
764 7464.44796784
765 7465.5376001
766 7466.56052018
767 7467.22764197
768 7468.00595073
769 7468.7175473
770 7469.54033085
771 7470.51877614
772 7471.18589793
773 7471.9419693
774 7472.83146502
775 7473.74319814
776 7474.56598168
777 7475.67785133
778 7476.92314535
779 7477.85711585
780 7478.76884897
781 7479.99190559
782 7481.10377524
783 7482.68263015
784 7484.19477288
785 7485.77362779
786 7486.90773483
787 7488.19750363
788 7489.82083332
789 7491.68877434
790 7493.55671536
791 7495.69150509
792 7497.51497132
793 7499.76094802
794 7501.31756554
795 7503.09655698
796 7505.00897279
797 7506.94362598
798 7509.03394093
799 7511.14649327
800 7513.34799519
801 7515.08251185
802 7517.12835201
803 7518.97405563
804 7520.97542101
805 7522.84336203
806 7524.88920219
807 7526.69043103
808 7528.80298337
809 7530.6264496
810 7531.56042011
811 7533.11703762
812 7534.89602907
813 7536.4081718
814 7537.47556666
815 7538.6541485
816 7540.07734165
817 7541.10026173
818 7542.1676566
819 7542.87925318
820 7543.41295061
821 7544.25797155
822 7544.99180552
823 7545.59221513
824 7546.03696299
825 7546.59289782
826 7547.19330743
827 7547.57134312
828 7548.17175273
829 7548.81663713
830 7551.99658434
831 7560.26889456
832 7570.29795883
833 7579.12620388
834 7593.75840851
835 7614.77274496
836 7635.8315562
837 7659.89241549
838 7682.37441988
839 7707.9696593
840 7724.80336585
841 7739.88031835
842 7749.04212429
843 7758.9600016
844 7765.47555777
845 7771.39070432
846 7775.92713251
847 7779.55182758
848 7782.97638611
849 7785.13341324
850 7787.95756216
851 7790.29248843
852 7792.6496521
853 7794.51759311
854 7796.40777152
855 7798.00886382
856 7799.20968305
857 7800.61063881
858 7801.78922065
859 7803.07898944
860 7803.92401038
861 7804.74679392
862 7805.4583905
863 7806.08103751
864 7806.4368358
865 7806.94829584
866 7807.34856891
867 7807.61541763
868 7807.94897853
869 7808.41596378
870 7808.90518643
871 7809.21650993
872 7809.50559604
873 7809.70573258
874 7810.01705608
875 7810.37285437
876 7810.70641527
877 7811.08445095
878 7811.48472402
879 7811.8849971
880 7812.39645714
881 7812.79673021
882 7813.30819025
883 7813.84188769
884 7814.26439816
885 7814.7758582
886 7815.17613127
887 7815.57640435
888 7815.99891482
889 7816.53261225
890 7817.04407229
891 7817.62224451
892 7818.22265412
893 7818.91201331
894 7819.64584728
895 7820.64652997
896 7821.40260133
897 7822.31433445
898 7823.27054235
899 7824.33793721
900 7825.31638251
901 7826.13916605
902 7827.47340964
903 7828.71870365
904 7829.65267416
905 7831.03139253
906 7832.16549957
907 7833.47750577
908 7834.81174935
909 7836.65745297
910 7838.28078267
911 7839.83740018
912 7841.28283073
913 7843.08405957
914 7844.97423798
915 7846.86441639
916 7848.86578177
917 7850.64477321
918 7852.35705248
919 7854.44736743
920 7856.31530844
921 7858.24996164
922 7860.16237744
923 7861.94136889
924 7863.69812294
925 7865.56606396
926 7867.30058062
927 7869.01285988
928 7870.50276522
929 7872.01490795
930 7873.28243935
931 7874.59444554
932 7875.83973956
933 7877.15174575
934 7878.24137801
935 7879.46443463
936 7880.48735471
937 7881.51027479
938 7882.55543226
939 7883.42269059
940 7884.3566611
941 7885.09049507
942 7885.75761686
943 7886.2913143
944 7887.04738566
945 7887.80345703
946 7888.42610403
947 7889.09322582
948 7889.42678672
949 7889.87153458
950 7890.38299462
951 7890.87221727
952 7891.45038949
953 7891.7394756
954 7892.11751128
955 7892.49554696
956 7892.74015829
957 7893.09595657
958 7893.38504268
959 7893.58517922
960 7893.87426533
961 7894.18558884
962 7894.54138712
963 7894.98613499
964 7895.23074631
965 7895.36417067
966 7895.63101938
967 7895.94234289
968 7896.05352985
969 7896.16471682
970 7896.43156553
971 7896.5427525
972 7896.76512643
973 7896.8763134
974 7896.94302558
975 7897.12092472
976 7897.27658647
977 7897.32106126
978 7897.45448562
979 7897.54343519
980 7897.67685955
981 7897.8102839
982 7897.8325213
983 7897.98818305
984 7898.07713262
985 7898.16608219
986 7898.23279437
987 7898.38845612
988 7898.38845612
989 7898.49964309
990 7898.56635527
991 7898.63306745
992 7898.69977963
993 7898.74425441
994 7898.7887292
995 7898.85544138
996 7898.96662834
997 7899.01110313
998 7899.07781531
999 7899.21123967
1000 7899.34466403
1001 7899.36690142
1002 7899.4336136
1003 7899.50032578
1004 7899.56703796
1005 7899.65598753
1006 7899.72269971
1007 7899.76717449
1008 7899.81164928
1009 7899.90059885
1010 7899.94507364
1011 7900.03402321
1012 7900.10073539
1013 7900.18968496
1014 7900.3898215
1015 7900.45653368
1016 7900.52324586
1017 7900.58995804
1018 7900.65667022
1019 7900.74561979
1020 7900.87904415
1021 7901.0347059
1022 7901.05694329
1023 7901.05694329
1024 7901.21260504
1025 7901.27931722
1026 7901.39050419
1027 7901.47945376
1028 7901.54616594
1029 7901.72406508
1030 7901.76853987
1031 7901.85748944
1032 7901.94643902
1033 7902.03538859
1034 7902.05762598
1035 7902.10210077
1036 7902.16881295
1037 7902.25776252
1038 7902.3244747
1039 7902.39118688
1040 7902.50237384
1041 7902.59132341
1042 7902.61356081
1043 7902.72474777
1044 7902.88040952
1045 7902.9693591
1046 7903.05830867
1047 7903.23620781
1048 7903.36963217
1049 7903.52529392
1050 7903.5920061
1051 7903.6142435
1052 7903.83661743
1053 7903.94780439
1054 7904.05899136
1055 7904.2368905
1056 7904.41478965
1057 7904.59268879
1058 7904.77058793
1059 7904.99296187
1060 7905.17086101
1061 7905.37099755
1062 7905.57113408
1063 7905.72679584
1064 7905.86022019
1065 7906.10483152
1066 7906.34944284
1067 7906.57181677
1068 7906.83866549
1069 7907.19446378
1070 7907.52802467
1071 7907.88382296
1072 7908.26185865
1073 7908.52870736
1074 7908.88450565
1075 7909.24030394
1076 7909.55162744
1077 7909.9963753
1078 7910.55231013
1079 7910.99705799
1080 7911.50851803
1081 7912.10892765
1082 7912.50920072
1083 7913.06513555
1084 7913.48764602
1085 7913.91015648
1086 7914.1770052
1087 7914.73294003
1088 7915.22216268
1089 7915.88928447
1090 7916.40074451
1091 7916.95667933
1092 7917.3791898
1093 7918.09078638
1094 7918.58000903
1095 7918.91356992
1096 7919.44726736
1097 7919.98096479
1098 7920.42571265
1099 7921.00388487
1100 7921.42639534
1101 7921.93785538
1102 7922.49379021
1103 7922.91630068
1104 7923.62789725
1105 7924.02817033
1106 7924.40620601
1107 7924.78424169
1108 7925.31793913
1109 7925.80716177
1110 7926.40757139
1111 7926.96350621
1112 7927.3415419
1113 7927.76405236
1114 7928.09761326
1115 7928.38669937
1116 7928.83144723
1117 7929.2539577
1118 7929.5875186
1119 7929.96555428
1120 7930.16569082
1121 7930.43253953
1122 7930.61043868
1123 7930.94399957
1124 7931.23308568
1125 7931.58888397
1126 7931.8334953
1127 7931.98915705
1128 7932.34495534
1129 7932.56732927
1130 7932.65627884
1131 7932.83417798
1132 7933.01207713
1133 7933.27892584
1134 7933.47906238
1135 7933.63472413
1136 7933.85709806
1137 7934.03499721
1138 7934.23513375
1139 7934.41303289
1140 7934.63540682
1141 7934.90225554
1142 7935.12462947
1143 7935.28029122
1144 7935.39147819
1145 7935.70280169
1146 7935.90293823
1147 7936.16978694
1148 7936.43663566
1149 7936.68124698
1150 7937.01480788
1151 7937.23718181
1152 7937.45955574
1153 7937.70416707
1154 7937.926541
1155 7938.32681407
1156 7938.57142539
1157 7938.8827489
1158 7939.37197155
1159 7940.01685594
1160 7940.39489163
1161 7940.77292731
1162 7941.28438735
1163 7941.92927175
1164 7942.52968136
1165 7942.95219183
1166 7943.61931362
1167 7944.10853627
1168 7944.6422337
1169 7945.2871181
1170 7946.243326
1171 7946.95492258
1172 7947.8444183
1173 7948.8228636
1174 7949.55669757
1175 7950.35724372
1176 7951.11331508
1177 7951.89162384
1178 7952.80335696
1179 7953.9597014
1180 7955.16052062
1181 7956.1834407
1182 7957.22859818
1183 7958.56284176
1184 7959.89708534
1185 7960.94224282
1186 7962.2764864
1187 7963.58849259
1188 7965.03392314
1189 7966.34592933
1190 7967.50227377
1191 7968.83651736
1192 7970.14852355
1193 7971.48276713
1194 7972.92819768
1195 7974.41810302
1196 7975.61892224
1197 7976.55289275
1198 7977.88713634
1199 7979.31032949
1200 7980.68904786
1201 7981.91210448
1202 7983.17963588
1203 7984.38045511
1204 7985.64798652
1205 7987.22684142
1206 7988.31647368
1207 7989.33939376
1208 7990.40678863
1209 7991.42970871
1210 7992.78618969
1211 7993.80910977
1212 7994.65413071
1213 7995.58810122
1214 7996.56654651
1215 7997.47827963
1216 7998.30106317
1217 7999.32398325
1218 8000.05781722
1219 8000.65822683
1220 8001.48101038
1221 8002.10365738
1222 8002.81525396
1223 8003.74922447
1224 8004.17173494
1225 8004.74990716
1226 8005.48374113
1227 8006.12862553
1228 8006.81798471
1229 8007.30720736
1230 8007.70748044
1231 8008.1522283
1232 8008.73040052
1233 8009.37528492
1234 8009.7533206
1235 8010.28701803
1236 8010.68729111
1237 8011.28770072
1238 8011.71021119
1239 8012.06600948
1240 8012.37733298
1241 8012.84431823
1242 8013.22235392
1243 8013.46696524
1244 8013.9117131
1245 8014.51212271
1246 8014.80120882
1247 8015.11253233
1248 8015.46833062
1249 8015.71294194
1250 8015.95755326
1251 8016.26887677
1252 8016.89152377
1253 8017.26955946
1254 8017.46969599
1255 8017.64759514
1256 8017.89220646
1257 8018.18129257
1258 8018.38142911
1259 8018.64827783
1260 8018.89288915
1261 8019.13750047
1262 8019.3598744
1263 8019.60448573
1264 8019.78238487
1265 8019.96028402
1266 8020.16042055
1267 8020.22713273
1268 8020.44950666
1269 8020.62740581
1270 8020.80530495
1271 8021.04991628
1272 8021.13886585
1273 8021.31676499
1274 8021.40571457
1275 8021.53913892
1276 8021.69480068
1277 8021.80598764
1278 8021.939412
1279 8022.11731114
1280 8022.31744768
1281 8022.38415986
1282 8022.53982161
1283 8022.65100858
1284 8022.76219554
1285 8022.85114511
1286 8023.02904426
1287 8023.2069434
1288 8023.31813037
1289 8023.40707994
1290 8023.42931733
1291 8023.71840344
1292 8023.78511562
1293 8023.91853998
1294 8024.09643913
1295 8024.1853887
1296 8024.25210088
1297 8024.40776263
1298 8024.4967122
1299 8024.63013656
1300 8024.78579831
1301 8024.8080357
1302 8024.96369746
1303 8025.05264703
1304 8025.20830878
1305 8025.29725835
1306 8025.43068271
1307 8025.54186968
1308 8025.71976882
1309 8025.786481
1310 8025.98661754
1311 8026.1200419
1312 8026.25346625
1313 8026.36465322
1314 8026.52031497
1315 8026.67597672
1316 8026.76492629
1317 8026.83163847
1318 8026.94282544
1319 8027.09848719
1320 8027.20967416
1321 8027.27638633
1322 8027.40981069
1323 8027.56547244
1324 8027.65442202
1325 8027.7211342
1326 8027.85455855
1327 8027.92127073
1328 8028.07693249
1329 8028.16588206
1330 8028.32154381
1331 8028.45496817
1332 8028.6551047
1333 8028.74405428
1334 8028.81076646
1335 8028.92195342
1336 8029.09985257
1337 8029.21103953
1338 8029.3222265
1339 8029.50012564
1340 8029.54460043
1341 8029.65578739
1342 8029.70026218
1343 8029.85592393
1344 8029.9448735
1345 8030.05606047
1346 8030.14501004
1347 8030.21172222
1348 8030.30067179
1349 8030.36738397
1350 8030.56752051
1351 8030.61199529
1352 8030.65647008
1353 8030.74541965
1354 8030.9233188
1355 8031.05674316
1356 8031.05674316
1357 8031.07898055
1358 8031.14569273
1359 8031.2346423
1360 8031.34582927
1361 8031.39030405
1362 8031.41254144
1363 8031.52372841
1364 8031.5459658
1365 8031.5682032
1366 8031.65715277
1367 8031.72386495
1368 8031.76833973
1369 8031.81281452
1370 8031.8795267
1371 8031.92400149
1372 8032.07966324
1373 8032.16861281
1374 8032.2130876
1375 8032.25756238
1376 8032.32427456
1377 8032.43546153
1378 8032.50217371
1379 8032.56888588
1380 8032.63559806
1381 8032.68007285
1382 8032.74678503
1383 8032.8357346
1384 8032.88020939
1385 8032.92468417
1386 8032.96915896
1387 8033.10258332
1388 8033.12482071
1389 8033.21377028
1390 8033.21377028
1391 8033.25824507
1392 8033.32495725
1393 8033.41390682
1394 8033.45838161
1395 8033.480619
1396 8033.54733118
1397 8033.59180597
1398 8033.65851814
1399 8033.72523032
1400 8033.74746772
1401 8033.8141799
1402 8033.85865468
1403 8033.88089208
1404 8033.92536686
1405 8033.99207904
1406 8034.03655383
1407 8034.03655383
1408 8034.10326601
1409 8034.23669036
1410 8034.30340254
1411 8034.34787733
1412 8034.48130169
1413 8034.52577647
1414 8034.61472605
1415 8034.7481504
1416 8034.94828694
1417 8035.14842348
1418 8035.34856002
1419 8035.54869656
1420 8035.86002006
1421 8036.19358095
1422 8036.50490446
1423 8036.9941271
1424 8037.48334975
1425 8038.06152197
1426 8038.66193158
1427 8039.17339162
1428 8039.86275081
1429 8040.93014568
1430 8041.79740401
1431 8042.75361191
1432 8043.97666853
1433 8045.13301297
1434 8046.75634266
1435 8048.06834885
1436 8049.69167855
1437 8052.04884221
1438 8053.42756058
1439 8055.49563814
1440 8057.5192409
1441 8060.45457679
1442 8063.10082656
1443 8067.4593556
1444 8070.81720196
1445 8074.8421701
1446 8079.55649743
1447 8083.29237947
1448 8089.05186427
1449 8094.18870207
1450 8100.34845995
1451 8106.77506655
1452 8114.2913054
1453 8121.42950858
1454 8129.76853098
1455 8137.50714376
1456 8146.26867663
1457 8156.3199783
1458 8165.50402163
1459 8176.88956688
1460 8187.58575295
1461 8200.92818879
1462 8212.44715839
1463 8227.67977264
1464 8240.6441728
1465 8257.14431846
1466 8272.53259446
1467 8286.85347559
1468 8306.20000756
1469 8322.54449146
1470 8341.979973
1471 8359.50303874
1472 8379.98367775
1473 8398.32952703
1474 8421.30075407
1475 8441.18098347
1476 8464.21892269
1477 8486.9455384
1478 8507.73750092
1479 8533.4439273
1480 8556.12606823
1481 8582.43290423
1482 8605.07057037
1483 8631.06608286
1484 8653.45913768
1485 8682.05642516
1486 8706.40637057
1487 8730.64512901
1488 8759.8650635
1489 8784.10382194
1490 8813.07914511
1491 8838.94123324
1492 8868.07221816
1493 8893.6007454
1494 8924.0659739
1495 8950.26162293
1496 8980.32657835
1497 9006.61117696
1498 9032.09522941
1499 9062.07123526
1500 9086.44341807
1501 10000.0
