0 0.0
1 0.0
2 0.0
3 0.0
4 0.0
5 0.0
6 0.0
7 0.0
8 0.0
14 0.00941299614726
15 0.037651984589
16 0.197672919092
17 0.442410818921
18 0.753039691781
19 0.988364595462
20 1.29899346832
21 1.62844833348
22 3.40750460531
23 13.7806263596
24 43.8457360539
25 131.292470262
26 294.749148359
27 559.329644066
28 846.529569515
29 1086.01501749
30 1282.9254839
31 1471.69370864
32 1691.71308058
33 1903.81612277
34 2079.19906698
35 2204.29778578
36 2299.97147862
37 2377.06391707
38 2434.4078896
39 2479.80677002
40 2516.35743405
41 2546.3095878
42 2575.78167873
43 2606.18565629
44 2637.88862731
45 2672.78260403
46 2710.0015908
47 2746.76875375
48 2782.61344308
49 2813.12096359
50 2839.86328564
51 2863.77229586
52 2885.83635883
53 2905.15182692
54 2922.33995789
55 2937.95611849
56 2951.11548711
57 2964.62313658
58 2976.57764169
59 2988.2685829
60 2998.65111765
61 3008.32767769
62 3017.0911771
63 3026.47593426
64 3035.1829557
65 3043.09928546
66 3050.60144339
67 3057.74590746
68 3065.12569644
69 3073.10791718
70 3084.32820858
71 3099.59608834
72 3123.42038158
73 3168.19800426
74 3230.97327556
75 3343.34562357
76 3490.96022915
77 3736.6300156
78 4019.7823527
79 4421.4631373
80 4811.8765655
81 5259.05977347
82 5712.46497189
83 6121.29022056
84 6559.39930024
85 6892.82644977
86 7222.28131492
87 7455.21531758
88 7682.54858753
89 7853.71450947
90 8037.34323832
91 8188.33710951
92 8330.39804737
93 8493.34642367
94 8627.96168158
95 8776.52699977
96 8894.32123355
97 9020.74718481
98 9120.76968187
99 9220.56626702
100 9295.33369542
101 9373.65923636
102 9431.69035761
103 9482.7652747
104 9534.38614558
105 9572.64056192
106 9612.45753562
107 9641.70371465
108 9671.74058536
109 9694.8400779
110 9720.30223248
111 9739.77772151
112 9758.43427987
113 9774.68111122
114 9789.04534334
115 9803.59783539
116 9814.42278096
117 9825.91604925
118 9834.62307069
119 9843.59365602
120 9850.54986017
121 9857.52489032
122 9862.85264613
123 9868.067446
124 9873.53639676
125 9877.89461398
126 9882.50698209
127 9886.64870039
128 9890.76217971
129 9894.05672836
130 9897.45481997
131 9900.54228271
132 9903.89330934
133 9906.53836125
134 9909.19282617
135 9911.96966003
136 9914.492343
137 9917.11856892
138 9919.40592699
139 9921.72152404
140 9923.88651315
141 9926.14563223
142 9928.14118741
143 9930.09909061
144 9931.69929996
145 9933.14890136
146 9934.97502261
147 9936.43403702
148 9937.81774745
149 9939.1638059
150 9940.57575532
151 9941.65824988
152 9943.02313432
153 9944.0491509
154 9944.95279853
155 9945.95998912
156 9946.88246274
157 9947.97437029
158 9948.90625691
159 9949.81931754
160 9950.68531318
161 9951.50424385
162 9952.17256658
163 9953.05738821
164 9953.8292539
165 9954.46933764
166 9955.12824737
167 9955.69302713
168 9956.41782784
169 9956.93554263
170 9957.4909094
171 9958.00862419
172 9958.460448
173 9959.03464077
174 9959.54294256
175 9960.14537431
176 9960.62543712
177 9961.13373891
178 9961.48201977
179 9962.01856055
180 9962.57392732
181 9963.17635907
182 9963.64700888
183 9964.04235472
184 9964.44711355
185 9964.90835036
186 9965.36958717
187 9965.783759
188 9966.18851784
189 9966.55562469
190 9967.06392648
191 9967.5063373
192 9967.91109613
193 9968.37233295
194 9968.85239575
195 9969.30421956
196 9969.77486937
197 9970.22669319
198 9970.60321303
199 9971.02679786
200 9971.37507872
201 9971.94927148
202 9972.3916823
203 9972.89998409
204 9973.19178697
205 9973.6247848
206 9974.03895663
207 9974.45312846
208 9974.97084324
209 9975.33795009
210 9975.8180129
211 9976.10040278
212 9976.66518255
213 9977.06052839
214 9977.57824318
215 9978.011241
216 9978.39717384
217 9978.86782365
218 9979.2443435
219 9979.76205828
220 9980.10092614
221 9980.51509798
222 9980.88220482
223 9981.27755066
224 9981.65407051
225 9982.08706833
226 9982.47300117
227 9982.91541199
228 9983.27310585
229 9983.57432172
230 9983.93201558
231 9984.27088344
232 9984.64740328
233 9984.8450762
234 9985.16511807
235 9985.46633395
236 9985.89933177
237 9986.14406967
238 9986.36998158
239 9986.68061045
240 9986.95358734
241 9987.38658516
242 9987.63132306
243 9988.00784291
244 9988.32788478
245 9988.69499163
246 9988.87383855
247 9989.15622844
248 9989.4950963
249 9989.75866019
250 9990.05046307
251 9990.20107101
252 9990.39874393
253 9990.53993887
254 9990.85056774
255 9991.08589265
256 9991.37769553
257 9991.4435865
258 9991.66949841
259 9991.88599732
260 9992.05543125
261 9992.28134316
262 9992.45077709
263 9992.75199297
264 9992.9026009
265 9993.07203484
266 9993.19440379
267 9993.29794674
268 9993.44855468
269 9993.56151064
270 9993.70270558
271 9993.84390052
272 9993.99450846
273 9994.10746441
274 9994.26748535
275 9994.3898543
276 9994.54987523
277 9994.6345922
278 9994.75696115
279 9994.98287305
280 9995.08641601
281 9995.18054597
282 9995.28408893
283 9995.37821889
284 9995.45352286
285 9995.53823983
286 9995.63236979
287 9995.73591275
288 9995.8488687
289 9995.92417267
290 9996.07478061
291 9996.15949757
292 9996.24421454
293 9996.28186652
294 9996.3289315
295 9996.36658349
296 9996.43247446
297 9996.48895244
298 9996.53601742
299 9996.56425641
300 9996.65838637
301 9996.72427734
302 9996.76192933
303 9996.88429828
304 9996.96901524
305 9997.03490621
306 9997.12903618
307 9997.23257913
308 9997.29847011
309 9997.36436108
310 9997.39260007
311 9997.45849104
312 9997.47731703
313 9997.54320801
314 9997.61851197
315 9997.65616396
316 9997.70322894
317 9997.75029392
318 9997.83501089
319 9997.89148886
320 9997.91972785
321 9997.93855384
322 9997.99503182
323 9998.0515098
324 9998.10798777
325 9998.14563976
326 9998.18329174
327 9998.24918272
328 9998.26800871
329 9998.2962477
330 9998.34331268
331 9998.37155167
332 9998.40920365
333 9998.43744264
334 9998.44685564
335 9998.46568163
336 9998.50333361
337 9998.5409856
338 9998.60687657
339 9998.61628957
340 9998.63511556
341 9998.66335455
342 9998.67276754
343 9998.69159354
344 9998.72924552
345 9998.7763105
346 9998.7857235
347 9998.81396249
348 9998.86102747
349 9998.88926645
350 9998.91750544
351 9998.94574443
352 9998.96457042
353 9998.96457042
354 9998.98339642
355 9999.00222241
356 9999.0210484
357 9999.03987439
358 9999.06811338
359 9999.09635237
360 9999.12459136
361 9999.12459136
362 9999.12459136
363 9999.14341735
364 9999.14341735
365 9999.17165634
366 9999.17165634
367 9999.19048233
368 9999.20930832
369 9999.20930832
370 9999.20930832
371 9999.21872132
372 9999.21872132
373 9999.21872132
374 9999.21872132
375 9999.22813432
376 9999.2657863
377 9999.28461229
378 9999.29402529
379 9999.30343829
380 9999.31285128
381 9999.32226428
382 9999.33167727
383 9999.35050327
384 9999.35991626
385 9999.35991626
386 9999.36932926
387 9999.36932926
388 9999.36932926
389 9999.36932926
390 9999.37874225
391 9999.37874225
392 9999.37874225
393 9999.37874225
394 9999.37874225
395 9999.37874225
396 9999.37874225
397 9999.38815525
398 9999.38815525
399 9999.39756825
400 9999.40698124
401 9999.40698124
402 9999.40698124
403 9999.42580723
404 9999.44463323
405 9999.44463323
406 9999.46345922
407 9999.46345922
408 9999.47287222
409 9999.49169821
410 9999.5105242
411 9999.5199372
412 9999.5199372
413 9999.5199372
414 9999.53876319
415 9999.55758918
416 9999.55758918
417 9999.56700218
418 9999.57641517
419 9999.57641517
420 9999.58582817
421 9999.61406716
422 9999.62348015
423 9999.64230615
424 9999.66113214
425 9999.67054513
426 9999.67054513
427 9999.67995813
428 9999.67995813
429 9999.67995813
430 9999.67995813
431 9999.67995813
432 9999.67995813
433 9999.67995813
434 9999.68937113
435 9999.68937113
436 9999.68937113
437 9999.68937113
438 9999.69878412
439 9999.69878412
440 9999.69878412
441 9999.70819712
442 9999.71761012
443 9999.72702311
444 9999.72702311
445 9999.73643611
446 9999.73643611
447 9999.73643611
448 9999.73643611
449 9999.7458491
450 9999.7458491
451 9999.7458491
452 9999.7458491
453 9999.7552621
454 9999.7552621
455 9999.7552621
456 9999.7552621
457 9999.7552621
458 9999.7646751
459 9999.7646751
460 9999.7646751
461 9999.77408809
462 9999.78350109
463 9999.78350109
464 9999.79291408
465 9999.79291408
466 9999.79291408
467 9999.79291408
468 9999.79291408
469 9999.79291408
470 9999.79291408
471 9999.80232708
472 9999.80232708
473 9999.80232708
474 9999.80232708
475 9999.80232708
476 9999.80232708
477 9999.80232708
478 9999.80232708
479 9999.80232708
480 9999.80232708
487 9999.81174008
488 9999.81174008
489 9999.81174008
490 9999.81174008
491 9999.81174008
492 9999.81174008
493 9999.81174008
494 9999.81174008
495 9999.81174008
496 9999.81174008
507 9999.82115307
508 9999.82115307
509 9999.82115307
510 9999.82115307
511 9999.82115307
512 9999.82115307
513 9999.82115307
514 9999.82115307
515 9999.82115307
516 9999.82115307
546 9999.83056607
547 9999.83056607
548 9999.83056607
549 9999.83056607
550 9999.83056607
551 9999.83056607
552 9999.83056607
553 9999.83056607
554 9999.83056607
555 9999.83056607
559 9999.83997907
560 9999.83997907
561 9999.83997907
562 9999.84939206
563 9999.84939206
564 9999.84939206
565 9999.85880506
566 9999.85880506
567 9999.85880506
568 9999.85880506
569 9999.85880506
570 9999.85880506
571 9999.85880506
572 9999.85880506
573 9999.85880506
574 9999.85880506
575 9999.86821805
576 9999.86821805
577 9999.87763105
578 9999.87763105
579 9999.87763105
580 9999.87763105
581 9999.87763105
582 9999.87763105
583 9999.87763105
584 9999.87763105
585 9999.87763105
586 9999.87763105
626 9999.88704405
627 9999.88704405
628 9999.89645704
629 9999.89645704
630 9999.89645704
631 9999.89645704
632 9999.89645704
633 9999.89645704
634 9999.89645704
635 9999.90587004
636 9999.90587004
637 9999.90587004
638 9999.90587004
639 9999.90587004
640 9999.90587004
641 9999.90587004
642 9999.90587004
643 9999.90587004
644 9999.90587004
651 9999.91528303
652 9999.91528303
653 9999.91528303
654 9999.91528303
655 9999.91528303
656 9999.91528303
657 9999.91528303
658 9999.91528303
659 9999.91528303
660 9999.91528303
804 9999.92469603
805 9999.92469603
806 9999.92469603
807 9999.92469603
808 9999.92469603
809 9999.92469603
810 9999.92469603
811 9999.92469603
812 9999.92469603
813 9999.92469603
946 9999.93410903
947 9999.93410903
948 9999.93410903
949 9999.93410903
950 9999.93410903
951 9999.93410903
952 9999.93410903
953 9999.93410903
954 9999.93410903
955 9999.93410903
1085 9999.94352202
1086 9999.94352202
1087 9999.94352202
1088 9999.94352202
1089 9999.94352202
1090 9999.94352202
1091 9999.94352202
1092 9999.94352202
1093 9999.94352202
1094 9999.94352202
1112 9999.95293502
1113 9999.95293502
1114 9999.95293502
1115 9999.95293502
1116 9999.95293502
1117 9999.95293502
1118 9999.95293502
1119 9999.95293502
1120 9999.95293502
1121 9999.95293502
1142 9999.96234802
1143 9999.96234802
1144 9999.96234802
1145 9999.96234802
1146 9999.96234802
1147 9999.96234802
1148 9999.96234802
1149 9999.96234802
1150 9999.96234802
1151 9999.96234802
1501 10000.0
