0
1880
1880
3426
3426
3426
3426
3426
3426
3426
3426
3426
3426
3426
3426
3835
3835
3835
3835
3835
3835
3835
3835
3835
3835
3835
4001
4560
4839
5340
5545
5548
5548
5693
6024
6117
6316
6369
6427
6427
8078
10548
12145
14386
14690
16074
16074
19931
22934
25266
26750
27437
28538
28538
31534
34524
36603
39986
41597
43546
43546
47133
48308
50752
51604
52489
56761
61651
63067
63067
63282
65591
68062
70168
73227
75138
75138
76593
78364
80789
81095
81352
84534
84534
87513
89638
91992
93103
93103
94644
94644
94644
97238
100286
102675
103019
104284
104284
105926
107166
107935
109187
111866
115658
115658
118648
119452
121265
122295
123942
126225
126225
126843
128741
131107
132655
133104
136041
137246
137246
140130
141715
144107
147567
148103
153210
153210
154888
155813
157001
159508
162191
162191
162191
166052
166972
167332
168698
171006
174445
174445
174885
176242
179980
182631
184907
184907
188412
189547
190679
192140
195706
197396
197396
198474
200781
201959
204614
205689
207282
207282
208062
209551
211349
212971
213170
214467
215833
215833
219734
219734
221437
223030
224837
228736
228736
230011
232149
234069
236238
238726
241038
241038
242885
242885
244906
247538
248212
249665
249665
252111
252843
255259
257504
258929
260950
260950
260950
263542
263815
266177
268147
270914
270914
272301
273834
275954
277213
278646
280626
280626
280856
280856
283105
285853
286191
290047
295090
295090
297765
299449
302574
304551
306012
306012
307370
309901
310293
310627
311955
313716
313716
314817
317165
319309
322295
323749
326655
326655
328894
330188
330875
332020
332933
333625
333625
335543
337501
339005
341735
342989
343626
343626
344924
347283
350872
351645
355062
357775
357775
358793
360460
362876
363738
365392
365392
365488
368259
368259
369530
370519
373695
373695
374902
377720
379891
380712
382656
384649
384649
386797
387194
388060
389039
392825
394154
394154
395498
397007
400266
401014
404214
406238
406238
406866
409629
411482
412967
415380
417118
417118
418243
418823
420129
422496
427875
428564
429068
429068
430581
431902
432565
434337
434746
436773
436773
438960
440907
442152
443993
444091
447025
447025
448024
449634
452773
453597
455580
457049
457049
458616
458667
459443
459896
465375
466632
466632
467292
470273
472973
474626
474677
479588
479588
481353
484920
486341
487988
490425
491577
491577
493519
493519
494662
498141
500271
500711
500711
504485
507589
508735
511315
511985
514157
514157
517555
518321
519156
521239
521736
522008
522008
524424
526573
527837
532896
533294
534472
536315
537139
537139
538957
540221
540919
544547
547843
547843
548145
549693
553277
555477
556404
559674
559674
561062
563716
564823
567704
569707
572095
572095
574680
576878
579373
580145
582906
583570
583570
585183
588579
588768
590844
596796
598208
598208
598777
602411
602969
603904
604565
606168
606168
606934
608794
611542
612182
613895
615019
615019
615205
618023
618559
621639
624134
624866
624866
626542
628346
629462
631706
632653
632653
632653
634986
635131
637272
639814
642292
643955
646027
646027
650446
651031
652007
652418
655979
658510
658510
658814
662186
663329
665471
665471
666187
666187
669086
670862
671251
673643
677487
678840
678840
679221
680859
683342
685199
687940
690473
691583
691583
692847
695938
698413
699653
700991
701692
704273
704273
706360
706360
707304
709252
709681
711660
711660
711995
716489
719614
721196
721196
722670
722670
724198
725224
727417
730032
734125
735421
735421
741359
741853
742253
745479
748560
749734
749734
749846
752373
752481
754775
755350
756007
756007
760154
760649
764355
765281
768116
772369
772369
772992
774749
775626
779893
780731
786280
786280
787634
790436
791572
791995
793101
795310
795310
797681
801118
803846
804263
806788
810675
810675
812124
812124
814418
815564
818559
820426
821120
822816
822816
823923
825157
827398
828885
832342
833419
833419
834335
835109
837254
839130
840931
843145
843145
845981
848031
848702
848773
850193
852202
854634
854634
856173
857215
858986
862291
864702
865357
865357
868688
870349
872581
872823
877608
880415
880415
882253
884160
886301
887765
889600
891711
891711
892873
896369
898540
902440
904869
906526
906526
907543
908562
910666
910812
910812
