0 0.0
1 0.0
2 0.0
3 0.0
4 0.0
5 0.0
6 0.0
7 0.0
8 0.0
531 58.1395348837
532 58.1395348837
533 58.1395348837
534 58.1395348837
535 58.1395348837
536 58.1395348837
537 58.1395348837
538 58.1395348837
539 58.1395348837
540 58.1395348837
542 116.279069767
543 116.279069767
544 116.279069767
545 116.279069767
546 116.279069767
547 116.279069767
548 116.279069767
549 116.279069767
550 116.279069767
551 116.279069767
560 174.418604651
561 174.418604651
562 174.418604651
563 174.418604651
564 174.418604651
565 174.418604651
566 232.558139535
567 290.697674419
568 290.697674419
569 348.837209302
570 348.837209302
571 348.837209302
572 348.837209302
573 406.976744186
574 406.976744186
575 465.11627907
576 465.11627907
577 465.11627907
578 465.11627907
579 465.11627907
580 465.11627907
581 465.11627907
582 465.11627907
583 465.11627907
584 465.11627907
591 581.395348837
592 581.395348837
593 639.534883721
594 697.674418605
595 813.953488372
596 872.093023256
597 872.093023256
598 930.23255814
599 930.23255814
600 930.23255814
601 988.372093023
602 988.372093023
603 988.372093023
604 988.372093023
605 988.372093023
606 988.372093023
607 988.372093023
608 988.372093023
609 988.372093023
610 988.372093023
612 1046.51162791
613 1104.65116279
614 1104.65116279
615 1220.93023256
616 1220.93023256
617 1220.93023256
618 1220.93023256
619 1220.93023256
620 1220.93023256
621 1220.93023256
622 1220.93023256
623 1337.20930233
624 1337.20930233
625 1337.20930233
626 1337.20930233
627 1337.20930233
628 1337.20930233
629 1337.20930233
630 1337.20930233
631 1395.34883721
632 1453.48837209
633 1569.76744186
634 1686.04651163
635 1686.04651163
636 1686.04651163
637 1744.18604651
638 1744.18604651
639 1744.18604651
640 1744.18604651
641 1744.18604651
642 1744.18604651
643 1744.18604651
644 1744.18604651
645 1744.18604651
646 1744.18604651
661 1802.3255814
662 1802.3255814
663 1802.3255814
664 1802.3255814
665 1802.3255814
666 1802.3255814
667 1802.3255814
668 1802.3255814
669 1860.46511628
670 1860.46511628
671 1860.46511628
672 1860.46511628
673 1918.60465116
674 1918.60465116
675 1918.60465116
676 1918.60465116
677 1918.60465116
678 1918.60465116
679 1918.60465116
680 1918.60465116
681 1976.74418605
682 1976.74418605
683 1976.74418605
684 1976.74418605
685 1976.74418605
686 1976.74418605
687 1976.74418605
688 1976.74418605
689 1976.74418605
690 1976.74418605
700 2034.88372093
701 2034.88372093
702 2034.88372093
703 2034.88372093
704 2034.88372093
705 2093.02325581
706 2093.02325581
707 2093.02325581
708 2093.02325581
709 2093.02325581
710 2093.02325581
711 2093.02325581
712 2093.02325581
713 2093.02325581
714 2093.02325581
715 2151.1627907
716 2151.1627907
717 2209.30232558
718 2209.30232558
719 2209.30232558
720 2209.30232558
721 2209.30232558
722 2209.30232558
723 2209.30232558
724 2209.30232558
725 2209.30232558
726 2267.44186047
727 2325.58139535
728 2325.58139535
729 2325.58139535
730 2325.58139535
731 2325.58139535
732 2325.58139535
733 2325.58139535
734 2325.58139535
735 2325.58139535
736 2325.58139535
763 2383.72093023
764 2383.72093023
765 2383.72093023
766 2383.72093023
767 2383.72093023
768 2441.86046512
769 2441.86046512
770 2441.86046512
771 2441.86046512
772 2441.86046512
773 2441.86046512
774 2441.86046512
775 2441.86046512
776 2441.86046512
777 2500.0
778 2500.0
779 2500.0
780 2500.0
781 2500.0
782 2500.0
783 2500.0
784 2500.0
785 2500.0
786 2500.0
792 2558.13953488
793 2558.13953488
794 2558.13953488
795 2616.27906977
796 2616.27906977
797 2616.27906977
798 2616.27906977
799 2616.27906977
800 2616.27906977
801 2616.27906977
802 2616.27906977
803 2616.27906977
804 2616.27906977
810 2674.41860465
811 2674.41860465
812 2790.69767442
813 2790.69767442
814 2790.69767442
815 2790.69767442
816 2790.69767442
817 2848.8372093
818 2848.8372093
819 2848.8372093
820 2848.8372093
821 2848.8372093
822 2848.8372093
823 2848.8372093
824 2848.8372093
825 2848.8372093
826 2848.8372093
857 2906.97674419
858 2965.11627907
859 2965.11627907
860 2965.11627907
861 2965.11627907
862 2965.11627907
863 2965.11627907
864 2965.11627907
865 2965.11627907
866 2965.11627907
867 2965.11627907
877 3023.25581395
878 3023.25581395
879 3023.25581395
880 3023.25581395
881 3081.39534884
882 3081.39534884
883 3139.53488372
884 3197.6744186
885 3197.6744186
886 3197.6744186
887 3197.6744186
888 3255.81395349
889 3255.81395349
890 3255.81395349
891 3255.81395349
892 3255.81395349
893 3255.81395349
894 3255.81395349
895 3313.95348837
896 3313.95348837
897 3313.95348837
898 3313.95348837
899 3313.95348837
900 3313.95348837
901 3372.09302326
902 3372.09302326
903 3372.09302326
904 3430.23255814
905 3430.23255814
906 3430.23255814
907 3430.23255814
908 3430.23255814
909 3430.23255814
910 3430.23255814
911 3430.23255814
912 3488.37209302
913 3488.37209302
914 3488.37209302
915 3488.37209302
916 3488.37209302
917 3488.37209302
918 3488.37209302
919 3488.37209302
920 3488.37209302
921 3488.37209302
942 3546.51162791
943 3604.65116279
944 3662.79069767
945 3662.79069767
946 3662.79069767
947 3662.79069767
948 3662.79069767
949 3662.79069767
950 3662.79069767
951 3662.79069767
952 3662.79069767
953 3662.79069767
956 3779.06976744
957 3779.06976744
958 3779.06976744
959 3779.06976744
960 3779.06976744
961 3779.06976744
962 3779.06976744
963 3837.20930233
964 3895.34883721
965 3895.34883721
966 3953.48837209
967 3953.48837209
968 3953.48837209
969 3953.48837209
970 3953.48837209
971 3953.48837209
972 3953.48837209
973 3953.48837209
974 4011.62790698
975 4011.62790698
976 4011.62790698
977 4011.62790698
978 4011.62790698
979 4011.62790698
980 4011.62790698
981 4011.62790698
982 4069.76744186
983 4127.90697674
984 4127.90697674
985 4127.90697674
986 4127.90697674
987 4127.90697674
988 4186.04651163
989 4186.04651163
990 4186.04651163
991 4186.04651163
992 4186.04651163
993 4302.3255814
994 4302.3255814
995 4302.3255814
996 4360.46511628
997 4360.46511628
998 4418.60465116
999 4418.60465116
1000 4534.88372093
1001 4534.88372093
1002 4534.88372093
1003 4534.88372093
1004 4534.88372093
1005 4593.02325581
1006 4593.02325581
1007 4593.02325581
1008 4593.02325581
1009 4593.02325581
1010 4651.1627907
1011 4709.30232558
1012 4709.30232558
1013 4709.30232558
1014 4709.30232558
1015 4709.30232558
1016 4709.30232558
1017 4709.30232558
1018 4767.44186047
1019 4825.58139535
1020 4825.58139535
1021 4883.72093023
1022 4883.72093023
1023 4883.72093023
1024 4941.86046512
1025 4941.86046512
1026 5000.0
1027 5000.0
1028 5000.0
1029 5000.0
1030 5000.0
1031 5058.13953488
1032 5058.13953488
1033 5058.13953488
1034 5058.13953488
1035 5058.13953488
1036 5058.13953488
1037 5058.13953488
1038 5058.13953488
1039 5058.13953488
1040 5058.13953488
1056 5116.27906977
1057 5116.27906977
1058 5116.27906977
1059 5116.27906977
1060 5174.41860465
1061 5232.55813953
1062 5232.55813953
1063 5232.55813953
1064 5232.55813953
1065 5290.69767442
1066 5290.69767442
1067 5290.69767442
1068 5290.69767442
1069 5290.69767442
1070 5290.69767442
1071 5290.69767442
1072 5348.8372093
1073 5348.8372093
1074 5348.8372093
1075 5348.8372093
1076 5348.8372093
1077 5348.8372093
1078 5348.8372093
1079 5348.8372093
1080 5348.8372093
1081 5348.8372093
1082 5406.97674419
1083 5406.97674419
1084 5406.97674419
1085 5406.97674419
1086 5523.25581395
1087 5523.25581395
1088 5523.25581395
1089 5523.25581395
1090 5523.25581395
1091 5523.25581395
1092 5581.39534884
1093 5581.39534884
1094 5581.39534884
1095 5581.39534884
1096 5581.39534884
1097 5581.39534884
1098 5581.39534884
1099 5581.39534884
1100 5581.39534884
1101 5581.39534884
1104 5639.53488372
1105 5697.6744186
1106 5697.6744186
1107 5697.6744186
1108 5697.6744186
1109 5697.6744186
1110 5697.6744186
1111 5697.6744186
1112 5755.81395349
1113 5755.81395349
1114 5755.81395349
1115 5813.95348837
1116 5813.95348837
1117 5813.95348837
1118 5813.95348837
1119 5813.95348837
1120 5813.95348837
1121 5813.95348837
1122 5813.95348837
1123 5813.95348837
1124 5813.95348837
1131 5872.09302326
1132 5872.09302326
1133 5930.23255814
1134 5930.23255814
1135 5930.23255814
1136 5930.23255814
1137 5930.23255814
1138 5930.23255814
1139 5988.37209302
1140 6046.51162791
1141 6046.51162791
1142 6046.51162791
1143 6104.65116279
1144 6104.65116279
1145 6104.65116279
1146 6104.65116279
1147 6104.65116279
1148 6104.65116279
1149 6104.65116279
1150 6104.65116279
1151 6104.65116279
1152 6104.65116279
1158 6162.79069767
1159 6162.79069767
1160 6162.79069767
1161 6162.79069767
1162 6162.79069767
1163 6162.79069767
1164 6162.79069767
1165 6162.79069767
1166 6162.79069767
1167 6162.79069767
1173 6279.06976744
1174 6279.06976744
1175 6279.06976744
1176 6337.20930233
1177 6337.20930233
1178 6337.20930233
1179 6337.20930233
1180 6337.20930233
1181 6337.20930233
1182 6337.20930233
1183 6337.20930233
1184 6337.20930233
1185 6395.34883721
1186 6395.34883721
1187 6453.48837209
1188 6569.76744186
1189 6686.04651163
1190 6686.04651163
1191 6686.04651163
1192 6686.04651163
1193 6686.04651163
1194 6686.04651163
1195 6686.04651163
1196 6744.18604651
1197 6744.18604651
1198 6744.18604651
1199 6744.18604651
1200 6860.46511628
1201 6860.46511628
1202 6918.60465116
1203 6918.60465116
1204 7093.02325581
1205 7151.1627907
1206 7151.1627907
1207 7151.1627907
1208 7151.1627907
1209 7209.30232558
1210 7209.30232558
1211 7267.44186047
1212 7325.58139535
1213 7325.58139535
1214 7325.58139535
1215 7325.58139535
1216 7325.58139535
1217 7325.58139535
1218 7325.58139535
1219 7325.58139535
1220 7325.58139535
1221 7325.58139535
1231 7383.72093023
1232 7383.72093023
1233 7383.72093023
1234 7383.72093023
1235 7383.72093023
1236 7383.72093023
1237 7383.72093023
1238 7383.72093023
1239 7383.72093023
1240 7383.72093023
1242 7441.86046512
1243 7441.86046512
1244 7441.86046512
1245 7441.86046512
1246 7441.86046512
1247 7441.86046512
1248 7441.86046512
1249 7441.86046512
1250 7441.86046512
1251 7441.86046512
1253 7500.0
1254 7500.0
1255 7500.0
1256 7500.0
1257 7500.0
1258 7500.0
1259 7500.0
1260 7500.0
1261 7500.0
1262 7500.0
1379 7558.13953488
1380 7558.13953488
1381 7558.13953488
1382 7558.13953488
1383 7558.13953488
1384 7558.13953488
1385 7558.13953488
1386 7558.13953488
1387 7616.27906977
1388 7616.27906977
1389 7616.27906977
1390 7616.27906977
1391 7616.27906977
1392 7616.27906977
1393 7616.27906977
1394 7616.27906977
1395 7616.27906977
1396 7616.27906977
1501 10000.0
