0 0.0
1 0.0
2 0.0
3 0.0
4 0.0
5 0.0
6 0.0
7 0.0
8 0.0
34 0.0472067751164
35 0.0472067751164
36 0.0472067751164
37 0.0472067751164
38 0.0708101626745
39 0.0708101626745
40 0.0708101626745
41 0.0944135502327
42 0.118016937791
43 0.141620325349
44 0.165223712907
45 0.188827100465
46 0.236033875582
47 0.283240650698
48 0.283240650698
49 0.306844038256
50 0.330447425815
51 0.330447425815
52 0.330447425815
53 0.354050813373
54 0.377654200931
55 0.424860976047
56 0.448464363605
57 0.51927452628
58 0.542877913838
59 0.542877913838
60 0.590084688955
61 0.613688076513
62 0.660894851629
63 0.660894851629
64 0.660894851629
65 0.660894851629
66 0.708101626745
67 0.77891178942
68 0.802515176978
69 0.802515176978
70 0.849721952095
71 0.849721952095
72 0.896928727211
73 0.896928727211
74 0.920532114769
75 0.920532114769
76 0.944135502327
77 0.967738889885
78 0.967738889885
79 0.991342277444
80 1.014945665
81 1.014945665
82 1.06215244012
83 1.08575582768
84 1.10935921523
85 1.13296260279
86 1.13296260279
87 1.15656599035
88 1.18016937791
89 1.25097954058
90 1.32178970326
91 1.36899647837
92 1.43980664105
93 1.51061680372
94 1.55782357884
95 1.62863374151
96 1.65223712907
97 1.72304729175
98 1.77025406686
99 1.91187439221
100 1.95908116733
101 1.95908116733
102 2.02989133
103 2.10070149268
104 2.14790826779
105 2.19511504291
106 2.24232181803
107 2.3131319807
108 2.36033875582
109 2.40754553093
110 2.47835569361
111 2.57276924384
112 2.61997601896
113 2.73799295675
114 2.83240650698
115 2.85600989454
116 2.85600989454
117 2.8796132821
118 2.95042344477
119 2.99763021989
120 3.09204377012
121 3.11564715768
122 3.18645732035
123 3.21006070791
124 3.28087087059
125 3.28087087059
126 3.35168103326
127 3.39888780838
128 3.49330135861
129 3.56411152129
130 3.63492168396
131 3.68212845908
132 3.82374878443
133 3.82374878443
134 3.8945589471
135 3.8945589471
136 4.01257588489
137 4.10698943512
138 4.15419621024
139 4.29581653559
140 4.34302331071
141 4.4610402485
142 4.53185041117
143 4.64986734896
144 4.72067751164
145 4.81509106187
146 4.88590122454
147 4.98031477478
148 5.05112493745
149 5.21634865036
150 5.28715881303
151 5.31076220059
152 5.33436558815
153 5.49958930106
154 5.61760623885
155 5.73562317664
156 5.90084688955
157 6.01886382734
158 6.13688076513
159 6.25489770292
160 6.37291464071
161 6.4909315785
162 6.60894851629
163 6.70336206652
164 6.82137900431
165 6.93939594211
166 7.10461965501
167 7.26984336792
168 7.31705014304
169 7.41146369327
170 7.45867046839
171 7.57668740618
172 7.69470434397
173 7.7891178942
174 7.93073821955
175 8.09596193246
176 8.19037548269
177 8.37920258315
178 8.47361613339
179 8.68604662141
180 8.89847710943
181 9.01649404723
182 9.13451098502
183 9.32333808548
184 9.46495841083
185 9.58297534862
186 9.70099228641
187 9.8190092242
188 9.98423293711
189 10.1022498749
190 10.1730600376
191 10.3854905256
192 10.5507142385
193 10.6923345639
194 12.0849344298
195 18.4578490705
196 100.503224223
197 189.629615642
198 426.017542038
199 515.946448634
200 558.857407215
201 572.901422812
202 580.17126618
203 585.552838543
204 590.344326218
205 595.277434217
206 598.959562676
207 602.169623384
208 605.757338293
209 610.973686944
210 616.70931012
211 621.807641833
212 625.182926254
213 628.629020837
214 631.414220569
215 633.845369487
216 636.677775994
217 638.731270712
218 640.407111229
219 641.988538195
220 642.979880472
221 643.805999037
222 644.278066788
223 644.655720989
224 645.080581965
225 645.576253104
226 646.142734405
227 646.543991994
228 647.110473295
229 647.558937659
230 647.771368147
231 648.12541896
232 648.621090099
233 648.880727362
234 649.1875714
235 649.494415439
236 649.848466252
237 650.344137391
238 650.674584816
239 650.93422208
240 651.429893218
241 651.99637452
242 652.421235496
243 652.940510022
244 653.436181161
245 653.861042137
246 654.427523438
247 654.970401352
248 655.442469103
249 656.126967342
250 656.599035094
251 657.377946883
252 658.109651897
253 658.841356912
254 659.573061926
255 660.351973715
256 661.08367873
257 661.791780356
258 662.381865045
259 663.137173447
260 663.868878461
261 664.576980088
262 665.473908815
263 666.087596892
264 667.078939169
265 668.070281447
266 668.872796624
267 669.628105026
268 670.477826978
269 671.32754893
270 672.460511533
271 673.687887686
272 674.868057064
273 675.670572241
274 676.756328068
275 677.676860183
276 678.502978748
277 679.753958288
278 680.792507341
279 681.783849618
280 682.586364795
281 683.860947723
282 685.513184852
283 687.330645694
284 688.841262498
285 690.139448814
286 691.579255455
287 692.901045158
288 694.081214536
289 695.261383914
290 696.394346517
291 697.62172267
292 698.542254784
293 699.675217387
294 701.067817253
295 701.917539205
296 703.02689842
297 704.183464411
298 705.340030401
299 706.520199779
300 707.369921731
301 708.384867396
302 709.258192736
303 709.98989775
304 710.674395989
305 711.406101004
306 712.232219568
307 713.034734745
308 713.837249922
309 714.710575262
310 715.772727702
311 716.716863204
312 717.401361443
313 718.274686783
314 718.817564697
315 719.549269711
316 720.493405214
317 721.083489902
318 721.791591529
319 722.546899931
320 723.32581172
321 723.986706572
322 724.647601424
323 725.214082725
324 725.733357251
325 726.299838553
326 726.748302916
327 727.10235373
328 727.716041806
329 728.235316333
330 728.730987471
331 729.13224506
332 729.863950074
333 730.737275414
334 731.610600753
335 733.074010782
336 735.41074615
337 740.225837212
338 748.132972044
339 759.67502856
340 776.97631164
341 803.907776844
342 843.089400191
343 901.57859456
344 980.107064966
345 1082.02649244
346 1212.69484596
347 1385.80209032
348 1593.62991777
349 1842.6456565
350 2120.10347725
351 2421.44792621
352 2753.05191801
353 3112.05944277
354 3475.24476713
355 3834.18148173
356 4164.18044318
357 4496.09127902
358 4808.74175062
359 5089.29161513
360 5340.3372452
361 5552.86214678
362 5739.116478
363 5900.68166583
364 6038.6670695
365 6155.83428534
366 6250.36585251
367 6335.07841045
368 6410.18438966
369 6472.89859041
370 6527.56403599
371 6576.6826855
372 6619.45202375
373 6658.01995902
374 6694.03872844
375 6724.88835598
376 6749.93155018
377 6771.78828705
378 6792.55926811
379 6810.9699104
380 6824.58906502
381 6837.24048075
382 6847.67317805
383 6855.60391627
384 6861.69359026
385 6866.95714569
386 6872.55114854
387 6876.02084651
388 6879.25451061
389 6881.99250356
390 6883.97518812
391 6885.83985574
392 6887.30326576
393 6888.86108934
394 6889.94684517
395 6890.89098067
396 6892.23637376
397 6893.25131943
398 6894.45509219
399 6895.70607174
400 6896.3433632
401 6897.40551564
402 6898.25523759
403 6899.17576971
404 6899.90747472
405 6900.92242039
406 6902.12619315
407 6903.28275914
408 6904.34491158
409 6905.57228773
410 6906.91768083
411 6908.31028069
412 6909.53765684
413 6910.97746349
414 6912.18123625
415 6914.02230048
416 6915.46210712
417 6917.06713748
418 6918.60135767
419 6920.01756092
420 6921.48097095
421 6922.99158775
422 6924.28977407
423 6925.16309941
424 6926.15444169
425 6927.05137041
426 6928.11352285
427 6928.98684819
428 6929.88377692
429 6930.59187855
430 6931.2527734
431 6932.26771906
432 6933.87274942
433 6935.57219332
434 6936.89398302
435 6938.0741524
436 6939.34873533
437 6940.81214536
438 6942.11033167
439 6943.59734509
440 6945.95768385
441 6948.15279889
442 6950.65475797
443 6953.32194076
444 6956.43758792
445 6959.64764863
446 6963.21176015
447 6966.7286649
448 6970.69403401
449 6974.44697263
450 6979.02602982
451 6982.40131424
452 6986.36668335
453 6989.64755422
454 6992.29113362
455 6995.05272997
456 6997.36586195
457 6999.74980409
458 7001.61447171
459 7003.17229529
460 7004.6593087
461 7006.21713228
462 7007.37369827
463 7008.22342023
464 7008.81350491
465 7009.49800315
466 7010.13529462
467 7010.53655221
468 7011.05582673
469 7011.52789448
470 7011.97635885
471 7012.6372537
472 7013.06211467
473 7013.53418243
474 7014.21868067
475 7014.95038568
476 7015.68209069
477 7016.50820926
478 7017.16910411
479 7017.78279219
480 7018.86854801
481 7019.74187335
482 7020.80402579
483 7022.03140195
484 7023.18796794
485 7024.67498135
486 7026.11478799
487 7027.67261157
488 7029.1360216
489 7030.52862147
490 7032.08644505
491 7033.45544152
492 7034.91885155
493 7036.52388191
494 7038.19972242
495 7040.34763069
496 7042.18869492
497 7044.38380996
498 7047.33423341
499 7050.75672461
500 7053.8015616
501 7056.98801892
502 7060.2452864
503 7063.43174372
504 7066.42937394
505 7069.5450211
506 7072.9675123
507 7076.27198656
508 7079.19880661
509 7082.92814185
510 7086.20901272
511 7089.32465988
512 7092.01544606
513 7094.87145595
514 7097.11377777
515 7099.59213346
516 7101.36238753
517 7102.84940095
518 7104.36001775
519 7105.5873939
520 7106.86197683
521 7107.75890556
522 7108.56142074
523 7109.26952236
524 7109.7651935
525 7110.40248496
526 7110.85094933
527 7111.32301708
528 7111.55905095
529 7111.91310177
530 7112.26715258
531 7112.52678984
532 7112.78642711
533 7112.95165082
534 7113.28209825
535 7113.61254567
536 7113.77776939
537 7114.15542359
538 7114.6983015
539 7115.21757603
540 7115.76045394
541 7116.44495218
542 7117.10584703
543 7118.00277576
544 7118.687274
545 7119.67861628
546 7120.7643721
547 7122.06255842
548 7123.40795151
549 7124.5645175
550 7125.76829027
551 7127.30251046
552 7128.45907645
553 7129.94608986
554 7131.71634393
555 7133.79344203
556 7135.49288594
557 7137.07431291
558 7138.65573987
559 7140.00113296
560 7141.48814638
561 7142.80993608
562 7144.1081224
563 7145.45351549
564 7146.77530519
565 7147.95547457
566 7148.78159313
567 7149.58410831
568 7150.05617606
569 7150.90589801
570 7151.54318948
571 7152.15687756
572 7152.60534192
573 7152.98299612
574 7153.33704693
575 7153.57308081
576 7153.76190791
577 7153.95073501
578 7153.99794178
579 7154.18676889
580 7154.32838921
581 7154.44640615
582 7154.58802647
583 7154.68244002
584 7154.80045696
585 7154.89487051
586 7154.94207729
587 7155.15450777
588 7155.4849552
589 7156.02783311
590 7156.45269409
591 7156.78314152
592 7156.92476184
593 7157.16079572
594 7157.20800249
595 7157.25520927
596 7157.39682959
597 7157.49124314
598 7157.60926008
599 7157.82169057
600 7157.93970751
601 7158.15213799
602 7158.36456848
603 7158.57699897
604 7158.81303285
605 7159.00185995
606 7159.35591076
607 7159.70996157
608 7160.01680561
609 7160.30004626
610 7160.63049369
611 7161.14976821
612 7161.40940548
613 7161.7398529
614 7162.07030033
615 7162.44795453
616 7162.77840196
617 7163.29767648
618 7163.4629002
619 7163.76974423
620 7164.10019166
621 7164.38343231
622 7164.71387974
623 7165.13874071
624 7165.70522201
625 7166.24809993
626 7167.0506151
627 7167.73511334
628 7168.67924885
629 7169.55257419
630 7170.40229614
631 7171.34643164
632 7172.26696375
633 7173.09308232
634 7174.32045847
635 7175.61864479
636 7176.98764127
637 7178.52186146
638 7180.31571891
639 7181.56669845
640 7183.64379656
641 7185.4612574
642 7187.42033857
643 7190.04031459
644 7192.35344657
645 7195.56350727
646 7199.45806622
647 7206.326652
648 7211.35417355
649 7215.27233589
650 7218.34077627
651 7220.84273535
652 7223.50991814
653 7225.89386029
654 7228.34861259
655 7230.75615812
656 7232.62082574
657 7235.1699916
658 7236.75141856
659 7237.95519133
660 7239.20617087
661 7240.4807538
662 7241.9913706
663 7243.33676369
664 7244.23369242
665 7244.94179405
666 7245.6026889
667 7246.07475665
668 7246.83006505
669 7247.44375313
670 7247.96302765
671 7248.4350954
672 7248.95436993
673 7249.21400719
674 7249.66247156
675 7249.99291898
676 7250.18174608
677 7250.25255625
678 7250.39417657
679 7250.51219351
680 7250.724624
681 7250.84264094
682 7250.96065787
683 7251.05507142
684 7251.14948497
685 7251.31470869
686 7251.40912224
687 7251.4799324
688 7251.57434595
689 7251.71596628
690 7251.83398321
691 7251.8575866
692 7251.88118999
693 7251.97560354
694 7251.99920693
695 7252.0464137
696 7252.07001709
697 7252.16443064
698 7252.30605096
699 7252.51848145
700 7252.56568823
701 7252.63649839
702 7252.77811872
703 7252.89613565
704 7253.03775598
705 7253.13216953
706 7253.39180679
707 7253.65144406
708 7254.02909826
709 7254.43035584
710 7254.83161343
711 7255.30368118
712 7255.89376587
713 7256.55466072
714 7257.23915896
715 7257.82924365
716 7258.63175883
717 7259.57589433
718 7260.2131858
719 7261.22813146
720 7262.479111
721 7263.6120736
722 7264.69782943
723 7266.23204962
724 7267.17618513
725 7268.28554434
726 7269.58373066
727 7271.18876101
728 7272.41613716
729 7273.59630654
730 7274.82368269
731 7275.90943852
732 7276.82997064
733 7277.8449163
734 7279.33192972
735 7280.323272
736 7281.10218379
737 7282.35316333
738 7283.60414287
739 7284.66629531
740 7285.27998338
741 7286.2005155
742 7286.9558239
743 7287.73473569
744 7288.30121699
745 7289.10373217
746 7289.74102363
747 7290.40191848
748 7291.1336235
749 7291.7001048
750 7292.36099965
751 7292.78586063
752 7293.54116903
753 7294.27287404
754 7295.02818244
755 7295.6890773
756 7296.4443857
757 7297.43572798
758 7298.09662283
759 7299.20598204
760 7300.26813448
761 7301.42470047
762 7302.67568001
763 7303.97386633
764 7305.31925942
765 7306.877083
766 7308.765354
767 7310.70083178
768 7312.47108585
769 7314.0761162
770 7315.96438721
771 7318.15950225
772 7320.02416987
773 7322.50252556
774 7325.07529481
775 7327.3648234
776 7329.39471473
777 7331.42460606
778 7333.57251433
779 7335.86204292
780 7338.38760539
781 7340.70073737
782 7342.9194558
783 7345.49222504
784 7347.33328927
785 7348.9855264
786 7350.82659063
787 7352.50243115
788 7354.27268522
789 7355.28763088
790 7356.70383413
791 7357.78958996
792 7358.94615595
793 7360.24434227
794 7361.25928793
795 7362.41585392
796 7363.029542
797 7363.85566056
798 7364.65817574
799 7365.29546721
800 7365.95636206
801 7366.33401626
802 7366.87689417
803 7367.32535854
804 7368.12787371
805 7368.93038889
806 7370.86586667
807 7383.25764514
808 7407.68715126
809 7432.49431158
810 7453.54853329
811 7465.82229482
812 7474.67356515
813 7480.52720526
814 7485.48391665
815 7488.90640785
816 7491.52638387
817 7493.72149891
818 7494.83085812
819 7496.41228509
820 7497.68686802
821 7498.70181368
822 7499.6223458
823 7500.3776542
824 7500.87332534
825 7501.6994439
826 7502.28952859
827 7502.97402683
828 7503.91816233
829 7504.43743686
830 7505.05112494
831 7505.40517575
832 7505.64120963
833 7505.78282995
834 7506.08967399
835 7506.32570787
836 7506.58534513
837 7506.77417223
838 7506.84498239
839 7507.05741288
840 7507.31705014
841 7507.45867047
842 7507.60029079
843 7507.71830773
844 7507.83632467
845 7508.04875516
846 7508.30839242
847 7508.5444263
848 7509.01649405
849 7509.37054486
850 7509.63018212
851 7509.93702616
852 7510.2438702
853 7510.64512779
854 7510.92836844
855 7511.04638538
856 7511.21160909
857 7511.47124635
858 7511.68367684
859 7511.91971072
860 7512.17934798
861 7512.41538186
862 7512.74582928
863 7512.95825977
864 7513.17069026
865 7513.4775343
866 7513.80798172
867 7514.35085964
868 7514.91734094
869 7515.29499514
870 7515.83787305
871 7516.38075097
872 7517.01804243
873 7517.77335083
874 7518.43424568
875 7519.37838119
876 7520.27530991
877 7521.19584203
878 7522.1871843
879 7523.57978417
880 7525.11400436
881 7526.38858729
882 7528.06442781
883 7529.81107849
884 7531.62853933
885 7533.72924082
886 7535.19265085
887 7537.05731847
888 7539.11081318
889 7541.18791129
890 7542.65132132
891 7544.79922959
892 7547.0415514
893 7548.97702918
894 7551.36097133
895 7553.27284572
896 7555.89282174
897 7557.63947242
898 7559.78738068
899 7562.28933977
900 7564.60247175
901 7567.12803422
902 7569.4411662
903 7571.56547108
904 7573.73698273
905 7576.05011471
906 7577.91478233
907 7579.6850364
908 7581.12484304
909 7582.8950971
910 7584.40571391
911 7585.68029684
912 7587.04929331
913 7588.04063559
914 7589.43323546
915 7590.37737096
916 7591.58114373
917 7592.40726229
918 7593.56382828
919 7594.36634346
920 7595.0508417
921 7595.87696026
922 7596.63226866
923 7597.08073303
924 7597.57640417
925 7598.16648885
926 7598.54414306
927 7598.78017693
928 7599.18143452
929 7599.4174684
930 7599.67710566
931 7600.12557002
932 7600.52682761
933 7600.7392581
934 7600.9280852
935 7601.02249875
936 7601.16411907
937 7601.3057394
938 7601.42375634
939 7601.54177328
940 7601.63618683
941 7601.75420376
942 7601.89582409
943 7602.08465119
944 7602.15546135
945 7602.29708168
946 7602.41509861
947 7602.60392572
948 7602.6275291
949 7602.65113249
950 7602.76914943
951 7602.83995959
952 7602.95797653
953 7603.05239008
954 7603.14680363
955 7603.24121718
956 7603.31202734
957 7603.3828375
958 7603.43004428
959 7603.47725106
960 7603.50085444
961 7603.68968154
962 7603.71328493
963 7603.78409509
964 7603.85490526
965 7603.85490526
966 7603.85490526
967 7603.92571542
968 7603.99652558
969 7604.06733574
970 7604.11454252
971 7604.16174929
972 7604.30336962
973 7604.32697301
974 7604.37417978
975 7604.39778317
976 7604.39778317
977 7604.44498994
978 7604.51580011
979 7604.5394035
980 7604.58661027
981 7604.63381705
982 7604.7282306
983 7604.82264415
984 7604.89345431
985 7604.9170577
986 7604.98786786
987 7605.03507463
988 7605.12948818
989 7605.24750512
990 7605.2947119
991 7605.38912545
992 7605.45993561
993 7605.45993561
994 7605.53074577
995 7605.64876271
996 7605.69596949
997 7605.81398642
998 7605.88479659
999 7605.90839997
1000 7605.95560675
1001 7605.97921014
1002 7606.02641691
1003 7606.12083046
1004 7606.16803724
1005 7606.19164062
1006 7606.28605417
1007 7606.35686434
1008 7606.38046772
1009 7606.49848466
1010 7606.64010499
1011 7606.71091515
1012 7606.78172531
1013 7606.87613886
1014 7606.89974225
1015 7606.94694903
1016 7606.9941558
1017 7607.01775919
1018 7607.08856935
1019 7607.20658629
1020 7607.34820661
1021 7607.44262016
1022 7607.51343033
1023 7607.63144727
1024 7607.9382913
1025 7608.1271184
1026 7608.38675567
1027 7608.55197938
1028 7608.74080648
1029 7609.11846068
1030 7609.33089117
1031 7609.63773521
1032 7609.8501657
1033 7610.13340635
1034 7610.65268087
1035 7611.03033507
1036 7611.47879944
1037 7611.90366041
1038 7612.39933155
1039 7612.80058914
1040 7613.34346705
1041 7613.86274158
1042 7614.38201611
1043 7615.11372112
1044 7615.79821936
1045 7616.62433792
1046 7617.54487004
1047 7618.34738522
1048 7618.93746991
1049 7619.7163817
1050 7620.4716901
1051 7621.32141205
1052 7622.05311706
1053 7622.85563224
1054 7623.58733725
1055 7624.20102533
1056 7625.00354051
1057 7625.80605569
1058 7626.7265878
1059 7627.55270636
1060 7628.21360122
1061 7628.92170284
1062 7629.74782141
1063 7630.80997385
1064 7631.68329919
1065 7632.58022791
1066 7633.47715664
1067 7634.32687859
1068 7635.10579038
1069 7635.93190895
1070 7636.5928038
1071 7637.51333591
1072 7638.19783415
1073 7638.90593578
1074 7639.56683063
1075 7640.03889838
1076 7640.72339662
1077 7641.3370847
1078 7641.78554906
1079 7642.44644391
1080 7643.0365286
1081 7643.6030099
1082 7644.09868104
1083 7644.73597251
1084 7645.06641993
1085 7645.53848768
1086 7645.84533172
1087 7646.22298592
1088 7646.50622657
1089 7646.74226045
1090 7647.07270787
1091 7647.33234514
1092 7647.70999934
1093 7647.85161966
1094 7648.13486032
1095 7648.41810097
1096 7648.5361179
1097 7648.79575517
1098 7648.89016872
1099 7649.12620259
1100 7649.31502969
1101 7649.48025341
1102 7649.76349406
1103 7649.92871777
1104 7650.09394148
1105 7650.23556181
1106 7650.51880246
1107 7650.73123295
1108 7650.84924988
1109 7651.06168037
1110 7651.27411086
1111 7651.43933457
1112 7651.65176506
1113 7651.86419555
1114 7652.05302265
1115 7652.35986669
1116 7652.69031411
1117 7652.9027446
1118 7653.11517509
1119 7653.2803988
1120 7653.4692259
1121 7653.54003607
1122 7653.8468801
1123 7654.24813769
1124 7654.41336141
1125 7654.74380883
1126 7654.97984271
1127 7655.28668675
1128 7655.64073756
1129 7656.23082225
1130 7656.49045951
1131 7656.8917171
1132 7657.36378485
1133 7657.81224921
1134 7658.28431697
1135 7658.7799881
1136 7659.25205586
1137 7659.81853716
1138 7660.52663878
1139 7661.11672347
1140 7661.96644542
1141 7662.67454705
1142 7663.1466148
1143 7663.76030288
1144 7664.53921467
1145 7665.31812646
1146 7666.30946873
1147 7667.34801779
1148 7668.17413635
1149 7669.33070234
1150 7670.32204462
1151 7671.33699028
1152 7672.30472917
1153 7673.22526129
1154 7674.02777647
1155 7675.04272213
1156 7676.19928812
1157 7677.14342362
1158 7678.41800655
1159 7679.59817593
1160 7680.66032837
1161 7681.81689436
1162 7683.09147729
1163 7684.2008365
1164 7685.45181604
1165 7686.53757187
1166 7688.02458529
1167 7689.5115987
1168 7690.76257825
1169 7691.8011273
1170 7692.60364247
1171 7693.92543218
1172 7695.08199817
1173 7696.23856416
1174 7697.39513015
1175 7698.33926565
1176 7699.40141809
1177 7700.46357053
1178 7701.62013652
1179 7702.70589235
1180 7703.65002785
1181 7704.52335319
1182 7705.42028192
1183 7706.34081403
1184 7707.04891566
1185 7707.89863761
1186 7708.55953246
1187 7709.36204764
1188 7709.92852894
1189 7710.44780347
1190 7711.08509493
1191 7711.69878301
1192 7712.12364399
1193 7712.6665219
1194 7712.99696932
1195 7713.51624385
1196 7713.94110483
1197 7714.41317258
1198 7714.9324471
1199 7715.45172163
1200 7715.82937583
1201 7716.06540971
1202 7716.41946052
1203 7716.74990795
1204 7717.24557909
1205 7717.55242312
1206 7717.90647394
1207 7718.33133491
1208 7718.56736879
1209 7718.94502299
1210 7719.18105687
1211 7719.44069413
1212 7719.72393478
1213 7719.8655551
1214 7720.0543822
1215 7720.38482963
1216 7720.59726012
1217 7720.78608722
1218 7721.02212109
1219 7721.25815497
1220 7721.42337868
1221 7721.63580917
1222 7721.82463627
1223 7721.94265321
1224 7722.27310064
1225 7722.29670402
1226 7722.39111757
1227 7722.5327379
1228 7722.55634129
1229 7722.721565
1230 7722.88678871
1231 7722.95759887
1232 7723.05201242
1233 7723.19363275
1234 7723.31164969
1235 7723.45327001
1236 7723.59489034
1237 7723.71290728
1238 7723.90173438
1239 7724.09056148
1240 7724.2321818
1241 7724.4210089
1242 7724.53902584
1243 7724.58623262
1244 7724.75145633
1245 7724.94028343
1246 7725.01109359
1247 7725.01109359
1248 7725.05830037
1249 7725.15271392
1250 7725.24712747
1251 7725.48316134
1252 7725.60117828
1253 7725.69559183
1254 7725.79000538
1255 7725.88441893
1256 7725.95522909
1257 7726.07324603
1258 7726.09684942
1259 7726.19126297
1260 7726.28567652
1261 7726.35648668
1262 7726.40369346
1263 7726.49810701
1264 7726.61612395
1265 7726.66333072
1266 7726.66333072
1267 7726.68693411
1268 7726.75774427
1269 7726.8993646
1270 7726.99377815
1271 7727.06458831
1272 7727.18260525
1273 7727.30062219
1274 7727.39503574
1275 7727.44224251
1276 7727.53665606
1277 7727.60746622
1278 7727.67827639
1279 7727.79629332
1280 7727.81989671
1281 7727.91431026
1282 7728.00872381
1283 7728.05593059
1284 7728.07953397
1285 7728.10313736
1286 7728.19755091
1287 7728.26836108
1288 7728.36277463
1289 7728.43358479
1290 7728.57520511
1291 7728.66961866
1292 7728.74042883
1293 7728.83484238
1294 7728.85844576
1295 7728.90565254
1296 7728.95285931
1297 7728.9764627
1298 7729.02366948
1299 7729.09447964
1300 7729.21249658
1301 7729.25970335
1302 7729.33051352
1303 7729.37772029
1304 7729.40132368
1305 7729.47213384
1306 7729.542944
1307 7729.59015078
1308 7729.66096094
1309 7729.68456433
1310 7729.82618465
1311 7729.89699482
1312 7729.94420159
1313 7729.94420159
1314 7730.01501175
1315 7730.06221853
1316 7730.13302869
1317 7730.22744224
1318 7730.25104563
1319 7730.27464902
1320 7730.41626934
1321 7730.41626934
1322 7730.43987273
1323 7730.48707951
1324 7730.53428628
1325 7730.60509644
1326 7730.69950999
1327 7730.77032016
1328 7730.84113032
1329 7730.86473371
1330 7730.88833709
1331 7730.91194048
1332 7730.95914726
1333 7730.98275064
1334 7731.07716419
1335 7731.07716419
1336 7731.12437097
1337 7731.14797436
1338 7731.2659913
1339 7731.28959468
1340 7731.33680146
1341 7731.38400823
1342 7731.40761162
1343 7731.43121501
1344 7731.47842178
1345 7731.47842178
1346 7731.50202517
1347 7731.50202517
1348 7731.57283533
1349 7731.59643872
1350 7731.69085227
1351 7731.71445566
1352 7731.76166243
1353 7731.80886921
1354 7731.85607598
1355 7731.90328276
1356 7731.95048953
1357 7732.0212997
1358 7732.11571325
1359 7732.13931663
1360 7732.13931663
1361 7732.18652341
1362 7732.2101268
1363 7732.23373018
1364 7732.30454035
1365 7732.32814374
1366 7732.42255729
1367 7732.44616067
1368 7732.44616067
1369 7732.46976406
1370 7732.61138439
1371 7732.75300471
1372 7732.87102165
1373 7732.89462504
1374 7733.01264197
1375 7733.08345214
1376 7733.29588263
1377 7733.36669279
1378 7733.64993344
1379 7733.83876054
1380 7734.05119103
1381 7734.24001813
1382 7734.42884523
1383 7734.73568927
1384 7735.08974008
1385 7735.39658412
1386 7736.08108236
1387 7736.48233995
1388 7737.19044157
1389 7737.75692287
1390 7738.70105838
1391 7739.52717694
1392 7740.30608873
1393 7741.43905133
1394 7742.97327152
1395 7744.48388833
1396 7746.06531529
1397 7747.92998291
1398 7749.8418573
1399 7751.89535202
1400 7754.04326029
1401 7756.63963292
1402 7759.82609024
1403 7763.20137466
1404 7765.96297101
1405 7769.71590963
1406 7773.5632618
1407 7777.45782075
1408 7782.93380666
1409 7788.10294854
1410 7795.04234448
1411 7800.91958798
1412 7808.80311942
1413 7816.73385764
1414 7824.42856199
1415 7833.35064248
1416 7842.08389588
1417 7852.16254237
1418 7861.91074143
1419 7875.27025879
1420 7886.71790175
1421 7900.6675038
1422 7913.53135002
1423 7929.58165356
1424 7944.71142498
1425 7959.58155915
1426 7978.53507935
1427 7995.19907097
1428 8013.65692004
1429 8032.75206058
1430 8056.0486041
1431 8076.3475174
1432 8101.06026417
1433 8122.61015701
1434 8150.320534
1435 8174.0419385
1436 8197.40929218
1437 8225.87497758
1438 8252.71202923
1439 8282.59391788
1440 8311.81491168
1441 8345.78018637
1442 8375.11919711
1443 8410.09941747
1444 8440.73661452
1445 8474.13540791
1446 8506.56646242
1447 8537.43969334
1448 8574.11935761
1449 8606.99887648
1450 8643.84376446
1451 8676.98292059
1452 8714.91356439
1453 8747.41542906
1454 8786.21939821
1455 8819.73620854
1456 8851.57717836
1457 8890.23952718
1458 8922.41094442
1459 8958.09926641
1460 8990.57752769
1461 9027.51682922
1462 9059.78266001
1463 9096.27349717
1464 9128.13807038
1465 9163.80278898
1466 9195.45493169
1467 9224.69952888
1468 9259.60893907
1469 9288.85353626
1470 9321.75665852
1471 9349.08938131
1472 9379.44333771
1473 9405.17103015
1474 9432.71618343
1475 9454.71454063
1476 9479.00242643
1477 9502.86545125
1478 9525.24146265
1479 9548.18395536
1480 9568.50647205
1481 9591.54337831
1482 9610.49689851
1483 9631.66913715
1484 9649.7965388
1485 9670.21346904
1486 9686.38178951
1487 9701.5823711
1488 9717.49105432
1489 9730.87417506
1490 9745.48467196
1491 9757.1683488
1492 9769.8905747
1493 9780.37047877
1494 9794.29647743
1495 9805.08322554
1496 9816.67248884
1497 9825.45294901
1498 9833.95016853
1499 9843.91079808
1500 9851.34586516
1501 10000.0
