0 0.0
1 0.0
2 0.0
3 0.0
4 0.0
5 0.0
6 0.0
7 0.0
8 0.0
59 0.0100430848339
60 0.160689357343
61 0.66284359904
62 2.55094354782
63 7.20089182593
64 19.3831537295
65 40.4435026263
66 75.0821022185
67 110.875656567
68 156.411003204
69 203.904751383
70 246.899197558
71 284.420162497
72 311.405931446
73 333.390244147
74 350.353014432
75 363.609886413
76 374.185254743
77 381.918430065
78 388.346004359
79 393.889787187
80 398.620080144
81 403.511062458
82 408.140924566
83 412.379106366
84 416.526900403
85 420.514005082
86 424.521195931
87 428.15679264
88 432.153940404
89 435.628847757
90 438.450954595
91 441.524138554
92 443.92443583
93 446.194173002
94 448.132488375
95 449.669080355
96 451.255887758
97 452.792479738
98 453.987606833
99 455.222906268
100 456.659067399
101 458.004840767
102 459.139709353
103 460.123931667
104 460.967550793
105 461.991945446
106 462.97616776
107 463.639011359
108 464.342027297
109 465.09525866
110 465.818360768
111 466.350644264
112 466.973315524
113 467.555814444
114 468.047925601
115 468.529993673
116 469.263138866
117 470.22727501
118 471.060851051
119 472.004901025
120 472.848520151
121 473.55153609
122 474.515672234
123 475.37937753
124 476.293298249
125 477.387994496
126 478.10105352
127 478.723724779
128 479.346396039
129 479.848550281
130 480.260316759
131 480.662040152
132 481.103935885
133 481.515702363
134 481.977684265
135 482.369364574
136 482.821303392
137 483.494190075
138 483.936085808
139 484.41815388
140 484.890178867
141 485.482720873
142 485.95474586
143 486.567374035
144 486.999226682
145 487.581725603
146 488.34500005
147 488.98775748
148 489.479868636
149 489.961936708
150 490.363660102
151 490.745297326
152 491.237408482
153 491.639131876
154 491.940424421
155 492.352190899
156 492.723785038
157 492.994948328
158 493.326370128
159 493.687921182
160 494.049472236
161 494.601841902
162 495.073866889
163 495.565978046
164 496.098261542
165 496.710889717
166 497.233130128
167 497.865844473
168 498.588946581
169 499.201574756
170 499.804159846
171 500.687951311
172 501.621958201
173 502.385232648
174 502.907473059
175 503.399584216
176 503.771178355
177 504.182944833
178 504.604754396
179 504.926133111
180 505.237468741
181 505.558847456
182 505.840053831
183 506.221691055
184 506.472768175
185 506.733888381
186 507.015094757
187 507.366602726
188 507.667895271
189 507.969187816
190 508.220264937
191 508.541643651
192 508.782677687
193 509.083970232
194 509.355133523
195 509.756856916
196 510.088278716
197 510.419700515
198 510.74107923
199 511.102630284
200 511.474224423
201 511.715258459
202 512.036637173
203 512.307800464
204 512.659308433
205 513.030902572
206 513.332195117
207 513.573229153
208 513.924737122
209 514.276245091
210 514.547408382
211 514.919002521
212 515.330768999
213 515.742535477
214 516.274818973
215 516.776973215
216 517.228912033
217 517.741109359
218 518.353737534
219 519.046710388
220 519.669381647
221 520.282009822
222 520.874551827
223 521.276275221
224 521.64786936
225 522.029506583
226 522.451316146
227 522.692350182
228 522.943427303
229 523.234676763
230 523.656486326
231 523.967821956
232 524.249028332
233 524.590493216
234 524.891785761
235 525.253336815
236 525.544586275
237 525.775577226
238 525.996525093
239 526.368119232
240 526.599110183
241 526.890359643
242 527.121350594
243 527.302126121
244 527.492944733
245 527.67372026
246 527.995098975
247 528.236133011
248 528.406865453
249 528.738287252
250 529.009450543
251 529.260527664
252 529.601992548
253 529.973586687
254 530.656516456
255 531.560394091
256 532.524530235
257 533.890389772
258 535.778489721
259 538.208916251
260 540.769902883
261 543.752699079
262 546.835926123
263 550.270661136
264 553.66522381
265 557.863233271
266 561.749907101
267 566.409898464
268 571.602173324
269 577.045525304
270 583.533358106
271 589.348304225
272 596.840445511
273 603.338321399
274 610.961022788
275 617.318295488
276 624.880738368
277 630.484779705
278 635.235158831
279 640.417390606
280 644.213676673
281 648.371513794
282 651.113275954
283 654.357192355
284 656.918178988
285 659.49925179
286 661.568127266
287 663.928252202
288 665.806309066
289 667.694409015
290 669.692982897
291 671.360134979
292 672.866597704
293 674.202327987
294 675.337196573
295 676.331461972
296 677.36589971
297 678.179389581
298 679.063181047
299 679.746110815
300 680.449126754
301 681.222444286
302 681.764770867
303 682.307097448
304 682.829337859
305 683.39175061
306 683.893904852
307 684.3257575
308 684.757610148
309 685.189462795
310 685.591186189
311 685.862349479
312 686.344417551
313 686.705968605
314 687.057476575
315 687.398941459
316 687.720320174
317 688.051741973
318 688.443422282
319 688.85518876
320 689.076136626
321 689.337256832
322 689.568247783
323 689.869540328
324 690.160789788
325 690.401823824
326 690.6830302
327 690.95419349
328 691.255486035
329 691.55677858
330 691.767683362
331 691.988631228
332 692.259794518
333 692.49078547
334 692.611302488
335 692.892508863
336 693.203844493
337 693.444878529
338 693.736127989
339 694.037420534
340 694.268411485
341 694.479316267
342 694.690221048
343 694.961384339
344 695.242590714
345 695.513754005
346 695.664400277
347 695.885348144
348 696.156511434
349 696.307157707
350 696.518062488
351 696.698838015
352 696.929828966
353 697.090518324
354 697.341595444
355 697.512327887
356 697.693103414
357 697.863835856
358 697.984352874
359 698.185214571
360 698.386076267
361 698.607024134
362 698.757670406
363 698.868144339
364 699.058962951
365 699.269867733
366 699.470729429
367 699.661548041
368 699.802151229
369 699.982926756
370 700.163702283
371 700.30430547
372 700.485080997
373 700.665856524
374 700.816502797
375 700.987235239
376 701.178053851
377 701.338743208
378 701.499432566
379 701.660121923
380 701.881069789
381 702.071888401
382 702.242620843
383 702.44348254
384 702.614214982
385 702.845205933
386 703.126412309
387 703.35740326
388 703.548221872
389 703.759126653
390 703.990117605
391 704.180936216
392 704.361711743
393 704.502314931
394 704.723262797
395 704.883952155
396 705.155115445
397 705.366020227
398 705.607054263
399 705.858131384
400 706.018820741
401 706.189553183
402 706.41050105
403 706.581233492
404 706.792138273
405 706.942784546
406 707.234034006
407 707.394723363
408 707.585541975
409 707.786403672
410 707.957136114
411 708.188127065
412 708.338773338
413 708.459290356
414 708.579807374
415 708.720410561
416 708.891143003
417 709.061875446
418 709.222564803
419 709.4234265
420 709.69458979
421 709.955709996
422 710.096313184
423 710.29717488
424 710.477950407
425 710.708941358
426 710.960018479
427 711.070492412
428 711.261311024
429 711.50234506
430 711.703206757
431 711.873939199
432 712.114973235
433 712.345964186
434 712.556868968
435 712.737644495
436 713.048980125
437 713.269927991
438 713.521005112
439 713.741952978
440 713.942814675
441 714.113547117
442 714.364624238
443 714.625744444
444 714.786433801
445 715.087726346
446 715.328760382
447 715.640096012
448 715.830914624
449 715.951431642
450 716.162336423
451 716.403370459
452 716.533930562
453 716.684576835
454 716.905524701
455 717.166644907
456 717.347420434
457 717.598497555
458 717.739100742
459 717.950005524
460 718.140824136
461 718.321599663
462 718.552590614
463 718.703236886
464 718.904098583
465 719.165218789
466 719.39620974
467 719.657329945
468 719.767803879
469 719.878277812
470 720.079139508
471 720.390475138
472 720.591336835
473 720.852457041
474 721.073404907
475 721.324482028
476 721.51530064
477 721.766377761
478 722.037541051
479 722.218316578
480 722.358919766
481 722.489479869
482 722.750600074
483 722.951461771
484 723.192495807
485 723.353185164
486 723.564089946
487 723.785037812
488 724.056201103
489 724.257062799
490 724.467967581
491 724.678872362
492 724.889777144
493 725.120768095
494 725.341715961
495 725.482319149
496 725.763525525
497 725.974430306
498 726.225507427
499 726.35606753
500 726.516756887
501 726.707575499
502 726.95865262
503 727.209729741
504 727.330246759
505 727.531108455
506 727.691797813
507 727.85248717
508 728.013176527
509 728.203995139
510 728.394813751
511 728.585632363
512 728.756364805
513 728.977312671
514 729.138002029
515 729.38907915
516 729.589940846
517 729.760673288
518 729.941448815
519 730.102138173
520 730.292956785
521 730.564120075
522 730.805154111
523 731.046188147
524 731.247049844
525 731.46799771
526 731.678902492
527 731.839591849
528 732.0705828
529 732.38191843
530 732.703297145
531 733.014632775
532 733.346054574
533 733.777907222
534 734.1896737
535 734.681784857
536 735.163852929
537 735.676050256
538 736.399152364
539 737.20259915
540 737.996002852
541 739.211216117
542 740.285826194
543 741.611513392
544 743.328880899
545 745.267196272
546 747.326028663
547 749.585722751
548 752.116580129
549 755.06924707
550 758.403551235
551 761.7378554
552 765.222805837
553 769.350513704
554 773.869901879
555 778.590151751
556 783.681995762
557 788.542848821
558 793.885769953
559 800.012051702
560 806.218678129
561 812.746683271
562 819.505679364
563 826.555924918
564 833.957678441
565 841.54020749
566 849.303512067
567 856.64500708
568 863.89611433
569 871.137178496
570 879.221861787
571 886.683873819
572 894.818772534
573 902.672464874
574 910.78727742
575 918.791616033
576 927.267979633
577 935.443050687
578 943.618121742
579 952.144700766
580 960.420202669
581 968.695704573
582 976.629741591
583 985.306966888
584 993.030099125
585 1001.66715208
586 1010.19373111
587 1018.25832823
588 1026.58404556
589 1034.99010756
590 1043.64724669
591 1052.33451507
592 1061.49380844
593 1070.41206777
594 1079.84252443
595 1089.11229173
596 1098.71348083
597 1108.35484227
598 1118.10667765
599 1127.78821143
600 1138.48409678
601 1149.83278264
602 1161.83426901
603 1174.57894367
604 1186.87167951
605 1201.41406634
606 1217.22188187
607 1232.87905113
608 1249.69117514
609 1266.8045917
610 1284.83192898
611 1304.84779705
612 1325.65706883
613 1347.10909803
614 1367.92841289
615 1390.0432857
616 1413.7449659
617 1437.76802483
618 1462.8154784
619 1487.39090699
620 1511.93620633
621 1538.35956252
622 1565.70688253
623 1591.31674885
624 1615.66118649
625 1639.38295287
626 1664.16928624
627 1688.72462866
628 1711.90406845
629 1735.12368059
630 1756.06351247
631 1777.32472306
632 1798.30472728
633 1819.29477458
634 1838.74822991
635 1856.97642888
636 1874.87320605
637 1893.88476564
638 1911.64093963
639 1928.69409768
640 1945.11454138
641 1960.38003033
642 1975.73590704
643 1990.72018961
644 2004.73029296
645 2017.89677717
646 2030.22968535
647 2043.56690201
648 2056.04041337
649 2068.43358006
650 2079.76217975
651 2090.94013317
652 2102.52985307
653 2113.67767724
654 2124.75519981
655 2135.13974953
656 2145.38369606
657 2155.27613462
658 2165.31921945
659 2175.27191652
660 2184.32073596
661 2193.54028783
662 2202.60919344
663 2212.0396501
664 2221.56049452
665 2230.54905545
666 2238.82455735
667 2247.98385072
668 2256.50038666
669 2265.32825823
670 2274.54781011
671 2282.78313967
672 2291.3699772
673 2298.83198923
674 2307.42886985
675 2315.45329463
676 2322.97556517
677 2330.9698607
678 2339.00432857
679 2347.49073525
680 2355.30425526
681 2362.7562242
682 2370.40905485
683 2378.54395356
684 2386.50811983
685 2394.36181217
686 2401.75352261
687 2409.09501763
688 2416.08500467
689 2423.51688745
690 2430.92868405
691 2438.64177321
692 2445.76232035
693 2453.05359994
694 2460.5658274
695 2467.80689156
696 2474.99774031
697 2482.15845979
698 2489.33926545
699 2496.42968334
700 2503.52010123
701 2510.61051913
702 2517.7812817
703 2525.05247512
704 2532.31362545
705 2539.19313856
706 2546.28355646
707 2553.50453445
708 2560.22335821
709 2567.14304366
710 2574.25354772
711 2581.30379327
712 2588.25360798
713 2594.67113919
714 2601.65108315
715 2608.93231965
716 2615.93234978
717 2622.89220757
718 2629.72150526
719 2636.18925189
720 2643.04867883
721 2649.53651163
722 2656.13481837
723 2661.98993683
724 2668.71880367
725 2675.39745508
726 2682.0761065
727 2688.46350845
728 2694.94129817
729 2701.86098362
730 2708.91122917
731 2715.76061303
732 2722.20827349
733 2728.45507226
734 2735.00316357
735 2741.6717719
736 2748.60150044
737 2755.05920399
738 2761.16539956
739 2767.64318928
740 2774.60304707
741 2781.35200008
742 2787.68918661
743 2793.87572687
744 2800.27317191
745 2806.74091854
746 2813.46978538
747 2820.2789969
748 2826.80700204
749 2833.3249641
750 2839.78266764
751 2846.21024194
752 2852.99936729
753 2859.53741551
754 2865.75408502
755 2872.38252102
756 2879.11138785
757 2885.96077171
758 2891.77571783
759 2898.26355063
760 2904.66099567
761 2911.52042261
762 2918.0182985
763 2924.23496801
764 2929.8691386
765 2936.10589429
766 2942.42299465
767 2948.98112904
768 2955.82046982
769 2962.1877856
770 2968.0127748
771 2974.09888421
772 2980.43607074
773 2987.23523918
774 2993.73311506
775 2999.95982766
776 3006.31710036
777 3013.0459672
778 3019.25259363
779 3025.75046951
780 3031.77632041
781 3037.6816543
782 3043.91840998
783 3050.3961997
784 3056.61286921
785 3062.51820309
786 3068.96586355
787 3075.32313625
788 3081.82101214
789 3088.04772474
790 3094.52551446
791 3101.81679405
792 3108.28454068
793 3114.92301975
794 3121.63180042
795 3127.76812526
796 3134.34634582
797 3141.10534192
798 3147.62330397
799 3154.60324793
800 3161.32207169
801 3168.0007231
802 3174.69946069
803 3181.65931848
804 3188.35805606
805 3195.17731066
806 3201.25337699
807 3208.09271776
808 3214.56046439
809 3221.21902964
810 3227.95793956
811 3234.08422131
812 3240.82313123
813 3247.69260126
814 3254.20052023
815 3260.45736208
816 3266.89497946
817 3273.30246759
818 3279.86060198
819 3286.64972733
820 3293.00700003
821 3298.63112754
822 3305.4102098
823 3311.65700857
824 3318.02432435
825 3324.74314811
826 3330.75895592
827 3337.03588394
828 3343.7547077
829 3350.12202348
830 3356.62994245
831 3362.79639654
832 3368.96285063
833 3375.61137279
834 3381.9586024
835 3389.0490203
836 3395.59711161
837 3401.8941258
838 3408.79372508
839 3415.67323819
840 3422.20124333
841 3428.87989475
842 3435.24721053
843 3442.19702524
844 3448.70494421
845 3455.44385413
846 3462.06224704
847 3468.5099075
848 3475.11825732
849 3481.58600396
850 3488.54586175
851 3495.42537486
852 3501.85294915
853 3508.79272077
854 3515.55171687
855 3522.4814454
856 3529.43126011
857 3536.07978227
858 3542.71826134
859 3550.06979944
860 3556.81875245
861 3563.92925651
862 3570.34678772
863 3576.88483595
864 3583.68400438
865 3590.69407759
866 3597.6438923
867 3604.10159585
868 3610.71998875
869 3617.47898484
870 3624.58948891
871 3632.12180253
872 3639.17204809
873 3646.0515612
874 3653.26249611
875 3659.760372
876 3667.12195318
877 3674.44336202
878 3681.28270279
879 3688.50368079
880 3695.16224604
881 3702.0718884
882 3709.38325416
883 3716.2426811
884 3723.20253889
885 3730.55407699
886 3738.21695072
887 3745.25715319
888 3751.94584769
889 3759.02622249
890 3766.53844995
891 3774.09084975
892 3781.41225859
893 3788.64327967
894 3796.09524862
895 3803.75812234
896 3811.20004821
897 3819.46550703
898 3827.4296733
899 3834.7812114
900 3842.77550692
901 3850.99075032
902 3858.72392564
903 3866.32654086
904 3874.02958693
905 3881.72258991
906 3889.88761788
907 3897.92208575
908 3905.9665967
909 3913.47882416
910 3921.9250585
911 3930.02982796
912 3938.43588997
913 3945.84768658
914 3953.69133583
915 3961.99696699
916 3970.4632875
917 3978.23663516
918 3986.48200781
919 3994.74746663
920 4002.9827962
921 4011.44911671
922 4019.58401543
923 4027.88964658
924 4036.19527774
925 4044.35026263
926 4052.72619538
927 4060.87113718
928 4069.69900875
929 4077.93433831
930 4086.19979713
931 4094.15392032
932 4102.51980998
933 4110.89574274
934 4119.55288186
935 4127.8082976
936 4135.71220536
937 4143.94753492
938 4152.13264906
939 4159.5243595
940 4167.29770716
941 4176.07536331
942 4184.53164074
943 4192.68662562
944 4201.3136355
945 4210.00090388
946 4218.45718131
947 4226.94358799
948 4235.34965
949 4244.11726306
950 4251.69979211
951 4259.95520784
952 4268.19053741
953 4276.13461751
954 4284.61098111
955 4292.67557823
956 4300.90086471
957 4309.54796075
958 4318.34570307
959 4327.30413474
960 4335.55955047
961 4344.33720662
962 4352.98430266
963 4361.5008386
964 4370.59987346
965 4378.77494451
966 4386.9299294
967 4395.84818873
968 4404.5455002
969 4413.64453506
970 4422.28158801
971 4430.87846863
972 4440.02771891
973 4449.1769692
974 4458.48690884
975 4467.86715007
976 4477.41812375
977 4486.9891836
978 4496.5903727
979 4506.15138946
980 4515.72244931
981 4525.10269054
982 4534.41263018
983 4544.2046379
984 4553.99664561
985 4563.56770546
986 4573.08854988
987 4583.18185014
988 4592.77299615
989 4603.07720119
990 4613.43162166
991 4623.19350012
992 4632.5436121
993 4642.7373432
994 4653.11184984
995 4663.57674423
996 4674.10189714
997 4683.5323538
998 4693.69595565
999 4703.64865272
1000 4713.55113437
1001 4722.86107401
1002 4732.30157375
1003 4742.21409848
1004 4752.32748491
1005 4762.50112985
1006 4772.68481787
1007 4781.7336373
1008 4791.35491257
1009 4801.23730805
1010 4811.86289181
1011 4822.04657983
1012 4831.28621787
1013 4840.77693304
1014 4850.52876842
1015 4859.95922508
1016 4870.16299927
1017 4879.19173253
1018 4888.18029346
1019 4897.24919906
1020 4907.10146529
1021 4916.54196503
1022 4925.9021201
1023 4934.58938848
1024 4943.98971588
1025 4953.55073264
1026 4962.45894889
1027 4971.15626036
1028 4979.57236545
1029 4988.35002159
1030 4997.35866869
1031 5006.52800514
1032 5015.21527352
1033 5023.79206797
1034 5032.89110283
1035 5041.5884143
1036 5050.63723373
1037 5059.02320957
1038 5067.3489269
1039 5076.17679847
1040 5084.88415302
1041 5093.71202459
1042 5102.36916371
1043 5110.02199436
1044 5118.64900423
1045 5126.88433379
1046 5135.27030963
1047 5144.08813811
1048 5152.89592351
1049 5161.59323498
1050 5170.1901156
1051 5179.35945205
1052 5187.98646192
1053 5196.53312712
1054 5204.73832742
1055 5213.63650059
1056 5222.47441524
1057 5231.1114682
1058 5239.36688393
1059 5248.00393689
1060 5256.93223931
1061 5265.4789045
1062 5273.84479417
1063 5282.37137319
1064 5290.23510862
1065 5299.12323869
1066 5307.60964538
1067 5316.14626749
1068 5324.71301885
1069 5333.52080425
1070 5342.38884816
1071 5351.15646122
1072 5360.26553916
1073 5368.69168734
1074 5376.85671531
1075 5384.89118318
1076 5393.18677125
1077 5401.74347953
1078 5410.27005855
1079 5418.46521578
1080 5427.13239799
1081 5435.99039881
1082 5444.43663316
1083 5453.39506483
1084 5461.83125609
1085 5470.20718884
1086 5479.18570668
1087 5487.67211337
1088 5495.83714134
1089 5504.62484057
1090 5512.35801589
1091 5521.19593054
1092 5529.53169095
1093 5538.28926093
1094 5547.14726175
1095 5554.94069558
1096 5563.59783471
1097 5572.4759217
1098 5581.0225869
1099 5590.35261271
1100 5597.7744524
1101 5606.00978196
1102 5614.90795513
1103 5623.45462032
1104 5632.39296582
1105 5641.07019112
1106 5649.53651163
1107 5658.59537416
1108 5667.40315955
1109 5676.34150506
1110 5684.96851493
1111 5693.50513704
1112 5702.6041719
1113 5711.61281899
1114 5721.18387884
1115 5729.47946691
1116 5738.51824326
1117 5747.5670627
1118 5756.69622681
1119 5766.20702815
1120 5775.34623535
1121 5784.22432234
1122 5793.84559761
1123 5803.53717448
1124 5813.03793273
1125 5822.3277862
1126 5831.6678551
1127 5840.99788091
1128 5850.89031947
1129 5860.65219793
1130 5870.68523968
1131 5879.75414528
1132 5889.8072732
1133 5900.25208143
1134 5909.88339979
1135 5919.33394261
1136 5928.50327907
1137 5937.90360647
1138 5948.27811311
1139 5958.70283516
1140 5968.92669552
1141 5978.49775537
1142 5988.47053861
1143 5998.56383887
1144 6008.87808699
1145 6019.05173193
1146 6028.92408432
1147 6039.12785851
1148 6049.5324944
1149 6060.49954304
1150 6070.7234034
1151 6080.77653132
1152 6090.59866829
1153 6101.41507065
1154 6111.70923261
1155 6121.37068022
1156 6131.88579004
1157 6141.63762541
1158 6151.81127035
1159 6161.79409667
1160 6172.369465
1161 6182.3723775
1162 6192.90757349
1163 6202.89039982
1164 6212.8330538
1165 6223.20756043
1166 6233.75279951
1167 6243.80592743
1168 6254.7528899
1169 6265.6797662
1170 6276.58655633
1171 6287.1317954
1172 6296.71289833
1173 6308.03145494
1174 6319.14914985
1175 6330.15637083
1176 6341.5653152
1177 6352.57253618
1178 6363.53958482
1179 6374.79788292
1180 6387.10066184
1181 6399.1121913
1182 6410.32027398
1183 6421.99033855
1184 6433.41936909
1185 6445.4007693
1186 6457.62320354
1187 6469.42382822
1188 6480.66204015
1189 6493.15563769
1190 6505.98065702
1191 6518.40395296
1192 6530.69668879
1193 6543.64222515
1194 6556.96939872
1195 6570.71838186
1196 6584.33680489
1197 6598.99970875
1198 6612.92946742
1199 6627.49194042
1200 6642.58669693
1201 6657.7718412
1202 6673.09758866
1203 6688.96566269
1204 6704.83373673
1205 6720.90267246
1206 6737.46371936
1207 6754.63739442
1208 6771.19844131
1209 6788.10095309
1210 6806.00777335
1211 6823.83424893
1212 6841.79128461
1213 6859.73827721
1214 6877.15298631
1215 6895.702564
1216 6914.73420976
1217 6934.34835444
1218 6952.60668267
1219 6971.588113
1220 6990.95118056
1221 7010.73605769
1222 7030.32007311
1223 7049.39189121
1224 7067.93142582
1225 7086.77225297
1226 7106.72786253
1227 7125.84989605
1228 7145.29330829
1229 7163.62193811
1230 7181.68944773
1231 7200.08837915
1232 7218.5274829
1233 7236.45438933
1234 7253.00539314
1235 7269.63674162
1236 7286.11744383
1237 7302.77892157
1238 7318.68716795
1239 7332.96843458
1240 7347.09905495
1241 7361.5008386
1242 7376.21395788
1243 7389.76207932
1244 7403.37045927
1245 7414.7392313
1246 7426.53985598
1247 7437.11522431
1248 7447.92158359
1249 7457.29178174
1250 7465.84849002
1251 7473.32054514
1252 7480.81268642
1253 7488.16422452
1254 7494.62192807
1255 7500.27618483
1256 7506.44263892
1257 7511.58469836
1258 7516.71671471
1259 7520.87455183
1260 7525.08260437
1261 7529.14001065
1262 7532.39397013
1263 7535.69814504
1264 7538.82154443
1265 7541.71395286
1266 7543.88325918
1267 7546.23334103
1268 7548.30221651
1269 7550.53178134
1270 7552.62074299
1271 7554.43854134
1272 7556.16595193
1273 7557.78288859
1274 7559.28935132
1275 7560.66525394
1276 7561.83025178
1277 7563.06555121
1278 7564.22050597
1279 7565.26498679
1280 7566.44002772
1281 7567.56485322
1282 7568.80015265
1283 7569.71407337
1284 7570.58782176
1285 7571.50174248
1286 7572.59643872
1287 7573.60074721
1288 7574.55484026
1289 7575.37837322
1290 7576.51324181
1291 7577.36690402
1292 7578.20048006
1293 7579.07422844
1294 7579.80737363
1295 7580.73133744
1296 7581.57495656
1297 7582.37840335
1298 7583.09146237
1299 7583.81456448
1300 7584.71844212
1301 7585.47167348
1302 7586.37555111
1303 7587.18904099
1304 7587.96235852
1305 7588.64528829
1306 7589.39851965
1307 7590.01114782
1308 7590.60368983
1309 7591.24644726
1310 7592.06998022
1311 7592.76295307
1312 7593.57644294
1313 7594.52049291
1314 7595.33398279
1315 7596.28807585
1316 7596.8504886
1317 7597.47315986
1318 7598.1058742
1319 7598.77876088
1320 7599.39138906
1321 7600.03414649
1322 7600.63673158
1323 7601.29957518
1324 7601.94233261
1325 7602.57504695
1326 7603.15754587
1327 7603.94090649
1328 7604.63387934
1329 7605.22642135
1330 7605.86917878
1331 7606.57219472
1332 7607.2450814
1333 7607.86775266
1334 7608.42012232
1335 7609.09300901
1336 7609.64537867
1337 7610.157576
1338 7610.69990258
1339 7611.20205682
1340 7611.7443834
1341 7612.33692541
1342 7612.81899348
1343 7613.30106155
1344 7613.87351739
1345 7614.46605939
1346 7615.14898916
1347 7615.78170351
1348 7616.41441785
1349 7616.92661518
1350 7617.55932952
1351 7618.13178536
1352 7618.73437045
1353 7619.25661086
1354 7619.88932521
1355 7620.47182413
1356 7620.98402145
1357 7621.65690814
1358 7622.11889004
1359 7622.68130279
1360 7623.12319852
1361 7623.71574053
1362 7624.30828253
1363 7624.91086762
1364 7625.49336654
1365 7626.06582238
1366 7626.6483213
1367 7627.20069096
1368 7627.83340531
1369 7628.3656888
1370 7628.91805847
1371 7629.59094515
1372 7630.34417652
1373 7630.82624459
1374 7631.44891585
1375 7632.02137168
1376 7632.6038706
1377 7633.18636953
1378 7633.76886845
1379 7634.20072109
1380 7634.9238232
1381 7635.52640829
1382 7636.15912264
1383 7636.76170773
1384 7637.39442207
1385 7637.98696408
1386 7638.52929066
1387 7639.21222043
1388 7639.8248486
1389 7640.44751986
1390 7641.04006187
1391 7641.52212994
1392 7642.0744996
1393 7642.65699852
1394 7643.17923894
1395 7643.75169477
1396 7644.32415061
1397 7644.89660644
1398 7645.47910536
1399 7645.97121652
1400 7646.42315534
1401 7647.05586968
1402 7647.62832552
1403 7648.15056593
1404 7648.61254783
1405 7649.14483133
1406 7649.80767493
1407 7650.41026002
1408 7650.93250043
1409 7651.48487009
1410 7652.13767061
1411 7652.65991102
1412 7653.27253919
1413 7653.82490886
1414 7654.51788171
1415 7654.99994978
1416 7655.55231945
1417 7656.21516305
1418 7656.74744655
1419 7657.3098593
1420 7657.94257364
1421 7658.5652449
1422 7659.14774382
1423 7659.59968264
1424 7660.12192305
1425 7660.73455122
1426 7661.26683472
1427 7661.76898896
1428 7662.30127246
1429 7662.92394372
1430 7663.52652881
1431 7664.14920007
1432 7664.71161282
1433 7665.27402557
1434 7665.93686917
1435 7666.29842022
1436 7666.96126382
1437 7667.67432285
1438 7668.17647709
1439 7668.83932069
1440 7669.30130259
1441 7669.85367225
1442 7670.45625734
1443 7670.96845467
1444 7671.35009189
1445 7671.95267698
1446 7672.4749174
1447 7673.05741632
1448 7673.66000141
1449 7674.16215565
1450 7674.66430989
1451 7675.13633488
1452 7675.60835986
1453 7676.09042794
1454 7676.60262526
1455 7677.05456408
1456 7677.51654598
1457 7677.97852788
1458 7678.42042362
1459 7678.86231935
1460 7679.45486136
1461 7679.886714
1462 7680.44912675
1463 7681.0115395
1464 7681.43334907
1465 7681.83507246
1466 7682.4075283
1467 7682.88959637
1468 7683.29131976
1469 7683.78343092
1470 7684.37597292
1471 7684.87812717
1472 7685.33006598
1473 7685.83222022
1474 7686.23394362
1475 7686.6457101
1476 7687.07756274
1477 7687.48932922
1478 7687.97139729
1479 7688.3630776
1480 7688.77484408
1481 7689.19665364
1482 7689.67872172
1483 7690.09048819
1484 7690.53238393
1485 7691.00440891
1486 7691.44630465
1487 7691.90828655
1488 7692.18949292
1489 7692.62134557
1490 7693.02306897
1491 7693.49509395
1492 7693.88677426
1493 7694.20815298
1494 7694.73039339
1495 7695.06181519
1496 7695.47358167
1497 7695.85521889
1498 7696.3774593
1499 7696.77918269
1500 7697.26125077
1501 10000.0
