0 0.0
1 10.5687687305
2 3834.13568832
3 4149.55684499
4 4312.67933431
5 4482.54479373
6 4627.79761525
7 4770.4680227
8 4870.00255053
9 6404.62602818
10 8862.11184085
11 9677.54893834
12 9725.53082956
13 9752.18389339
14 9768.76235414
15 9779.58617611
16 9788.24204553
17 9795.67047121
18 9800.43677868
19 9804.51763056
20 9809.22017471
21 9812.85468342
22 9816.80800867
23 9819.90052924
24 9824.42772429
25 9829.30561755
26 9834.74143978
27 9840.55984187
28 9847.11152203
29 9852.29229102
30 9857.34553338
31 9863.30740292
32 9868.26500032
33 9873.33418351
34 9877.9410827
35 9882.88273927
36 9886.78824205
37 9892.41535421
38 9898.16999299
39 9904.43473825
40 9908.89816999
41 9913.09060766
42 9917.07581458
43 9919.94516355
44 9922.84639418
45 9925.7954473
46 9931.16750622
47 9936.12510362
48 9940.60447618
49 9942.93183702
50 9945.40266531
51 9948.41548173
52 9951.57176561
53 9954.87151693
54 9957.19887777
55 9959.65376522
56 9961.66230951
57 9963.87808455
58 9965.5199898
59 9967.43288912
60 9969.21826181
61 9970.78046292
62 9972.70930307
63 9974.31932666
64 9975.94529108
65 9977.06114901
66 9978.3204744
67 9979.19721992
68 9980.24931454
69 9981.34923165
70 9982.54479373
71 9983.62877001
72 9984.52145635
73 9985.66919594
74 9986.4502965
75 9987.35892368
76 9988.2356692
77 9988.90518396
78 9989.63846203
79 9990.16450934
80 9990.72243831
81 9991.31224893
82 9991.83829624
83 9992.20493528
84 9992.63533763
85 9993.06573997
86 9993.67149142
87 9994.05407129
88 9994.42071032
89 9994.7554677
90 9995.1539884
91 9995.29745584
92 9995.69597654
93 9995.95102978
94 9996.09449723
95 9996.46113626
96 9996.7161895
97 9997.0031244
98 9997.17847351
99 9997.49729006
100 9997.7523433
101 9997.91175158
102 9998.07115985
103 9998.29433144
104 9998.38997641
105 9998.46968055
106 9998.51750303
107 9998.62908882
108 9998.70879296
109 9998.75661544
110 9998.82037875
111 9999.01166869
112 9999.075432
113 9999.17107696
114 9999.28266276
115 9999.29860358
116 9999.33048524
117 9999.37830772
118 9999.45801186
119 9999.47395269
120 9999.55365683
121 9999.61742014
122 9999.66524262
123 9999.66524262
124 9999.66524262
125 9999.68118345
126 9999.68118345
127 9999.72900593
128 9999.76088759
129 9999.77682841
130 9999.77682841
131 9999.79276924
132 9999.79276924
133 9999.8246509
134 9999.84059172
135 9999.84059172
136 9999.84059172
137 9999.85653255
138 9999.85653255
139 9999.85653255
140 9999.85653255
141 9999.85653255
142 9999.85653255
143 9999.85653255
144 9999.85653255
145 9999.85653255
146 9999.85653255
157 9999.87247338
158 9999.87247338
159 9999.88841421
160 9999.88841421
161 9999.88841421
162 9999.88841421
163 9999.88841421
164 9999.88841421
165 9999.90435503
166 9999.90435503
167 9999.90435503
168 9999.90435503
169 9999.90435503
170 9999.90435503
171 9999.90435503
172 9999.92029586
173 9999.92029586
174 9999.92029586
175 9999.92029586
176 9999.92029586
177 9999.92029586
178 9999.92029586
179 9999.93623669
180 9999.93623669
181 9999.93623669
182 9999.93623669
183 9999.93623669
184 9999.93623669
185 9999.93623669
186 9999.93623669
187 9999.93623669
188 9999.93623669
190 9999.95217752
191 9999.95217752
192 9999.95217752
193 9999.95217752
194 9999.95217752
195 9999.95217752
196 9999.95217752
197 9999.95217752
198 9999.95217752
199 9999.95217752
358 9999.96811834
359 9999.96811834
360 9999.96811834
361 9999.96811834
362 9999.96811834
363 9999.96811834
364 9999.96811834
365 9999.96811834
366 9999.96811834
367 9999.96811834
371 9999.98405917
372 9999.98405917
373 10000.0
374 10000.0
375 10000.0
376 10000.0
377 10000.0
378 10000.0
379 10000.0
380 10000.0
381 10000.0
382 10000.0
1501 10000.0
