0 0.0
1 0.0
2 0.0
3 0.0
4 0.0
5 0.0
6 0.0
7 0.0
8 0.0
589 526.315789474
590 526.315789474
591 1052.63157895
592 1052.63157895
593 1052.63157895
594 1052.63157895
595 1052.63157895
596 1052.63157895
597 1578.94736842
598 2105.26315789
599 3157.89473684
600 3157.89473684
601 3157.89473684
602 3157.89473684
603 3157.89473684
604 3157.89473684
605 3157.89473684
606 3157.89473684
607 3157.89473684
608 3684.21052632
609 3684.21052632
610 3684.21052632
611 4210.52631579
612 4210.52631579
613 4210.52631579
614 4210.52631579
615 4210.52631579
616 4210.52631579
617 4736.84210526
618 4736.84210526
619 4736.84210526
620 4736.84210526
621 5263.15789474
622 5263.15789474
623 5263.15789474
624 5263.15789474
625 5263.15789474
626 5263.15789474
627 5263.15789474
628 5263.15789474
629 5263.15789474
630 5263.15789474
672 5789.47368421
673 5789.47368421
674 5789.47368421
675 5789.47368421
676 5789.47368421
677 5789.47368421
678 5789.47368421
679 5789.47368421
680 5789.47368421
681 5789.47368421
805 6315.78947368
806 6315.78947368
807 6315.78947368
808 6315.78947368
809 6315.78947368
810 6315.78947368
811 6315.78947368
812 6315.78947368
813 6315.78947368
814 6315.78947368
935 6842.10526316
936 6842.10526316
937 6842.10526316
938 6842.10526316
939 6842.10526316
940 6842.10526316
941 6842.10526316
942 6842.10526316
943 6842.10526316
944 6842.10526316
1044 7368.42105263
1045 7368.42105263
1046 7368.42105263
1047 7368.42105263
1048 7368.42105263
1049 7368.42105263
1050 7368.42105263
1051 7368.42105263
1052 7368.42105263
1053 7368.42105263
1064 7894.73684211
1065 7894.73684211
1066 7894.73684211
1067 8421.05263158
1068 8421.05263158
1069 8421.05263158
1070 8421.05263158
1071 8421.05263158
1072 8421.05263158
1073 8421.05263158
1074 8421.05263158
1075 8421.05263158
1076 8421.05263158
1178 8947.36842105
1179 8947.36842105
1180 8947.36842105
1181 8947.36842105
1182 8947.36842105
1183 8947.36842105
1184 8947.36842105
1185 8947.36842105
1186 8947.36842105
1187 8947.36842105
1233 9473.68421053
1234 9473.68421053
1235 9473.68421053
1236 9473.68421053
1237 9473.68421053
1238 9473.68421053
1239 9473.68421053
1240 9473.68421053
1241 9473.68421053
1242 9473.68421053
1501 10000.0
