0
3432
3432
3432
3432
3432
3432
3432
3432
3432
3432
3432
3432
3432
3432
3853
3853
3853
3853
3853
3853
3853
3853
3853
3853
3853
4691
4929
5051
5365
5574
5574
5590
5925
6031
6208
6252
6252
6252
6463
6951
10296
12279
14358
15679
15679
17282
18343
20103
24741
26966
28263
28263
28722
30904
33250
34820
38500
40045
40045
42430
44458
44458
45338
48107
49909
50562
50562
53709
55300
55300
58106
58663
61021
61021
62860
68295
69565
70215
72003
77247
77247
79396
80639
82068
88355
88962
90169
90169
94970
96788
100132
102344
105924
108763
108763
109147
112911
114051
116396
119736
121412
121412
122778
124658
125372
127629
128080
128080
128080
130399
131333
131759
133647
134418
134632
134632
136008
136245
141000
141907
142248
145268
145268
146499
150918
154979
155238
156685
160029
160029
162591
170234
173846
173846
178061
181831
183551
186076
186952
188059
188059
191862
194149
194416
197797
199050
200206
200206
202677
204547
206612
209498
213742
214961
219281
219281
220563
220839
224367
225318
227266
229894
229894
230106
230337
237011
238237
239209
240445
240445
242894
244857
247159
250948
252452
255578
255578
256131
256424
259430
262787
265337
267734
268742
268742
270248
271404
272138
273295
277268
278213
278213
280969
281225
284526
285810
288847
290319
290319
291150
293469
294825
299207
299329
301678
301678
301895
303753
306390
306832
309756
312151
312151
316488
317832
320760
321456
321654
323636
323636
328011
332567
333338
334666
336124
342349
342349
346092
346796
347939
349658
352741
354816
357373
357373
361772
363548
366151
368816
371834
372736
372736
376140
377062
380634
384347
385382
387022
387022
387473
392718
393580
396145
396603
399662
399662
404261
405091
407572
408829
412546
414079
414079
415043
416038
418538
420181
421565
422935
422935
424500
426308
429088
430231
430483
431844
432718
432718
433449
435206
437826
439867
441258
443859
443859
447083
449807
453213
454467
455120
459172
459172
461821
464580
465512
467888
468516
469898
469898
471744
473347
477589
481874
482547
486663
487988
488824
488824
492531
494843
495891
499135
505343
508730
508730
509041
511531
512535
513719
517818
519531
519531
521808
523535
526689
530451
534018
535518
535518
539367
541656
541877
545638
547089
548369
553379
553379
557190
559347
560079
562317
562475
565671
565671
566197
566197
568674
570438
571166
575940
575940
577624
579760
579786
582085
586672
587173
587173
589627
591731
593564
595618
598276
598892
598892
601382
602689
603090
604696
606850
608475
608475
611053
611097
612418
615998
616645
618703
618703
619541
624373
625907
630380
630401
630516
630516
632268
635827
637084
638107
639960
645868
645868
648379
648624
648926
651628
656009
656529
656529
657986
660292
660484
662317
663641
667743
667743
668685
672523
674808
675133
677329
679328
680086
680086
682882
685902
691110
691387
694802
695529
695529
697414
701376
702767
702768
703217
707528
707528
707812
709598
712084
714106
715509
718676
720592
720592
726699
727508
729759
731037
733504
737662
737662
739673
742515
743331
748084
749161
751564
751564
753829
756095
760798
761572
764930
768680
768680
771749
772742
774692
778113
779099
779099
785191
785191
788459
788801
789612
792638
795343
795343
797644
800821
802083
806430
808658
808883
808883
809806
814312
815121
817164
819132
821214
824981
824981
827671
829626
829743
832064
834472
836483
836483
838623
841402
843466
847624
849549
849937
849937
850060
855422
857595
858874
860132
860427
860427
861472
862976
862976
866289
870198
871489
873227
873227
874349
875855
876812
878861
883242
885680
885680
888537
890860
893289
895014
895254
897689
897689
900049
901669
904890
906037
906547
907510
907510
911017
912386
915586
917104
918742
921182
921182
922391
923358
925892
927683
930066
931341
931341
932152
933856
937002
937378
939458
941222
942503
942503
943097
944750
945936
949244
950894
953111
953111
954279
955241
956505
959756
962290
964030
964030
964984
968155
969631
971451
973844
975099
975099
976354
981445
982732
985004
987750
989220
989220
991445
996273
996902
996902
999257
999941
999941
1001716
1003914
1006155
1007651
1010005
1012347
1012347
1014328
1016488
1016525
1016562
1020239
1021129
1021129
1021348
1021709
1025186
1026121
1026121
1026238
1026238
