0 0.0
1 0.0
2 0.0
3 0.0
4 0.0
5 0.0
6 0.0
7 0.0
8 0.0
32 0.0209577700933
33 0.0209577700933
34 0.0209577700933
35 0.0209577700933
36 0.0209577700933
37 0.0209577700933
38 0.0209577700933
39 0.0209577700933
40 0.0419155401865
41 0.0419155401865
42 0.0419155401865
43 0.0419155401865
44 0.0419155401865
45 0.0628733102798
46 0.083831080373
47 0.083831080373
48 0.083831080373
49 0.083831080373
50 0.104788850466
51 0.146704390653
52 0.167662160746
53 0.167662160746
54 0.209577700933
55 0.209577700933
56 0.209577700933
57 0.230535471026
58 0.251493241119
59 0.251493241119
60 0.293408781306
61 0.293408781306
62 0.293408781306
63 0.314366551399
64 0.314366551399
65 0.356282091585
66 0.377239861679
67 0.377239861679
68 0.419155401865
69 0.440113171959
70 0.482028712145
71 0.607775332705
72 0.670648642984
73 0.733521953264
74 0.817353033637
75 0.90118411401
76 1.15267735513
77 1.36225505606
78 1.67662160746
79 2.24248139998
80 3.08079220371
81 3.85622969716
82 5.15561144294
83 7.35617730273
84 10.8142093681
85 16.1584407419
86 24.1643089175
87 35.9216179399
88 52.3944252332
89 73.8551818087
90 100.995494079
91 133.165671173
92 175.123126899
93 224.855915331
94 292.298019491
95 371.099235041
96 464.109818715
97 565.189143875
98 672.744419994
99 799.056900346
100 936.560829928
101 1084.3759824
102 1238.66708582
103 1392.09892067
104 1557.07848685
105 1731.74054281
106 1905.64811904
107 2076.34915645
108 2230.05344231
109 2389.77260819
110 2543.22540082
111 2685.73823745
112 2821.85895421
113 2938.00691606
114 3048.09808236
115 3149.99476056
116 3240.09221419
117 3319.4802473
118 3384.11401027
119 3441.45446924
120 3494.85486744
121 3542.09368123
122 3582.12302211
123 3615.6973698
124 3646.44241853
125 3674.44199937
126 3697.99853296
127 3717.17489259
128 3735.1776171
129 3750.70732474
130 3765.48255266
131 3778.49732788
132 3789.9821859
133 3800.14670439
134 3808.42502358
135 3815.94886304
136 3822.48768731
137 3829.04746935
138 3835.37671592
139 3840.32274966
140 3844.87058577
141 3848.81064655
142 3852.58304516
143 3856.062035
144 3858.99612281
145 3861.67871738
146 3864.46610081
147 3866.98103322
148 3869.39117678
149 3871.19354501
150 3873.24740648
151 3875.38509903
152 3877.45991826
153 3878.94791994
154 3880.45687939
155 3882.61552971
156 3884.41789794
157 3885.80111076
158 3887.43581683
159 3888.83998743
160 3890.18128471
161 3891.69024416
162 3893.17824583
163 3894.41475427
164 3895.63030494
165 3897.01351776
166 3898.48056167
167 3899.61228125
168 3900.84878969
169 3902.25296029
170 3903.61521534
171 3905.06130148
172 3906.50738761
173 3908.10017814
174 3909.6720109
175 3911.05522372
176 3912.52226763
177 3914.07314262
178 3915.87551085
179 3917.48925914
180 3918.80959866
181 3920.50717804
182 3922.24667295
183 3923.77659017
184 3925.49512732
185 3927.04600231
186 3928.8693283
187 3930.62978099
188 3932.70460023
189 3934.63271508
190 3936.77040763
191 3938.6146914
192 3941.17153935
193 3943.60264068
194 3945.90799539
195 3948.17143456
196 3950.58157812
197 3952.84501729
198 3955.42282301
199 3958.29403751
200 3961.01854763
201 3964.30891753
202 3975.37462014
203 4006.97893744
204 4050.44535261
205 4104.51639946
206 4149.70135178
207 4188.45226868
208 4210.5836739
209 4225.92476161
210 4236.44556219
211 4244.80771246
212 4252.72974955
213 4260.06496909
214 4266.18463795
215 4272.47196898
216 4278.00482029
217 4284.0197003
218 4290.64235565
219 4296.92968668
220 4304.05532851
221 4310.02829299
222 4315.87551085
223 4321.0939956
224 4326.12386042
225 4331.44713402
226 4336.49795662
227 4341.15058158
228 4345.69841769
229 4349.97380279
230 4354.3120612
231 4358.98564393
232 4363.40773342
233 4367.34779419
234 4371.32977051
235 4375.85664885
236 4379.73383632
237 4384.32358797
238 4388.03311328
239 4391.74263858
240 4395.89227706
241 4399.74850676
242 4403.75144085
243 4407.3561773
244 4411.02378707
245 4414.88001677
246 4418.52666876
247 4422.15236299
248 4425.48464843
249 4428.67022949
250 4432.50550141
251 4436.06832233
252 4439.37965001
253 4442.31373782
254 4445.16399455
255 4447.53222257
256 4449.7537462
257 4452.56208739
258 4455.39138636
259 4457.94823431
260 4460.63082888
261 4462.97809913
262 4465.59782039
263 4467.86125956
264 4470.20852981
265 4472.47196898
266 4474.77732369
267 4476.97788955
268 4479.3251598
269 4481.39997904
270 4483.47479828
271 4485.73823745
272 4488.12742324
273 4490.43277795
274 4492.38185057
275 4494.49858535
276 4496.65723567
277 4498.92067484
278 4501.14219847
279 4503.61521534
280 4505.64811904
281 4507.82772713
282 4510.04925076
283 4511.87257676
284 4513.71686053
285 4515.24677774
286 4517.32159698
287 4518.8515142
288 4520.57005135
289 4522.18379964
290 4523.88137902
291 4525.62087394
292 4527.36036886
293 4529.18369485
294 4530.62978099
295 4532.22257152
296 4534.27643299
297 4535.95305459
298 4537.94404275
299 4539.62066436
300 4541.19249712
301 4543.03678089
302 4544.75531803
303 4546.47385518
304 4548.23430787
305 4549.86901394
306 4551.98574872
307 4553.5366237
308 4555.59048517
309 4557.3928534
310 4558.94372839
311 4560.49460337
312 4562.21314052
313 4563.95263544
314 4565.92266583
315 4567.11725872
316 4568.71004925
317 4570.34475532
318 4572.2519124
319 4573.78182961
320 4575.60515561
321 4577.91051032
322 4579.69192078
323 4581.55716232
324 4583.59006602
325 4585.66488526
326 4587.36246463
327 4589.37441056
328 4591.47018757
329 4593.67075343
330 4595.61982605
331 4597.73656083
332 4599.89521115
333 4602.15865032
334 4604.2753851
335 4606.66457089
336 4608.71843236
337 4610.98187153
338 4613.72733941
339 4615.88598973
340 4618.33804883
341 4621.31405218
342 4623.76611129
343 4626.74211464
344 4629.42470921
345 4632.7989102
346 4635.73299801
347 4639.02336791
348 4641.95745573
349 4645.81368542
350 4649.3345908
351 4652.81358064
352 4657.42429006
353 4661.65775961
354 4666.4361312
355 4671.17258724
356 4676.22340983
357 4681.46285235
358 4687.43581683
359 4692.50759719
360 4697.91470188
361 4704.72597716
362 4711.07618149
363 4718.89342974
364 4726.06098711
365 4734.9680394
366 4743.5188096
367 4753.83003248
368 4762.54846484
369 4774.51535157
370 4784.44933459
371 4796.22760138
372 4810.91899822
373 4824.01760453
374 4840.49041182
375 4853.96625799
376 4869.78937441
377 4884.04065807
378 4902.9445667
379 4919.50120507
380 4938.69852248
381 4956.17730273
382 4974.68301373
383 4997.50602536
384 5017.39494918
385 5043.15204862
386 5064.63376297
387 5092.67525935
388 5117.13297705
389 5147.87802578
390 5172.90160327
391 5201.84428377
392 5232.0234727
393 5261.40626637
394 5296.48957351
395 5329.35135702
396 5367.59928744
397 5401.06884627
398 5441.51734255
399 5475.76233889
400 5517.19585036
401 5554.18631458
402 5590.67379231
403 5634.53840511
404 5672.63963114
405 5719.62695169
406 5761.41674526
407 5810.52080059
408 5853.63093367
409 5904.01341297
410 5947.89898355
411 5999.62276014
412 6046.14900975
413 6091.79503301
414 6146.8091795
415 6193.4821335
416 6248.03520905
417 6296.4267002
418 6354.77313214
419 6406.0987111
420 6466.31038458
421 6517.40542806
422 6572.62915226
423 6628.43969402
424 6679.38803311
425 6740.27035523
426 6792.93723148
427 6853.56806036
428 6907.30378288
429 6970.57529079
430 7024.24814
431 7084.14544692
432 7138.27936708
433 7192.28754061
434 7253.08603165
435 7304.57927277
436 7365.56638374
437 7418.10751336
438 7480.7293304
439 7533.22854448
440 7593.46117573
441 7643.82269727
442 7704.45352614
443 7754.81504768
444 7805.02986482
445 7864.59184743
446 7913.3815362
447 7972.02137693
448 8017.83506235
449 8071.44503825
450 8118.09703448
451 8170.44954417
452 8213.14052185
453 8259.77156031
454 8306.42355653
455 8348.36005449
456 8395.89227706
457 8435.77491355
458 8481.37902127
459 8519.60599392
460 8560.45268783
461 8595.11683957
462 8636.80184428
463 8672.95399769
464 8706.92654302
465 8747.0187572
466 8778.64403227
467 8815.23629886
468 8846.29571414
469 8881.48381012
470 8910.61511055
471 8944.1475427
472 8970.15613539
473 8999.45509798
474 9025.21219742
475 9048.47532223
476 9076.16053652
477 9098.41768836
478 9123.35743477
479 9144.52478256
480 9167.68311852
481 9187.53012679
482 9209.70344755
483 9227.41276328
484 9245.31069894
485 9262.7894792
486 9277.69045374
487 9294.56145866
488 9308.95944671
489 9324.06999895
490 9336.05784345
491 9349.86901394
492 9361.56344965
493 9373.88661846
494 9384.57508121
495 9394.17373991
496 9404.73645604
497 9414.06266373
498 9424.39484439
499 9432.63124804
500 9441.07722938
501 9447.49030703
502 9455.78958399
503 9461.80446401
504 9469.16064131
505 9475.74138112
506 9481.50476789
507 9487.93880331
508 9492.80100597
509 9498.18715289
510 9503.13318663
511 9507.91155821
512 9512.41747878
513 9517.25872367
514 9521.38740438
515 9526.08194488
516 9530.18966782
517 9534.17164414
518 9538.00691606
519 9541.19249712
520 9545.21638898
521 9548.38101226
522 9551.2941423
523 9553.327046
524 9555.94676726
525 9558.14733312
526 9560.32694121
527 9562.35984491
528 9564.28795976
529 9566.17415907
530 9567.74599183
531 9569.75793776
532 9571.24593943
533 9572.65011003
534 9573.99140731
535 9575.43749345
536 9576.98836844
537 9578.2039191
538 9579.35659646
539 9580.48831604
540 9581.74578225
541 9582.60505082
542 9583.82060149
543 9584.53316567
544 9585.4972231
545 9586.44032275
546 9587.44629571
547 9588.30556429
548 9588.97621293
549 9589.77260819
550 9590.44325684
551 9591.26060987
552 9591.82646966
553 9592.51807608
554 9593.0629781
555 9593.81745782
556 9594.23661322
557 9594.78151525
558 9595.3054595
559 9595.78748821
560 9596.26951692
561 9596.87729226
562 9597.27548989
563 9597.88326522
564 9598.30242062
565 9598.67966048
566 9599.3712669
567 9599.93712669
568 9600.33532432
569 9600.81735303
570 9601.27842398
571 9601.823326
572 9602.11673478
573 9602.53589018
574 9602.89217227
575 9603.14366551
576 9603.58377869
577 9604.0658074
578 9604.35921618
579 9604.6945405
580 9605.17656921
581 9605.57476684
582 9606.03583779
583 9606.41307765
584 9606.7274442
585 9606.95797967
586 9607.33521953
587 9607.64958608
588 9607.96395264
589 9608.36215027
590 9608.63460128
591 9609.13758776
592 9609.51482762
593 9609.82919417
594 9610.22739181
595 9610.62558944
596 9610.98187153
597 9611.46390024
598 9611.98784449
599 9612.38604213
600 9612.84711307
601 9613.16147962
602 9613.55967725
603 9613.74829718
604 9614.10457927
605 9614.52373467
606 9614.98480562
607 9615.25725663
608 9615.73928534
609 9616.28418736
610 9616.93387824
611 9617.47878026
612 9617.9398512
613 9618.63145761
614 9619.07157078
615 9619.61647281
616 9620.07754375
617 9620.49669915
618 9620.83202347
619 9621.16734779
620 9621.60746097
621 9621.98470083
622 9622.46672954
623 9622.71822278
624 9623.0535471
625 9623.36791365
626 9623.66132244
627 9623.99664676
628 9624.22718223
629 9624.47867547
630 9624.89783087
631 9625.21219742
632 9625.46369066
633 9625.7151839
634 9625.84093052
635 9626.13433931
636 9626.38583255
637 9626.57445248
638 9626.95169234
639 9627.18222781
640 9627.41276328
641 9627.62234098
642 9627.87383422
643 9628.06245415
644 9628.37682071
645 9628.54448287
646 9628.83789165
647 9628.96363827
648 9629.1522582
649 9629.31992036
650 9629.46662475
651 9629.67620245
652 9629.80194907
653 9630.01152677
654 9630.26302001
655 9630.53547103
656 9630.7660065
657 9630.89175312
658 9630.99654197
659 9631.26899298
660 9631.52048622
661 9631.73006392
662 9631.85581054
663 9631.98155716
664 9632.14921932
665 9632.31688148
666 9632.67316358
667 9633.05040344
668 9633.51147438
669 9633.90967201
670 9634.39170072
671 9634.81085612
672 9635.37671592
673 9635.96353348
674 9636.34077334
675 9636.78088651
676 9637.09525307
677 9637.43057739
678 9637.76590171
679 9637.97547941
680 9638.14314157
681 9638.26888819
682 9638.47846589
683 9638.66708582
684 9638.89762129
685 9639.04432568
686 9639.33773447
687 9639.46348109
688 9639.58922771
689 9639.75688987
690 9639.92455203
691 9640.05029865
692 9640.1550875
693 9640.40658074
694 9640.59520067
695 9640.82573614
696 9640.95148276
697 9641.30776485
698 9641.37063816
699 9641.53830032
700 9641.62213141
701 9641.74787803
702 9641.9784135
703 9642.12511789
704 9642.35565336
705 9642.46044221
706 9642.62810437
707 9642.73289322
708 9642.90055538
709 9643.04725977
710 9643.2358797
711 9643.40354186
712 9643.52928848
713 9643.71790841
714 9643.92748612
715 9644.11610605
716 9644.26281044
717 9644.38855706
718 9644.47238814
719 9644.57717699
720 9644.70292361
721 9644.82867023
722 9644.91250131
723 9645.03824793
724 9645.0592057
725 9645.2687834
726 9645.41548779
727 9645.49931887
728 9645.58314995
729 9645.75081211
730 9645.85560096
731 9645.96038981
732 9646.04422089
733 9646.19092529
734 9646.37954522
735 9646.52624961
736 9646.61008069
737 9646.79870062
738 9646.90348947
739 9647.11306717
740 9647.15498271
741 9647.21785602
742 9647.3016871
743 9647.42743372
744 9647.5112648
745 9647.61605365
746 9647.67892696
747 9647.74180027
748 9647.84658912
749 9647.90946243
750 9648.01425128
751 9648.16095567
752 9648.22382898
753 9648.28670229
754 9648.39149115
755 9648.49628
756 9648.60106885
757 9648.68489993
758 9648.74777324
759 9648.83160432
760 9648.95735094
761 9649.08309756
762 9649.14597087
763 9649.18788641
764 9649.25075972
765 9649.27171749
766 9649.31363303
767 9649.35554857
768 9649.41842188
769 9649.46033742
770 9649.56512627
771 9649.62799958
772 9649.71183066
773 9649.7537462
774 9649.7537462
775 9649.81661951
776 9649.9633239
777 9650.06811275
778 9650.15194383
779 9650.29864822
780 9650.36152153
781 9650.52918369
782 9650.61301478
783 9650.71780363
784 9650.82259248
785 9650.86450802
786 9650.99025464
787 9651.05312795
788 9651.1579168
789 9651.22079011
790 9651.40941004
791 9651.47228335
792 9651.5770722
793 9651.66090328
794 9651.80760767
795 9651.91239652
796 9652.03814314
797 9652.18484753
798 9652.35250969
799 9652.415383
800 9652.47825631
801 9652.54112962
802 9652.64591847
803 9652.68783401
804 9652.79262286
805 9652.9812428
806 9653.04411611
807 9653.08603165
808 9653.1908205
809 9653.29560935
810 9653.42135597
811 9653.52614482
812 9653.54710259
813 9653.71476475
814 9653.73572252
815 9653.79859583
816 9653.86146914
817 9653.98721576
818 9654.05008907
819 9654.11296238
820 9654.238709
821 9654.30158231
822 9654.32254008
823 9654.4482867
824 9654.49020224
825 9654.53211778
826 9654.55307555
827 9654.59499109
828 9654.69977994
829 9654.84648433
830 9655.28659751
831 9657.1099235
832 9665.451116
833 9678.6964267
834 9702.29487583
835 9724.92926753
836 9749.70135178
837 9780.73980928
838 9805.99392225
839 9832.21209263
840 9851.68186105
841 9871.1306717
842 9886.15739285
843 9899.21408362
844 9907.8486849
845 9915.95934193
846 9921.53410877
847 9926.4172692
848 9931.97107828
849 9935.8063502
850 9939.34821335
851 9941.86314576
852 9944.83914911
853 9946.97684166
854 9949.53368962
855 9951.39893115
856 9953.05459499
857 9954.54259667
858 9956.19826051
859 9957.47668448
860 9958.5874463
861 9959.57246149
862 9960.62034999
863 9961.47961857
864 9961.94068951
865 9962.54846484
866 9963.09336687
867 9963.61731112
868 9964.07838206
869 9964.39274861
870 9964.79094624
871 9965.00052394
872 9965.29393273
873 9965.62925705
874 9965.92266583
875 9966.362779
876 9966.84480771
877 9967.18013203
878 9967.5573719
879 9967.89269622
880 9968.26993608
881 9968.64717594
882 9968.96154249
883 9969.2339935
884 9969.46452897
885 9969.73697999
886 9970.009431
887 9970.30283978
888 9970.49145971
889 9970.76391072
890 9971.0573195
891 9971.24593943
892 9971.53934821
893 9971.83275699
894 9972.14712355
895 9972.44053233
896 9972.71298334
897 9972.94351881
898 9973.19501205
899 9973.44650529
900 9973.61416745
901 9973.90757623
902 9974.09619616
903 9974.36864718
904 9974.53630934
905 9974.7039715
906 9974.85067589
907 9974.93450697
908 9975.08121136
909 9975.20695798
910 9975.35366237
911 9975.45845122
912 9975.62611338
913 9975.73090223
914 9975.94047993
915 9976.00335324
916 9976.1710154
917 9976.19197317
918 9976.23388871
919 9976.29676202
920 9976.40155087
921 9976.48538196
922 9976.54825527
923 9976.69495966
924 9976.7368752
925 9976.7368752
926 9976.77879074
927 9976.92549513
928 9976.96741067
929 9977.03028398
930 9977.07219952
931 9977.09315729
932 9977.13507283
933 9977.17698837
934 9977.26081945
935 9977.3656083
936 9977.3656083
937 9977.44943938
938 9977.47039715
939 9977.51231269
940 9977.51231269
941 9977.61710154
942 9977.70093262
943 9977.76380593
944 9977.7847637
945 9977.86859478
946 9977.91051032
947 9977.97338363
948 9978.01529917
949 9978.05721471
950 9978.12008802
951 9978.14104579
952 9978.18296133
953 9978.18296133
954 9978.22487687
955 9978.26679241
956 9978.30870795
957 9978.37158126
958 9978.37158126
959 9978.39253903
960 9978.45541234
961 9978.56020119
962 9978.64403227
963 9978.74882113
964 9978.79073667
965 9978.81169444
966 9978.89552552
967 9979.02127214
968 9979.10510322
969 9979.10510322
970 9979.1889343
971 9979.25180761
972 9979.33563869
973 9979.35659646
974 9979.41946977
975 9979.44042754
976 9979.48234308
977 9979.54521639
978 9979.56617416
979 9979.67096301
980 9979.73383632
981 9979.77575186
982 9979.79670963
983 9979.83862517
984 9979.90149848
985 9979.92245625
986 9979.98532956
987 9980.0272451
988 9980.11107618
989 9980.15299172
990 9980.15299172
991 9980.2368228
992 9980.29969611
993 9980.34161165
994 9980.42544273
995 9980.48831604
996 9980.57214712
997 9980.61406266
998 9980.71885151
999 9980.73980928
1000 9980.78172482
1001 9980.8655559
1002 9980.92842922
1003 9980.97034476
1004 9981.03321807
1005 9981.05417584
1006 9981.07513361
1007 9981.11704915
1008 9981.13800692
1009 9981.20088023
1010 9981.221838
1011 9981.24279577
1012 9981.28471131
1013 9981.30566908
1014 9981.30566908
1015 9981.34758462
1016 9981.38950016
1017 9981.4314157
1018 9981.47333124
1019 9981.49428901
1020 9981.49428901
1021 9981.55716232
1022 9981.55716232
1023 9981.62003563
1024 9981.70386671
1025 9981.72482448
1026 9981.78769779
1027 9981.87152887
1028 9981.91344441
1029 9981.95535995
1030 9981.97631772
1031 9982.01823326
1032 9982.10206434
1033 9982.12302211
1034 9982.22781096
1035 9982.24876873
1036 9982.31164204
1037 9982.33259981
1038 9982.33259981
1039 9982.35355758
1040 9982.39547312
1041 9982.41643089
1042 9982.45834643
1043 9982.52121974
1044 9982.56313528
1045 9982.60505082
1046 9982.64696636
1047 9982.66792413
1048 9982.6888819
1049 9982.70983967
1050 9982.73079744
1051 9982.79367075
1052 9982.81462852
1053 9982.87750183
1054 9982.91941737
1055 9982.91941737
1056 9983.00324845
1057 9983.02420622
1058 9983.06612176
1059 9983.12899507
1060 9983.14995285
1061 9983.17091062
1062 9983.19186839
1063 9983.21282616
1064 9983.2547417
1065 9983.31761501
1066 9983.31761501
1067 9983.33857278
1068 9983.38048832
1069 9983.38048832
1070 9983.40144609
1071 9983.40144609
1072 9983.40144609
1073 9983.44336163
1074 9983.4643194
1075 9983.59006602
1076 9983.61102379
1077 9983.65293933
1078 9983.71581264
1079 9983.75772818
1080 9983.77868595
1081 9983.79964372
1082 9983.86251703
1083 9983.86251703
1084 9984.00922142
1085 9984.0930525
1086 9984.0930525
1087 9984.0930525
1088 9984.0930525
1089 9984.11401027
1090 9984.17688358
1091 9984.21879912
1092 9984.21879912
1093 9984.28167243
1094 9984.32358797
1095 9984.40741905
1096 9984.42837682
1097 9984.44933459
1098 9984.49125013
1099 9984.55412344
1100 9984.57508121
1101 9984.61699675
1102 9984.63795452
1103 9984.65891229
1104 9984.67987006
1105 9984.74274337
1106 9984.76370114
1107 9984.78465891
1108 9984.78465891
1109 9984.84753222
1110 9984.91040553
1111 9984.9313633
1112 9984.95232107
1113 9984.99423661
1114 9985.05710992
1115 9985.05710992
1116 9985.11998323
1117 9985.22477208
1118 9985.26668762
1119 9985.28764539
1120 9985.30860316
1121 9985.30860316
1122 9985.37147647
1123 9985.4972231
1124 9985.56009641
1125 9985.56009641
1126 9985.60201195
1127 9985.64392749
1128 9985.66488526
1129 9985.68584303
1130 9985.68584303
1131 9985.76967411
1132 9985.85350519
1133 9985.93733627
1134 9985.97925181
1135 9986.06308289
1136 9986.1259562
1137 9986.14691397
1138 9986.23074505
1139 9986.29361836
1140 9986.39840721
1141 9986.41936498
1142 9986.56606937
1143 9986.64990045
1144 9986.73373153
1145 9986.73373153
1146 9986.81756261
1147 9986.90139369
1148 9986.964267
1149 9986.98522477
1150 9987.06905585
1151 9987.11097139
1152 9987.19480247
1153 9987.32054909
1154 9987.36246463
1155 9987.42533794
1156 9987.48821125
1157 9987.55108456
1158 9987.5930001
1159 9987.67683119
1160 9987.69778896
1161 9987.7397045
1162 9987.88640889
1163 9987.9492822
1164 9988.01215551
1165 9988.07502882
1166 9988.13790213
1167 9988.1588599
1168 9988.20077544
1169 9988.28460652
1170 9988.3684376
1171 9988.38939537
1172 9988.51514199
1173 9988.55705753
1174 9988.59897307
1175 9988.66184638
1176 9988.72471969
1177 9988.76663523
1178 9988.82950854
1179 9988.85046631
1180 9988.93429739
1181 9989.08100178
1182 9989.14387509
1183 9989.14387509
1184 9989.22770617
1185 9989.26962171
1186 9989.31153725
1187 9989.37441056
1188 9989.50015718
1189 9989.58398826
1190 9989.58398826
1191 9989.66781934
1192 9989.68877711
1193 9989.77260819
1194 9989.85643927
1195 9989.89835482
1196 9989.96122813
1197 9990.06601698
1198 9990.12889029
1199 9990.21272137
1200 9990.25463691
1201 9990.33846799
1202 9990.44325684
1203 9990.50613015
1204 9990.56900346
1205 9990.58996123
1206 9990.69475008
1207 9990.77858116
1208 9990.86241224
1209 9991.0300744
1210 9991.15582102
1211 9991.28156764
1212 9991.34444095
1213 9991.47018757
1214 9991.61689196
1215 9991.67976527
1216 9991.76359635
1217 9991.84742743
1218 9991.93125851
1219 9991.95221628
1220 9992.0779629
1221 9992.18275176
1222 9992.24562507
1223 9992.30849838
1224 9992.37137169
1225 9992.45520277
1226 9992.53903385
1227 9992.60190716
1228 9992.72765378
1229 9992.83244263
1230 9992.95818925
1231 9992.97914702
1232 9993.08393587
1233 9993.18872472
1234 9993.25159803
1235 9993.31447134
1236 9993.31447134
1237 9993.39830242
1238 9993.50309127
1239 9993.54500681
1240 9993.75458451
1241 9993.79650005
1242 9993.9012889
1243 9994.00607775
1244 9994.13182437
1245 9994.17373991
1246 9994.29948653
1247 9994.36235984
1248 9994.38331762
1249 9994.42523316
1250 9994.44619093
1251 9994.53002201
1252 9994.59289532
1253 9994.69768417
1254 9994.76055748
1255 9994.84438856
1256 9994.90726187
1257 9995.01205072
1258 9995.15875511
1259 9995.20067065
1260 9995.26354396
1261 9995.26354396
1262 9995.36833281
1263 9995.45216389
1264 9995.55695274
1265 9995.59886828
1266 9995.74557267
1267 9995.78748821
1268 9995.80844598
1269 9995.85036152
1270 9995.91323483
1271 9995.97610814
1272 9996.03898145
1273 9996.20664361
1274 9996.24855915
1275 9996.33239023
1276 9996.33239023
1277 9996.39526354
1278 9996.45813685
1279 9996.50005239
1280 9996.58388347
1281 9996.64675679
1282 9996.68867233
1283 9996.7096301
1284 9996.7096301
1285 9996.7096301
1286 9996.79346118
1287 9996.81441895
1288 9996.81441895
1289 9996.87729226
1290 9996.9192078
1291 9997.00303888
1292 9997.08686996
1293 9997.1287855
1294 9997.19165881
1295 9997.21261658
1296 9997.27548989
1297 9997.35932097
1298 9997.35932097
1299 9997.42219428
1300 9997.48506759
1301 9997.52698313
1302 9997.56889867
1303 9997.63177198
1304 9997.73656083
1305 9997.77847637
1306 9997.79943414
1307 9997.82039191
1308 9997.86230745
1309 9997.90422299
1310 9997.92518076
1311 9997.94613853
1312 9997.9670963
1313 9997.98805407
1314 9998.02996961
1315 9998.05092738
1316 9998.11380069
1317 9998.15571623
1318 9998.15571623
1319 9998.19763177
1320 9998.19763177
1321 9998.23954731
1322 9998.26050508
1323 9998.26050508
1324 9998.28146285
1325 9998.32337839
1326 9998.36529393
1327 9998.36529393
1328 9998.3862517
1329 9998.42816724
1330 9998.49104055
1331 9998.49104055
1332 9998.53295609
1333 9998.55391386
1334 9998.57487163
1335 9998.5958294
1336 9998.5958294
1337 9998.5958294
1338 9998.61678717
1339 9998.63774494
1340 9998.65870271
1341 9998.65870271
1342 9998.67966048
1343 9998.70061825
1344 9998.72157602
1345 9998.72157602
1346 9998.76349156
1347 9998.76349156
1348 9998.78444933
1349 9998.84732264
1350 9998.86828042
1351 9998.86828042
1352 9998.93115373
1353 9998.93115373
1354 9998.97306927
1355 9998.97306927
1356 9998.99402704
1357 9999.01498481
1358 9999.01498481
1359 9999.01498481
1360 9999.01498481
1361 9999.01498481
1362 9999.05690035
1363 9999.09881589
1364 9999.09881589
1365 9999.09881589
1366 9999.11977366
1367 9999.14073143
1368 9999.18264697
1369 9999.18264697
1370 9999.18264697
1371 9999.18264697
1372 9999.24552028
1373 9999.26647805
1374 9999.26647805
1375 9999.26647805
1376 9999.28743582
1377 9999.28743582
1378 9999.30839359
1379 9999.30839359
1380 9999.32935136
1381 9999.32935136
1382 9999.32935136
1383 9999.32935136
1384 9999.32935136
1385 9999.32935136
1386 9999.32935136
1387 9999.32935136
1388 9999.32935136
1389 9999.32935136
1392 9999.35030913
1393 9999.3712669
1394 9999.3712669
1395 9999.3712669
1396 9999.3712669
1397 9999.3712669
1398 9999.41318244
1399 9999.41318244
1400 9999.45509798
1401 9999.47605575
1402 9999.47605575
1403 9999.49701352
1404 9999.49701352
1405 9999.51797129
1406 9999.51797129
1407 9999.51797129
1408 9999.51797129
1409 9999.51797129
1410 9999.51797129
1411 9999.51797129
1412 9999.51797129
1413 9999.51797129
1414 9999.51797129
1415 9999.53892906
1416 9999.55988683
1417 9999.55988683
1418 9999.55988683
1419 9999.5808446
1420 9999.5808446
1421 9999.5808446
1422 9999.5808446
1423 9999.5808446
1424 9999.60180237
1425 9999.60180237
1426 9999.60180237
1427 9999.60180237
1428 9999.62276014
1429 9999.62276014
1430 9999.62276014
1431 9999.64371791
1432 9999.64371791
1433 9999.64371791
1434 9999.66467568
1435 9999.66467568
1436 9999.66467568
1437 9999.66467568
1438 9999.66467568
1439 9999.68563345
1440 9999.68563345
1441 9999.70659122
1442 9999.70659122
1443 9999.70659122
1444 9999.70659122
1445 9999.70659122
1446 9999.70659122
1447 9999.70659122
1448 9999.70659122
1449 9999.70659122
1450 9999.70659122
1453 9999.72754899
1454 9999.72754899
1455 9999.74850676
1456 9999.74850676
1457 9999.74850676
1458 9999.74850676
1459 9999.74850676
1460 9999.76946453
1461 9999.76946453
1462 9999.7904223
1463 9999.7904223
1464 9999.7904223
1465 9999.7904223
1466 9999.7904223
1467 9999.7904223
1468 9999.81138007
1469 9999.83233784
1470 9999.85329561
1471 9999.85329561
1472 9999.85329561
1473 9999.85329561
1474 9999.85329561
1475 9999.85329561
1476 9999.85329561
1477 9999.85329561
1478 9999.87425338
1479 9999.87425338
1480 9999.89521115
1481 9999.89521115
1482 9999.89521115
1483 9999.89521115
1484 9999.89521115
1485 9999.89521115
1486 9999.89521115
1487 9999.89521115
1488 9999.89521115
1489 9999.89521115
1500 9999.91616892
1501 10000.0
