0
3452
3452
3452
3452
3452
3452
3452
3452
3452
3452
3452
3452
3453
3861
3861
3861
3861
3861
3861
3861
3861
3861
3893
3893
4368
4676
4676
5001
5260
5314
5330
5431
5706
5706
5923
6086
6086
6437
10637
12285
12285
14060
14947
16793
18876
20848
22056
22056
22857
26469
28064
30015
33296
36788
37150
37150
37214
37943
40683
42948
45199
45969
48980
52951
55082
55082
57491
59685
62495
65611
66790
68167
68480
68480
72188
75103
78337
79826
80137
81661
86636
86636
89453
90789
92608
94102
94216
95259
95259
97420
98910
103188
108079
109388
109388
111442
115236
117149
118986
120332
121349
124065
128603
128603
128945
130261
131787
137543
139650
141844
141844
144628
146251
148388
148725
151239
153864
153864
155616
157296
157798
157798
158714
161539
161539
162142
164228
165707
168082
169753
172448
172448
176074
178426
178586
179683
181362
185226
185226
187981
192105
194050
197651
198282
198282
199083
201311
205052
205342
208286
209768
209768
210875
211813
214251
214783
215047
219918
222247
222247
224812
226161
228911
230564
231294
233203
233203
235519
235937
239142
241425
241566
243754
243754
244930
249045
250105
250821
253454
255109
255109
256918
258132
260347
262165
262955
264771
264771
266316
268108
271481
272919
273839
278112
278112
282132
284310
286238
289303
289504
293301
293301
295126
296533
300460
301175
301368
303552
305210
305210
309710
309813
313763
315819
317247
317364
317364
318277
319956
324233
324567
328308
332640
332640
334345
336687
339737
340340
342281
342685
342853
342853
345996
346983
349587
350664
350960
351523
351523
354528
354851
355977
358371
359059
359059
362176
364566
367298
368382
371242
373647
373647
376661
378943
380230
382633
384821
385759
388507
388507
390194
392295
393683
394798
394920
398508
398508
401486
402290
404182
404892
406733
408113
408113
411261
411783
412454
416215
416872
418479
418479
419619
422000
423217
425501
426811
429835
429835
429835
432890
436382
437734
438365
439623
439623
442484
444918
448183
449829
452188
455678
455678
458625
459856
461684
463602
466443
467757
468912
468912
470595
471019
471936
471936
472810
473287
473287
475340
478165
479099
481621
483496
485162
485162
489762
492266
495577
495856
496499
499109
499109
499798
502480
504163
506980
509581
510428
510428
511317
514330
517372
520641
521436
523755
523755
526179
527978
529409
529681
535860
538968
538968
541261
541306
542017
544241
547328
547328
548871
552178
554206
554206
556223
559516
559516
561993
563138
564664
566049
567346
571856
571856
573084
576412
579699
582324
585639
589667
589667
590998
592957
593900
596731
599699
599765
599765
600095
601490
603881
605180
605958
608015
608015
608186
608977
612613
616707
618861
619786
622425
622425
624203
625469
626971
631514
631514
631514
633997
635578
637039
639959
642449
645175
649988
649988
651697
654799
658603
659731
661302
664396
664986
666638
666638
669343
671269
674425
677016
678619
680954
681995
681995
683805
683805
688948
689554
689833
696356
696356
697066
698806
699571
701547
703460
703542
703542
704418
707123
710980
712895
713687
714378
714378
717247
717651
719627
721861
724198
727710
727710
730751
732693
735056
738974
741452
741452
743434
743682
744603
748695
752699
755890
758480
762060
762060
765669
769416
770606
770772
773415
776256
778664
778664
778829
781687
782239
784717
786489
786489
787594
789822
793802
795073
795197
795197
800298
800298
802629
803673
806963
808529
808529
808925
809348
812194
813887
816681
817279
817279
821482
822623
822651
826309
829817
830589
830926
833451
833451
835350
837758
838395
839525
842880
844127
844127
845473
846793
850061
851434
852056
854630
854630
856748
858769
861454
864526
866347
869755
869755
871460
873176
876460
878408
879730
881478
881478
884725
885908
887008
889940
893027
894068
894068
895900
897648
900504
902431
902830
905125
905125
906729
907091
910190
911175
915302
919677
921518
921518
925145
929986
930832
932822
934405
937453
937453
940923
941692
943498
946144
947794
950063
951750
951750
952808
956503
956505
958477
961782
964141
964141
966191
967484
969971
970506
973964
974349
974349
976887
979731
981992
982781
982981
984659
984659
985660
988374
991647
993120
994476
994476
995710
995710
995710
