0 0.0
1 0.0
2 0.0
3 0.0
4 0.0
5 0.0
6 0.0
7 0.0
8 0.0
53 0.0234553480539
54 0.469106961078
55 3.09610594312
56 6.84896163174
57 13.7448339596
58 33.2362281924
59 73.8608910218
60 133.601662515
61 189.331569491
62 278.250793964
63 366.091072425
64 437.62988399
65 489.630390625
66 524.227029005
67 549.769903036
68 567.595967557
69 581.950640566
70 593.772135985
71 601.793865019
72 608.455183866
73 614.647395753
74 620.253223938
75 625.76523073
76 631.183416131
77 636.085583874
78 641.386492534
79 647.625615117
80 654.709130229
81 661.32353838
82 666.999732609
83 672.042632441
84 677.015166228
85 680.205093563
86 683.465386943
87 686.045475229
88 688.226822598
89 690.220527182
90 692.354963855
91 694.442489832
92 696.295462328
93 698.523720393
94 699.696487796
95 702.229665386
96 704.809753672
97 706.850368953
98 708.116957748
99 708.890984233
100 709.430457239
101 709.946474896
102 710.439037205
103 711.306885083
104 711.893268784
105 712.948759447
106 714.496812418
107 715.599213777
108 717.147266748
109 718.343489499
110 719.680444338
111 721.439595442
112 722.940737718
113 724.371513949
114 725.614647396
115 726.294852489
116 726.975057583
117 727.444164544
118 728.194735682
119 728.804574731
120 729.719333305
121 730.704457923
122 731.361207669
123 732.299421591
124 733.964751303
125 735.747357755
126 737.811428384
127 740.133507841
128 742.854328215
129 744.918398844
130 747.26393365
131 748.788531273
132 751.650083736
133 755.33257338
134 758.311402583
135 761.36059783
136 763.471579155
137 764.573980513
138 765.465283739
139 766.403497662
140 767.200979495
141 768.162648766
142 768.866309207
143 769.476148257
144 770.648915659
145 771.915504454
146 772.853718376
147 773.745021602
148 774.988155049
149 776.348565236
150 777.75588612
151 778.553367953
152 780.031054881
153 781.438375764
154 782.775330603
155 784.01846405
156 785.261597497
157 786.293632811
158 787.067659297
159 787.466400214
160 787.865141131
161 788.35770344
162 788.639167617
163 789.108274578
164 789.600836887
165 789.811935019
166 790.257586632
167 790.539050809
168 791.078523814
169 791.664907516
170 792.532755394
171 793.635156752
172 794.432638586
173 795.4646739
174 796.426343171
175 797.083092916
176 798.349681711
177 799.522449114
178 800.155743511
179 801.867983919
180 803.814777807
181 805.222098691
182 807.004705143
183 808.552758114
184 809.608248777
185 810.569918047
186 811.766140798
187 812.985818897
188 814.228952343
189 815.401719746
190 816.691763889
191 818.286727557
192 819.928601921
193 821.218646063
194 822.46177951
195 823.376538084
196 824.643126879
197 826.613376116
198 828.442893264
199 830.342776456
200 831.75009734
201 833.861078665
202 835.807872553
203 836.816452519
204 837.918853878
205 838.833612452
206 839.865647766
207 840.569308208
208 841.179147257
209 841.601343522
210 842.046995135
211 842.398825356
212 842.867932317
213 843.501226715
214 844.04069972
215 844.462895985
216 845.025824338
217 845.377654559
218 845.706029432
219 846.104770349
220 846.550421962
221 846.878796834
222 847.160261011
223 847.582457276
224 848.121930281
225 849.22433164
226 850.608197175
227 853.000642677
228 856.073293272
229 859.896515004
230 865.689985974
231 871.671099727
232 881.686533346
233 894.54006408
234 918.863260012
235 941.192751359
236 965.375215203
237 989.581134394
238 1013.36485732
239 1049.20462915
240 1077.30413612
241 1107.86645463
242 1137.58438061
243 1170.39841254
244 1193.00936807
245 1223.00875823
246 1260.81877929
247 1306.27524382
248 1361.23112431
249 1404.95189308
250 1453.97357051
251 1495.58335796
252 1539.84359974
253 1570.59356104
254 1598.03631826
255 1618.58320316
256 1636.45617837
257 1648.48877192
258 1659.74733899
259 1671.09972745
260 1679.40292066
261 1689.48872032
262 1697.83882423
263 1707.22096345
264 1714.93777296
265 1723.71007313
266 1729.36281201
267 1735.03900624
268 1739.33133494
269 1743.10764597
270 1746.79013562
271 1749.08875973
272 1751.69230336
273 1753.35763307
274 1754.85877535
275 1755.96117671
276 1757.13394411
277 1758.18943477
278 1759.080738
279 1760.04240727
280 1760.81643376
281 1761.84846907
282 1762.6928616
283 1763.70144157
284 1764.61620014
285 1765.6716908
286 1766.39880659
287 1767.36047586
288 1767.89994887
289 1768.76779675
290 1769.56527858
291 1770.24548367
292 1770.87877807
293 1771.65280456
294 1772.40337569
295 1772.9897594
296 1773.76378588
297 1774.56126771
298 1775.42911559
299 1775.99204395
300 1776.5080616
301 1777.16481135
302 1777.79810575
303 1778.4079448
304 1778.85359641
305 1779.29924802
306 1779.60416755
307 1780.30782799
308 1780.61274751
309 1781.10530982
310 1781.41022935
311 1781.73860422
312 1782.13734514
313 1782.6064521
314 1782.98173767
315 1783.33356789
316 1783.7323088
317 1784.08413902
318 1784.48287994
319 1784.85816551
320 1785.20999573
321 1785.44454921
322 1785.67910269
323 1785.84329013
324 1786.26548639
325 1786.50003987
326 1786.82841475
327 1787.06296823
328 1787.18024497
329 1787.3913431
330 1787.48516449
331 1787.76662867
332 1787.90736076
333 1788.07154819
334 1788.25919098
335 1788.63447655
336 1788.91594072
337 1789.26777094
338 1789.45541373
339 1789.80724395
340 1790.08870813
341 1790.39362765
342 1790.79236857
343 1791.33184157
344 1791.70712714
345 1792.12932341
346 1792.59843037
347 1793.04408198
348 1793.53664429
349 1794.0761173
350 1794.54522426
351 1795.03778657
352 1795.36616144
353 1795.92908979
354 1796.44510745
355 1796.89075906
356 1797.14876789
357 1797.66478555
358 1797.89933903
359 1798.20425855
360 1798.55608877
361 1798.93137434
362 1799.14247248
363 1799.54121339
364 1799.89304361
365 1800.26832918
366 1800.52633801
367 1800.94853428
368 1801.2065431
369 1801.39418589
370 1801.79292681
371 1802.02748029
372 1802.23857842
373 1802.44967655
374 1802.89532816
375 1803.0595156
376 1803.22370304
377 1803.59898861
378 1803.81008674
379 1804.232283
380 1804.60756857
381 1804.9124881
382 1805.05322018
383 1805.19395227
384 1805.35813971
385 1805.59269319
386 1805.78033597
387 1805.96797876
388 1806.22598759
389 1806.50745176
390 1806.6716392
391 1807.07038012
392 1807.32838895
393 1807.58639777
394 1807.82095126
395 1807.938228
396 1808.12587078
397 1808.36042426
398 1808.50115635
399 1808.85298657
400 1809.13445075
401 1809.39245957
402 1809.76774514
403 1810.00229862
404 1810.14303071
405 1810.30721815
406 1810.63559302
407 1810.84669115
408 1811.08124463
409 1811.33925346
410 1811.64417299
411 1811.90218182
412 1812.16019065
413 1812.46511017
414 1812.723119
415 1812.91076178
416 1813.09840457
417 1813.262592
418 1813.42677944
419 1813.91934175
420 1814.08352919
421 1814.27117197
422 1814.64645754
423 1814.81064498
424 1815.02174311
425 1815.25629659
426 1815.46739472
427 1815.7019482
428 1815.95995703
429 1816.31178725
430 1816.52288538
431 1816.80434956
432 1816.99199234
433 1817.27345652
434 1817.48455465
435 1817.81292953
436 1818.0943937
437 1818.35240253
438 1818.7276881
439 1818.91533088
440 1819.38443785
441 1819.66590202
442 1819.9942769
443 1820.22883038
444 1820.43992851
445 1820.67448199
446 1820.90903547
447 1821.30777639
448 1821.56578521
449 1821.89416009
450 1822.31635635
451 1822.80891866
452 1823.16074888
453 1823.48912376
454 1823.70022189
455 1823.88786467
456 1824.23969489
457 1824.59152511
458 1825.03717673
459 1825.3655516
460 1825.62356043
461 1825.9050246
462 1826.20994413
463 1826.65559574
464 1827.00742596
465 1827.26543479
466 1827.61726501
467 1827.96909523
468 1828.32092545
469 1828.71966637
470 1829.07149659
471 1829.30605007
472 1829.77515703
473 1830.1973533
474 1830.7368263
475 1830.99483513
476 1831.25284396
477 1831.53430814
478 1831.90959371
479 1832.21451323
480 1832.49597741
481 1832.82435228
482 1833.12927181
483 1833.50455737
484 1833.85638759
485 1834.18476247
486 1834.4427713
487 1834.74769082
488 1835.029155
489 1835.33407452
490 1835.75627079
491 1836.08464566
492 1836.31919914
493 1836.64757401
494 1837.06977028
495 1837.4216005
496 1837.79688607
497 1837.93761816
498 1838.24253768
499 1838.57091255
500 1839.01656417
501 1839.46221578
502 1839.8609567
503 1840.09551018
504 1840.33006366
505 1840.75225992
506 1841.05717945
507 1841.36209897
508 1841.73738454
509 1841.97193802
510 1842.32376824
511 1842.72250916
512 1842.91015194
513 1843.35580356
514 1843.68417843
515 1843.96564261
516 1844.20019609
517 1844.50511561
518 1844.83349048
519 1845.11495466
520 1845.46678488
521 1846.00625789
522 1846.26426672
523 1846.59264159
524 1847.10865925
525 1847.41357877
526 1847.74195364
527 1848.11723921
528 1848.42215874
529 1848.63325687
530 1849.00854244
531 1849.33691731
532 1849.80602427
533 1850.15785449
534 1850.41586332
535 1850.81460424
536 1851.18988981
537 1851.44789864
538 1851.89355025
539 1852.33920186
540 1852.59721069
541 1852.83176417
542 1853.32432648
543 1853.7230674
544 1854.12180831
545 1854.40327249
546 1854.56745993
547 1854.8489241
548 1855.10693293
549 1855.38839711
550 1855.90441477
551 1856.42043242
552 1856.81917334
553 1857.21791426
554 1857.47592309
555 1857.71047657
556 1858.06230679
557 1858.43759236
558 1858.81287792
559 1859.1412528
560 1859.35235093
561 1859.6807258
562 1859.93873463
563 1860.24365416
564 1860.61893972
565 1860.92385925
566 1861.41642156
567 1861.86207317
568 1862.1669927
569 1862.49536757
570 1862.87065314
571 1863.22248336
572 1863.64467962
573 1864.11378658
574 1864.48907215
575 1864.79399168
576 1865.1458219
577 1865.42728608
578 1865.7322056
579 1866.13094652
580 1866.64696417
581 1866.9987944
582 1867.23334788
583 1867.67899949
584 1868.19501715
585 1868.52339202
586 1868.87522224
587 1869.3443292
588 1869.76652547
589 1870.28254312
590 1870.5170966
591 1870.91583752
592 1871.17384635
593 1871.59604261
594 1871.90096214
595 1872.20588166
596 1872.69844397
597 1873.16755093
598 1873.75393463
599 1874.03539881
600 1874.50450577
601 1874.92670204
602 1875.51308574
603 1875.9821927
604 1876.26365688
605 1876.75621919
606 1877.10804941
607 1877.48333498
608 1877.88207589
609 1878.32772751
610 1878.74992377
611 1879.38321817
612 1879.87578048
613 1880.36834279
614 1880.90781579
615 1881.56456554
616 1882.10403854
617 1882.69042224
618 1883.37062734
619 1883.93355569
620 1884.73103752
621 1885.52851936
622 1886.41982258
623 1887.4518579
624 1888.671536
625 1889.63320527
626 1891.18125824
627 1892.33057029
628 1893.80825722
629 1895.37976554
630 1897.0685506
631 1899.01534449
632 1900.93868303
633 1902.86202157
634 1904.76190476
635 1907.15435026
636 1910.13317947
637 1912.83054449
638 1915.92665044
639 1919.58568473
640 1923.33854042
641 1927.13830681
642 1931.24299271
643 1935.44150002
644 1940.03874823
645 1944.14343414
646 1948.9048698
647 1954.3230552
648 1960.25725826
649 1966.82475571
650 1972.47749459
651 1978.78698322
652 1986.19887321
653 1994.03295946
654 2001.51521548
655 2010.17023892
656 2019.17709257
657 2028.20740157
658 2037.58954079
659 2047.13586745
660 2057.38585455
661 2067.84693978
662 2079.01168545
663 2090.34061856
664 2101.57573028
665 2114.28852893
666 2126.83714014
667 2139.78449226
668 2153.90461179
669 2168.77530246
670 2183.08306477
671 2196.49952386
672 2211.32330383
673 2226.7334675
674 2243.59786275
675 2260.11042778
676 2276.45880537
677 2292.64299553
678 2308.35807873
679 2325.26938467
680 2341.68812831
681 2358.29451473
682 2375.18236533
683 2393.99355447
684 2412.05417247
685 2429.27039794
686 2445.80641832
687 2462.20170661
688 2481.45854736
689 2499.63644211
690 2517.53287267
691 2535.54657998
692 2554.24049237
693 2572.77021734
694 2590.94811208
695 2607.95323942
696 2625.80275929
697 2642.92516337
698 2660.46976371
699 2679.63278307
700 2697.15392807
701 2714.93308189
702 2732.07894132
703 2749.92846119
704 2769.0680252
705 2788.67669617
706 2807.41751927
707 2824.91520892
708 2844.21896037
709 2862.51413185
710 2881.1845889
711 2898.04898415
712 2916.03923611
713 2933.84184528
714 2953.23941812
715 2971.5815003
716 2989.54829691
717 3007.79655769
718 3025.24733665
719 3043.35486534
720 3061.76731357
721 3080.53159201
722 3099.76497741
723 3117.91941681
724 3136.37877572
725 3155.56525043
726 3176.62815299
727 3197.43304671
728 3217.25281581
729 3237.8935221
730 3259.70699579
731 3281.75502296
732 3304.06105896
733 3325.63997917
734 3347.45345286
735 3368.75090889
736 3390.3298291
737 3411.90874931
738 3434.00368718
739 3456.16899109
740 3480.42182098
741 3505.07339178
742 3529.09166819
743 3552.35937346
744 3575.93199825
745 3601.38105089
746 3626.68937144
747 3650.94220133
748 3677.04800372
749 3701.13664617
750 3727.00789507
751 3753.25442954
752 3780.04043702
753 3807.17827472
754 3834.78521938
755 3862.15761056
756 3890.93732262
757 3920.16268629
758 3947.41780073
759 3974.71982587
760 4002.67860075
761 4032.41998208
762 4062.72429177
763 4092.11384288
764 4119.06403779
765 4148.64123169
766 4178.59371115
767 4207.65488739
768 4236.03585854
769 4263.85390133
770 4292.42251526
771 4320.82694175
772 4350.02885008
773 4378.48018727
774 4405.52420357
775 4432.40403244
776 4459.35422736
777 4487.54755572
778 4515.08413433
779 4540.67391906
780 4565.60695404
781 4590.98564064
782 4617.06798767
783 4641.57882639
784 4665.31563862
785 4687.76240671
786 4711.07702267
787 4733.26578193
788 4754.7743361
789 4776.72854187
790 4795.61009706
791 4815.21876803
792 4836.07057245
793 4854.17810115
794 4871.41778197
795 4886.26501729
796 4899.86911916
797 4915.16200609
798 4928.78956331
799 4941.24435312
800 4953.67568759
801 4964.79352257
802 4974.99659897
803 4985.71569304
804 4995.49657317
805 5004.15159661
806 5011.35238846
807 5019.39757284
808 5027.11438235
809 5033.1424068
810 5038.84205638
811 5044.44788456
812 5050.28826623
813 5055.84718372
814 5060.44443193
815 5065.37005503
816 5069.12291071
817 5073.29796267
818 5076.98045231
819 5079.81854943
820 5082.91465537
821 5085.518199
822 5088.6377603
823 5091.40549137
824 5093.86830291
825 5095.95582889
826 5097.85571208
827 5099.84941667
828 5102.07767473
829 5104.32938814
830 5106.1119946
831 5107.80077966
832 5109.88830563
833 5111.53018
834 5113.68807202
835 5115.70523195
836 5117.65202584
837 5119.12971277
838 5120.70122109
839 5122.43691684
840 5124.1257019
841 5126.02558509
842 5127.76128085
843 5129.30933382
844 5130.8104761
845 5132.0301542
846 5133.32019834
847 5134.46951039
848 5135.85337593
849 5136.97923263
850 5138.29273213
851 5139.41858883
852 5140.56790089
853 5141.99867712
854 5143.405998
855 5144.74295284
856 5145.70462211
857 5146.97121091
858 5147.81560344
859 5148.65999597
860 5149.87967406
861 5151.12280751
862 5152.08447678
863 5153.18687814
864 5154.2423688
865 5155.13367203
866 5156.21261804
867 5157.22119801
868 5158.55815284
869 5159.42600072
870 5160.52840208
871 5161.86535692
872 5163.03812432
873 5164.25780242
874 5165.50093587
875 5166.57988188
876 5167.49464045
877 5168.66740786
878 5169.76980921
879 5170.87221057
880 5171.90424589
881 5172.88937051
882 5174.03868256
883 5174.92998579
884 5175.93856575
885 5176.94714572
886 5177.79153825
887 5178.77666287
888 5179.78524283
889 5180.53581397
890 5181.52093859
891 5182.36533112
892 5183.49118783
893 5184.24175896
894 5185.34416032
895 5186.2589189
896 5187.26749886
897 5188.41681092
898 5189.16738205
899 5190.26978341
900 5191.30181873
901 5192.19312195
902 5193.34243401
903 5194.25719258
904 5195.21886185
905 5196.13362043
906 5196.93110226
907 5197.96313758
908 5198.66679802
909 5199.67537798
910 5200.75432399
911 5201.95054674
912 5202.79493927
913 5203.87388528
914 5204.67136712
915 5205.63303639
916 5206.40706287
917 5207.57983028
918 5208.23658002
919 5209.22170464
920 5209.92536508
921 5211.19195388
922 5211.98943571
923 5212.90419429
924 5213.67822077
925 5214.61643469
926 5215.41391653
927 5216.35213045
928 5217.26688902
929 5218.08782621
930 5218.86185269
931 5219.61242383
932 5220.48027171
933 5221.32466424
934 5222.23942281
935 5222.87271721
936 5223.88129717
937 5224.79605575
938 5225.75772502
939 5226.76630499
940 5227.7983403
941 5228.66618818
942 5229.53403606
943 5230.56607137
944 5231.48082994
945 5232.16103504
946 5232.86469548
947 5233.56835592
948 5234.55348054
949 5235.44478377
950 5236.17189955
951 5236.87556
952 5238.0952381
953 5239.05690737
954 5239.99512129
955 5240.74569243
956 5241.47280822
957 5242.34065609
958 5243.09122723
959 5243.91216441
960 5244.82692299
961 5246.02314574
962 5246.84408292
963 5247.6650201
964 5248.74396611
965 5249.61181399
966 5250.59693861
967 5251.74625066
968 5252.73137528
969 5253.55231246
970 5254.65471382
971 5255.5225617
972 5256.17931144
973 5257.04715932
974 5258.03228394
975 5258.78285508
976 5259.69761365
977 5260.72964897
978 5261.45676476
979 5262.27770194
980 5263.09863912
981 5264.08376374
982 5264.81087953
983 5265.67872741
984 5266.61694133
985 5267.69588734
986 5268.39954778
987 5269.45503844
988 5270.29943097
989 5271.05000211
990 5271.98821603
991 5273.02025135
992 5273.65354574
993 5274.31029549
994 5275.08432198
995 5275.95216985
996 5276.91383912
997 5277.73477631
998 5278.4618921
999 5279.25937393
1000 5279.96303437
1001 5280.78397155
1002 5281.55799804
1003 5282.59003335
1004 5283.31714914
1005 5284.13808633
1006 5284.88865746
1007 5285.52195186
1008 5286.24906765
1009 5286.97618344
1010 5287.51565644
1011 5288.26622758
1012 5288.99334337
1013 5289.48590568
1014 5290.35375356
1015 5291.03395865
1016 5291.66725305
1017 5292.39436884
1018 5293.00420789
1019 5293.80168972
1020 5294.36461808
1021 5294.90409108
1022 5295.56084083
1023 5296.05340314
1024 5296.75706358
1025 5297.53109006
1026 5298.14092911
1027 5298.93841095
1028 5299.68898208
1029 5300.29882113
1030 5301.11975832
1031 5301.77650806
1032 5302.50362385
1033 5303.09000755
1034 5304.00476613
1035 5304.59114983
1036 5305.27135492
1037 5305.78737258
1038 5306.7724972
1039 5307.56997903
1040 5308.48473761
1041 5309.21185339
1042 5309.82169244
1043 5310.40807615
1044 5311.22901333
1045 5311.72157564
1046 5312.47214677
1047 5313.10544117
1048 5313.78564627
1049 5314.23129788
1050 5314.86459228
1051 5315.73244015
1052 5316.41264525
1053 5317.23358243
1054 5317.93724287
1055 5318.94582284
1056 5319.69639397
1057 5320.5407865
1058 5321.2209916
1059 5321.59627717
1060 5322.25302691
1061 5323.26160688
1062 5324.27018685
1063 5324.95039194
1064 5325.56023099
1065 5326.31080213
1066 5327.08482861
1067 5328.02304253
1068 5328.82052437
1069 5329.35999737
1070 5330.13402386
1071 5330.884595
1072 5331.54134474
1073 5332.1042731
1074 5332.71411214
1075 5333.55850467
1076 5334.21525442
1077 5334.91891486
1078 5335.69294135
1079 5336.37314644
1080 5337.10026223
1081 5337.96811011
1082 5338.62485985
1083 5339.30506495
1084 5339.8679933
1085 5340.33710026
1086 5341.22840349
1087 5342.09625137
1088 5342.61226902
1089 5343.24556342
1090 5344.01958991
1091 5344.60597361
1092 5345.14544661
1093 5345.80219636
1094 5346.36512471
1095 5346.69349958
1096 5347.06878515
1097 5347.6786242
1098 5348.28846325
1099 5348.87484695
1100 5349.36740926
1101 5349.97724831
1102 5350.56363201
1103 5350.93891758
1104 5351.40802454
1105 5351.75985476
1106 5352.36969381
1107 5352.76843473
1108 5353.26099704
1109 5353.54246122
1110 5354.15230027
1111 5354.80905001
1112 5355.18433558
1113 5355.74726393
1114 5356.38055833
1115 5356.92003134
1116 5357.36568295
1117 5357.74096852
1118 5358.28044152
1119 5358.79645918
1120 5359.17174475
1121 5359.54703032
1122 5360.01613728
1123 5360.43833354
1124 5361.04817259
1125 5361.42345816
1126 5361.79874373
1127 5362.1740293
1128 5362.69004696
1129 5363.27643066
1130 5363.72208227
1131 5364.05045714
1132 5364.51956411
1133 5364.98867107
1134 5365.34050129
1135 5365.7861529
1136 5366.09107243
1137 5366.72436682
1138 5367.12310774
1139 5367.6391254
1140 5368.08477701
1141 5368.48351793
1142 5368.92916954
1143 5369.37482115
1144 5369.89083881
1145 5370.40685647
1146 5370.80559738
1147 5371.18088295
1148 5371.67344526
1149 5371.97836479
1150 5372.40056105
1151 5372.61165918
1152 5372.98694475
1153 5373.5967838
1154 5373.97206937
1155 5374.46463168
1156 5375.07447073
1157 5375.63739908
1158 5376.01268465
1159 5376.41142557
1160 5376.81016649
1161 5377.27927345
1162 5377.91256784
1163 5378.28785341
1164 5378.63968363
1165 5379.08533525
1166 5379.50753151
1167 5379.81245104
1168 5380.25810265
1169 5380.68029891
1170 5381.00867379
1171 5381.57160214
1172 5381.97034306
1173 5382.39253932
1174 5382.81473559
1175 5383.37766394
1176 5383.75294951
1177 5384.05786903
1178 5384.4800653
1179 5384.83189552
1180 5385.27754713
1181 5385.6997434
1182 5386.16885036
1183 5386.59104662
1184 5387.01324289
1185 5387.5058052
1186 5388.16255494
1187 5388.77239399
1188 5389.24150095
1189 5389.49950978
1190 5389.99207209
1191 5390.57845579
1192 5391.1648395
1193 5391.61049111
1194 5392.24378551
1195 5392.61907107
1196 5393.11163338
1197 5393.79183848
1198 5394.33131148
1199 5394.7769631
1200 5395.2695254
1201 5395.71517702
1202 5396.11391793
1203 5396.5361142
1204 5397.1694086
1205 5397.54469417
1206 5398.22489926
1207 5398.85819366
1208 5399.37421131
1209 5399.98405036
1210 5400.47661267
1211 5400.96917498
1212 5401.46173729
1213 5401.88393356
1214 5402.30612982
1215 5402.82214748
1216 5403.26779909
1217 5403.85418279
1218 5404.3467451
1219 5404.9331288
1220 5405.35532507
1221 5405.91825342
1222 5406.24662829
1223 5406.66882456
1224 5407.16138687
1225 5407.48976174
1226 5408.0057794
1227 5408.68598449
1228 5409.03781471
1229 5409.90566259
1230 5410.3982249
1231 5410.75005512
1232 5411.14879604
1233 5411.78209043
1234 5412.01664391
1235 5412.29810809
1236 5412.76721505
1237 5413.33014341
1238 5414.12762524
1239 5414.5498215
1240 5415.04238381
1241 5415.65222286
1242 5416.02750843
1243 5416.47316005
1244 5416.96572235
1245 5417.34100792
1246 5417.81011488
1247 5418.2557665
1248 5418.63105207
1249 5419.19398042
1250 5419.68654273
1251 5420.20256039
1252 5420.69512269
1253 5421.09386361
1254 5421.58642592
1255 5421.98516684
1256 5422.52463984
1257 5422.75919332
1258 5423.25175563
1259 5423.65049655
1260 5423.97887142
1261 5424.3072463
1262 5424.89363
1263 5425.29237091
1264 5425.73802253
1265 5426.04294205
1266 5426.41822762
1267 5426.77005784
1268 5427.2860755
1269 5427.56753967
1270 5427.77863781
1271 5428.29465546
1272 5428.76376243
1273 5429.06868195
1274 5429.30323543
1275 5429.70197635
1276 5430.10071726
1277 5430.38218144
1278 5430.87474375
1279 5431.25002932
1280 5431.55494884
1281 5432.0240558
1282 5432.37588603
1283 5432.77462694
1284 5432.93881438
1285 5433.17336786
1286 5433.57210878
1287 5433.90048365
1288 5434.27576922
1289 5434.58068874
1290 5434.88560827
1291 5435.40162592
1292 5435.80036684
1293 5436.19910776
1294 5436.57439333
1295 5436.83240216
1296 5437.37187516
1297 5437.77061608
1298 5438.169357
1299 5438.56809791
1300 5438.96683883
1301 5439.38903509
1302 5439.78777601
1303 5440.11615088
1304 5440.4679811
1305 5440.91363272
1306 5441.38273968
1307 5441.85184664
1308 5442.29749825
1309 5442.74314987
1310 5443.16534613
1311 5443.5406317
1312 5443.86900657
1313 5444.29120284
1314 5444.50230097
1315 5445.01831863
1316 5445.25287211
1317 5445.74543442
1318 5446.14417533
1319 5446.44909486
1320 5446.75401438
1321 5447.1058446
1322 5447.62186226
1323 5448.06751387
1324 5448.58353153
1325 5449.21682593
1326 5449.5921115
1327 5449.94394172
1328 5450.50687007
1329 5450.99943238
1330 5451.46853934
1331 5451.84382491
1332 5452.31293187
1333 5452.73512814
1334 5453.2042351
1335 5453.50915462
1336 5453.97826158
1337 5454.28318111
1338 5454.61155598
1339 5455.08066294
1340 5455.50285921
1341 5455.83123408
1342 5456.1830643
1343 5456.60526057
1344 5457.00400148
1345 5457.37928705
1346 5457.77802797
1347 5458.12985819
1348 5458.50514376
1349 5458.92734002
1350 5459.23225955
1351 5459.77173255
1352 5460.31120556
1353 5460.78031252
1354 5461.43706226
1355 5461.85925853
1356 5462.28145479
1357 5462.75056176
1358 5463.24312406
1359 5463.89987381
1360 5464.50971286
1361 5465.07264121
1362 5465.61211422
1363 5465.96394444
1364 5466.50341744
1365 5467.08980115
1366 5467.67618485
1367 5468.09838111
1368 5468.75513086
1369 5469.34151456
1370 5469.74025548
1371 5470.32663918
1372 5470.81920149
1373 5471.28830845
1374 5471.8512368
1375 5472.55489724
1376 5473.0240042
1377 5473.54002186
1378 5474.12640556
1379 5474.61896787
1380 5475.25226227
1381 5475.69791388
1382 5476.23738689
1383 5476.82377059
1384 5477.19905616
1385 5477.80889521
1386 5478.55946634
1387 5479.02857331
1388 5479.73223375
1389 5480.3420728
1390 5480.74081371
1391 5481.25683137
1392 5481.81975972
1393 5482.33577738
1394 5482.94561643
1395 5483.55545548
1396 5484.02456244
1397 5484.65785684
1398 5485.1269638
1399 5485.80716889
1400 5486.39355259
1401 5487.00339164
1402 5487.44904326
1403 5488.105793
1404 5488.7390874
1405 5489.20819436
1406 5489.46620319
1407 5490.26368502
1408 5490.66242594
1409 5491.15498825
1410 5491.74137195
1411 5492.04629147
1412 5492.70304122
1413 5493.45361236
1414 5493.73507653
1415 5494.22763884
1416 5494.62637976
1417 5495.21276346
1418 5495.75223647
1419 5496.52626295
1420 5497.136102
1421 5497.65211966
1422 5498.07431592
1423 5498.63724428
1424 5499.12980659
1425 5499.55200285
1426 5500.02110981
1427 5500.63094886
1428 5501.3346093
1429 5501.94444835
1430 5502.62465345
1431 5503.16412645
1432 5503.63323341
1433 5504.10234037
1434 5504.61835803
1435 5505.20474173
1436 5505.83803613
1437 5506.49478588
1438 5507.01080353
1439 5507.55027654
1440 5508.0662942
1441 5508.58231185
1442 5509.14524021
1443 5509.7785346
1444 5510.43528435
1445 5510.9982127
1446 5511.53768571
1447 5512.03024802
1448 5512.33516754
1449 5512.73390846
1450 5513.46102425
1451 5514.0708633
1452 5514.49305956
1453 5514.91525583
1454 5515.31399674
1455 5515.68928231
1456 5516.01765719
1457 5516.43985345
1458 5516.67440693
1459 5517.07314785
1460 5517.56571016
1461 5518.12863851
1462 5518.59774547
1463 5519.04339708
1464 5519.60632544
1465 5520.19270914
1466 5520.77909284
1467 5521.15437841
1468 5521.60003002
1469 5521.99877094
1470 5522.53824395
1471 5523.12462765
1472 5523.71101135
1473 5524.15666296
1474 5524.69613597
1475 5525.32943036
1476 5525.86890337
1477 5526.45528707
1478 5526.85402799
1479 5527.48732238
1480 5527.90951865
1481 5528.37862561
1482 5528.73045583
1483 5529.26992884
1484 5529.76249115
1485 5530.20814276
1486 5530.67724972
1487 5531.21672272
1488 5531.85001712
1489 5532.31912408
1490 5532.7647757
1491 5533.3511594
1492 5533.82026636
1493 5534.31282867
1494 5534.68811424
1495 5535.18067655
1496 5535.7905156
1497 5536.23616721
1498 5536.77564021
1499 5537.05710439
1500 5537.502756
1501 10000.0
