0 0.0
1 0.0
2 0.0
3 0.0
4 0.0
5 0.0
6 0.0
7 0.0
8 0.0
14 0.0454784216259
15 0.113696054065
16 0.409305794633
17 0.568480270324
18 0.841350800079
19 1.18243896227
20 1.52352712447
21 2.13748581642
22 5.16180085454
23 33.9723809545
24 120.927123103
25 247.357135223
26 394.138741021
27 652.160566115
28 943.427117418
29 1211.22680316
30 1445.89545875
31 1654.23210822
32 1855.83795129
33 2030.95261376
34 2177.21121771
35 2294.29541418
36 2381.43207002
37 2451.85540591
38 2506.45225107
39 2546.04121709
40 2577.23941433
41 2602.22980701
42 2627.67498391
43 2653.21111765
44 2680.6346059
45 2708.33096467
46 2736.00458422
47 2767.74852252
48 2798.28728264
49 2825.34694351
50 2851.01951252
51 2873.75872333
52 2894.42866596
53 2914.12082252
54 2932.38040881
55 2947.59294084
56 2961.19098891
57 2974.69808013
58 2986.34055606
59 2996.64141856
60 3005.1231442
61 3012.64982298
62 3019.88089201
63 3025.86130446
64 3031.637064
65 3037.95856461
66 3044.62115338
67 3051.07908925
68 3058.71946408
69 3068.83841289
70 3083.52794308
71 3106.97206943
72 3148.42565074
73 3235.65326342
74 3346.84800429
75 3530.80821977
76 3735.80220525
77 4038.00631695
78 4343.78048475
79 4764.86519059
80 5152.13668994
81 5604.71520275
82 6065.29791777
83 6490.27102865
84 6966.33914623
85 7343.55991441
86 7730.08101981
87 8008.68183069
88 8272.8432427
89 8452.66492181
90 8622.39039132
91 8741.97590098
92 8843.75660858
93 8952.90482049
94 9039.31382157
95 9136.38751253
96 9216.20214249
97 9308.31868549
98 9380.53841903
99 9462.35409954
100 9527.54741694
101 9595.65135332
102 9648.42906162
103 9695.24909668
104 9741.5461299
105 9773.38102504
106 9804.23813411
107 9824.63520621
108 9844.89584304
109 9858.35745585
110 9870.09088863
111 9879.16383374
112 9886.87242621
113 9893.26214444
114 9898.08285714
115 9902.65343851
116 9905.95062408
117 9909.42972333
118 9912.06747179
119 9914.81891629
120 9917.02461974
121 9919.32128004
122 9921.18589532
123 9922.6184656
124 9924.3011672
125 9925.80195512
126 9927.34822145
127 9928.66709568
128 9930.07692675
129 9931.32758334
130 9933.03302416
131 9934.07902785
132 9935.46611971
133 9936.9214292
134 9937.85373685
135 9939.28630713
136 9940.9007911
137 9942.90184165
138 9944.51632562
139 9946.01711353
140 9947.35872697
141 9948.79129725
142 9950.51947727
143 9951.77013387
144 9952.99805125
145 9954.18049021
146 9955.86319181
147 9956.90919551
148 9958.38724421
149 9959.36503028
150 9960.52473003
151 9961.47977688
152 9962.63947663
153 9963.25343533
154 9963.93561165
155 9964.64052719
156 9965.0953114
157 9965.66379167
158 9966.32322879
159 9966.93718748
160 9967.48292854
161 9968.05140881
162 9968.36975776
163 9969.00645566
164 9969.37028303
165 9969.87054567
166 9970.37080831
167 9970.71189647
168 9971.21215911
169 9971.53050806
170 9971.93981386
171 9972.18994518
172 9972.69020781
173 9972.91759992
174 9973.39512335
175 9973.64525467
176 9973.87264678
177 9974.14551731
178 9974.41838784
179 9974.73673679
180 9975.07782495
181 9975.44165232
182 9975.62356601
183 9976.01013259
184 9976.28300312
185 9976.82874418
186 9977.21531077
187 9977.41996366
188 9977.76105182
189 9978.03392235
190 9978.46596736
191 9978.73883789
192 9979.30731816
193 9979.62566711
194 9980.05771212
195 9980.53523554
196 9980.8535845
197 9981.24015108
198 9981.60397845
199 9981.94506661
200 9982.28615478
201 9982.55902531
202 9982.92285268
203 9983.46859374
204 9983.69598585
205 9984.0143348
206 9984.35542296
207 9984.6510327
208 9985.03759929
209 9985.33320903
210 9985.71977561
211 9986.24277746
212 9986.49290878
213 9986.83399694
214 9987.19782431
215 9987.56165169
216 9987.76630458
217 9987.99369669
218 9988.38026327
219 9988.53943775
220 9988.8577867
221 9988.99422197
222 9989.19887486
223 9989.4944846
224 9989.63091987
225 9989.88105119
226 9990.1084433
227 9990.3358354
228 9990.7451412
229 9990.88157646
230 9991.13170778
231 9991.3818391
232 9991.65470963
233 9991.7911449
234 9991.99579779
235 9992.17771148
236 9992.35962517
237 9992.45058201
238 9992.58701727
239 9992.8598878
240 9993.04180149
241 9993.38288965
242 9993.58754255
243 9993.67849939
244 9993.79219545
245 9994.01958756
246 9994.29245809
247 9994.38341493
248 9994.58806783
249 9994.72450309
250 9994.92915599
251 9995.17928731
252 9995.31572257
253 9995.45215784
254 9995.56585389
255 9995.72502837
256 9995.81598521
257 9995.97515969
258 9996.06611653
259 9996.27076943
260 9996.4299439
261 9996.58911838
262 9996.65733601
263 9996.79377128
264 9996.97568496
265 9997.13485944
266 9997.20307707
267 9997.33951233
268 9997.45320839
269 9997.56690444
270 9997.61238286
271 9997.72607892
272 9997.83977497
273 9997.88525339
274 9998.06716708
275 9998.13538471
276 9998.22634156
277 9998.3172984
278 9998.38551603
279 9998.56742972
280 9998.74934341
281 9998.81756104
282 9998.88577867
283 9998.88577867
284 9998.99947472
285 9999.11317078
286 9999.13590999
287 9999.20412762
288 9999.24960604
289 9999.29508446
290 9999.31782368
291 9999.31782368
292 9999.31782368
293 9999.31782368
294 9999.31782368
295 9999.34056289
296 9999.3633021
297 9999.3633021
298 9999.3633021
299 9999.38604131
300 9999.38604131
301 9999.38604131
302 9999.38604131
303 9999.40878052
304 9999.43151973
305 9999.43151973
306 9999.43151973
307 9999.45425894
308 9999.45425894
309 9999.45425894
310 9999.45425894
311 9999.49973736
312 9999.49973736
313 9999.49973736
314 9999.49973736
315 9999.49973736
316 9999.49973736
317 9999.49973736
318 9999.49973736
319 9999.49973736
320 9999.52247657
321 9999.52247657
322 9999.52247657
323 9999.52247657
324 9999.52247657
325 9999.52247657
326 9999.52247657
327 9999.52247657
328 9999.52247657
329 9999.52247657
330 9999.54521578
331 9999.54521578
332 9999.54521578
333 9999.54521578
334 9999.54521578
335 9999.54521578
336 9999.54521578
337 9999.56795499
338 9999.56795499
339 9999.56795499
340 9999.56795499
341 9999.56795499
342 9999.56795499
343 9999.56795499
344 9999.59069421
345 9999.59069421
346 9999.59069421
347 9999.59069421
348 9999.59069421
349 9999.61343342
350 9999.61343342
351 9999.61343342
352 9999.61343342
353 9999.61343342
354 9999.61343342
355 9999.61343342
356 9999.61343342
357 9999.61343342
358 9999.61343342
372 9999.63617263
373 9999.63617263
374 9999.63617263
375 9999.63617263
376 9999.63617263
377 9999.63617263
378 9999.63617263
379 9999.63617263
380 9999.63617263
381 9999.63617263
387 9999.65891184
388 9999.65891184
389 9999.68165105
390 9999.68165105
391 9999.68165105
392 9999.68165105
393 9999.68165105
394 9999.68165105
395 9999.68165105
396 9999.68165105
397 9999.68165105
398 9999.68165105
406 9999.72712947
407 9999.72712947
408 9999.72712947
409 9999.72712947
410 9999.72712947
411 9999.72712947
412 9999.72712947
413 9999.72712947
414 9999.72712947
415 9999.72712947
416 9999.74986868
417 9999.74986868
418 9999.77260789
419 9999.77260789
420 9999.77260789
421 9999.77260789
422 9999.77260789
423 9999.77260789
424 9999.77260789
425 9999.81808631
426 9999.81808631
427 9999.81808631
428 9999.84082552
429 9999.84082552
430 9999.84082552
431 9999.84082552
432 9999.84082552
433 9999.84082552
434 9999.84082552
435 9999.86356474
436 9999.86356474
437 9999.86356474
438 9999.86356474
439 9999.86356474
440 9999.86356474
441 9999.86356474
442 9999.86356474
443 9999.86356474
444 9999.86356474
461 9999.88630395
462 9999.88630395
463 9999.90904316
464 9999.90904316
465 9999.90904316
466 9999.90904316
467 9999.90904316
468 9999.90904316
469 9999.90904316
470 9999.90904316
471 9999.90904316
472 9999.90904316
474 9999.93178237
475 9999.93178237
476 9999.93178237
477 9999.93178237
478 9999.93178237
479 9999.93178237
480 9999.93178237
481 9999.93178237
482 9999.93178237
483 9999.93178237
564 9999.95452158
565 9999.95452158
566 9999.95452158
567 9999.95452158
568 9999.95452158
569 9999.95452158
570 9999.95452158
571 9999.95452158
572 9999.95452158
573 9999.95452158
575 9999.97726079
576 9999.97726079
577 9999.97726079
578 9999.97726079
579 9999.97726079
580 9999.97726079
581 9999.97726079
582 9999.97726079
583 9999.97726079
584 9999.97726079
1084 10000.0
1085 10000.0
1086 10000.0
1087 10000.0
1088 10000.0
1089 10000.0
1090 10000.0
1091 10000.0
1092 10000.0
1093 10000.0
1501 10000.0
