0 0.0
1 0.0
2 0.0
3 0.0
4 0.0
5 0.0
6 0.0
7 0.0
8 0.0
60 0.0489407748108
61 0.254492029016
62 1.0864852008
63 3.86632121005
64 10.9529454027
65 25.4198384367
66 46.2196677313
67 64.5528819754
68 94.8276452733
69 123.878889201
70 147.644529449
71 167.768976051
72 182.38269141
73 194.236147069
74 203.241249634
75 210.249568587
76 215.535172267
77 219.597256576
78 222.935017418
79 225.881252062
80 228.563206521
81 231.284313601
82 233.98584437
83 236.315425251
84 238.879921851
85 241.307384282
86 243.793575642
87 246.260190693
88 248.687653123
89 251.193420794
90 253.248933336
91 254.942284144
92 256.293049529
93 257.575297829
94 258.710723805
95 259.552505131
96 260.423650923
97 261.255644095
98 261.999543872
99 262.58683317
100 263.213275087
101 263.741835455
102 264.231243203
103 264.740227261
104 265.2100587
105 265.748407222
106 266.306332055
107 266.785951648
108 267.265571242
109 267.823496074
110 268.371632752
111 268.909981275
112 269.311295629
113 269.663669207
114 270.084559871
115 270.789307028
116 271.454901565
117 272.120496103
118 272.94270112
119 273.911728461
120 275.008001817
121 276.182580412
122 277.318006388
123 278.864534872
124 280.65576723
125 282.828737631
126 285.84348936
127 290.199218318
128 294.83880377
129 300.388687634
130 307.66128677
131 316.294439447
132 327.403995329
133 340.999742572
134 358.27583608
135 380.23066766
136 406.159490155
137 435.651201056
138 469.126691026
139 504.833880328
140 547.813668767
141 599.084024459
142 656.638375636
143 718.587608392
144 783.189431142
145 856.316736864
146 935.894436706
147 1020.40536665
148 1110.69130802
149 1200.11589175
150 1295.12951197
151 1398.43369944
152 1502.3936933
153 1606.77457781
154 1709.55999307
155 1811.503627
156 1917.7148965
157 2023.42697009
158 2126.19280903
159 2224.23096914
160 2316.88564401
161 2410.51913437
162 2501.3140598
163 2585.32579384
164 2667.36032058
165 2742.99339397
166 2816.63947191
167 2886.1451603
168 2952.76334297
169 3014.60490602
170 3071.40556926
171 3127.53084982
172 3179.81917363
173 3226.77295298
174 3271.35799883
175 3310.41273713
176 3348.30268499
177 3383.21703374
178 3415.62561482
179 3446.28211616
180 3472.58288854
181 3497.6503534
182 3521.4257818
183 3543.09675689
184 3563.98467958
185 3582.25916489
186 3599.18288482
187 3615.05927217
188 3630.08409004
189 3644.17903318
190 3655.68011527
191 3666.52539096
192 3676.5582498
193 3686.87496513
194 3696.10519526
195 3704.92432288
196 3712.81357578
197 3720.44833665
198 3727.21195173
199 3733.70149847
200 3739.78973086
201 3745.58431859
202 3750.79161703
203 3755.6661182
204 3760.33506812
205 3765.21935745
206 3769.42826408
207 3773.84272197
208 3777.56222085
209 3781.18383819
210 3784.91312523
211 3788.23130976
212 3791.55928245
213 3794.76979728
214 3798.00967657
215 3801.07336907
216 3803.8923577
217 3806.72113449
218 3809.912073
219 3812.65275639
220 3815.30534639
221 3818.01666531
222 3820.32666988
223 3822.77370862
224 3824.90752641
225 3826.89452186
226 3829.20452643
227 3831.18173374
228 3833.23724628
229 3834.94038524
230 3836.81971099
231 3838.66967228
232 3840.44132833
233 3842.15425545
234 3843.58332607
235 3845.1200664
236 3846.83299352
237 3848.64380219
238 3850.21969514
239 3851.73685916
240 3853.52809152
241 3855.00610291
242 3856.63093664
243 3858.31449929
244 3859.95890933
245 3861.38797995
246 3863.14984784
247 3864.78446972
248 3866.33099821
249 3867.98519639
250 3869.74706429
251 3871.57744927
252 3873.56444472
253 3875.95275453
254 3878.73259054
255 3881.99204615
256 3886.17158831
257 3891.18312365
258 3897.79012825
259 3907.87192787
260 3917.95372748
261 3928.71090978
262 3938.64588707
263 3949.57925616
264 3959.88618333
265 3971.52429958
266 3981.77249783
267 3993.39103777
268 4006.97699686
269 4019.74075093
270 4033.7867533
271 4048.80178301
272 4068.77940729
273 4088.86470127
274 4112.18008639
275 4131.95215941
276 4153.14351491
277 4169.0982075
278 4182.50797979
279 4195.70241268
280 4205.12840591
281 4214.31948342
282 4221.48441285
283 4228.59061336
284 4234.69842205
285 4241.26627403
286 4246.91403944
287 4252.77714427
288 4258.02359533
289 4263.3972924
290 4268.3305225
291 4273.08756581
292 4277.93270252
293 4282.38631303
294 4286.869288
295 4290.83349076
296 4294.73896459
297 4297.90053864
298 4300.9740193
299 4304.05728811
300 4306.78818335
301 4309.67568906
302 4312.56319478
303 4315.29409001
304 4317.77049322
305 4320.17837934
306 4322.55690099
307 4324.90605818
308 4327.3139443
309 4329.6826778
310 4332.47230197
311 4334.94870517
312 4337.29786236
313 4339.76447742
314 4342.15278723
315 4344.52152073
316 4346.95877131
317 4349.55263238
318 4352.3520447
319 4354.40755724
320 4357.13845247
321 4359.60506752
322 4361.95422471
323 4364.59702655
324 4367.00491267
325 4369.56940928
326 4372.0849651
327 4374.62988539
328 4377.13565306
329 4379.83718383
330 4382.02973054
331 4384.29079434
332 4386.71825677
333 4389.09677842
334 4391.6221224
335 4394.03000853
336 4396.66302221
337 4398.97302678
338 4401.37112475
339 4403.72028194
340 4405.97155758
341 4408.4871134
342 4410.98309292
343 4413.33225011
344 4415.74992439
345 4418.04035265
346 4420.19374674
347 4422.26883559
348 4424.30477182
349 4426.16452127
350 4428.13194041
351 4430.25597004
352 4432.75194956
353 4435.04237782
354 4437.22513637
355 4439.39810678
356 4441.51234825
357 4443.77341204
358 4445.77998381
359 4447.67888587
360 4449.78333919
361 4451.96609775
362 4454.08033922
363 4456.02818206
364 4457.80962626
365 4459.65958755
366 4461.44103175
367 4463.44760352
368 4465.51290421
369 4467.50968783
370 4469.27155572
371 4470.76914343
372 4472.60931656
373 4474.52779493
374 4476.27008652
375 4478.3158109
376 4480.43005238
377 4482.17234396
378 4483.81675399
379 4485.74502052
380 4487.66349889
381 4489.48409572
382 4491.39278593
383 4493.291688
384 4495.11228482
385 4496.71754223
386 4498.29343518
387 4500.03572677
388 4501.45500924
389 4503.38327576
390 4505.10599104
391 4506.63294321
392 4508.2871414
393 4509.7651528
394 4511.46829176
395 4513.00503209
396 4514.57113688
397 4515.80444441
398 4517.32160843
399 4518.57449226
400 4519.81758794
401 4521.24665857
402 4522.76382259
403 4524.36908
404 4525.72963354
405 4527.09018708
406 4528.53883402
407 4529.5861666
408 4530.69222811
409 4531.87659486
410 4533.21757209
411 4534.25511651
412 4535.33181356
413 4536.62385001
414 4537.89631016
415 4538.79682042
416 4539.83436484
417 4540.79360403
418 4541.72347875
419 4542.70229425
420 4543.84750838
421 4544.94378173
422 4546.04005509
423 4547.01887058
424 4548.08577947
425 4549.17226468
426 4550.13150386
427 4551.17883644
428 4552.14786378
429 4553.12667928
430 4554.06634216
431 4554.96685241
432 4555.95545606
433 4556.86575448
434 4557.80541735
435 4558.53952897
436 4559.47919185
437 4560.29160871
438 4561.2508479
439 4562.23945155
440 4563.10080919
441 4564.05026022
442 4564.91161785
443 4565.8806452
444 4566.81051992
445 4567.9655222
446 4568.99327847
447 4569.94272951
448 4570.89218054
449 4571.82205526
450 4572.81065891
451 4573.70138101
452 4574.87595961
453 4575.70795278
454 4576.8335906
455 4578.04732181
456 4579.15338332
457 4580.00495281
458 4581.04249723
459 4582.23665214
460 4583.37207811
461 4584.47813962
462 4585.78975239
463 4586.96433098
464 4588.18785035
465 4589.44073419
466 4590.60552463
467 4591.85840847
468 4593.27769094
469 4594.57951555
470 4595.70515337
471 4596.84057934
472 4598.21092104
473 4599.46380487
474 4600.84393472
475 4602.32194612
476 4603.7608049
477 4605.14093475
478 4606.57979353
479 4607.999076
480 4609.48687555
481 4610.81806463
482 4612.26671156
483 4613.57832433
484 4615.27167514
485 4616.76926284
486 4618.01235852
487 4619.30439498
488 4620.86071162
489 4622.4072401
490 4623.69927656
491 4625.41220368
492 4627.05661371
493 4628.69123559
494 4629.89517865
495 4631.45149529
496 4632.96865931
497 4634.67179827
498 4636.06171627
499 4637.71591446
500 4639.38968896
501 4641.01452269
502 4642.5316867
503 4644.10757965
504 4645.91838832
505 4647.69983252
506 4649.38339518
507 4651.41933141
508 4653.28886901
509 4655.21713554
510 4657.21391915
511 4659.41625401
512 4661.41303763
513 4663.66431327
514 4665.5925798
515 4667.93194883
516 4670.16364816
517 4672.54216982
518 4675.21433612
519 4677.49497623
520 4680.33354117
521 4682.91761408
522 4685.75617902
523 4688.57516765
524 4691.52140229
525 4694.41869616
526 4697.40408342
527 4700.8201495
528 4704.12854588
529 4707.80889215
530 4711.49902657
531 4715.86454368
532 4719.90705168
533 4724.93816333
534 4729.24495151
535 4734.41309733
536 4739.0722591
537 4744.55362588
538 4750.88656214
539 4756.57348017
540 4763.83629115
541 4770.07134586
542 4777.61801334
543 4784.79273092
544 4792.78965353
545 4800.38526178
546 4808.75413427
547 4818.03330518
548 4826.72518678
549 4837.13978366
550 4846.01764021
551 4856.95100931
552 4866.88598659
553 4879.34630786
554 4889.54556533
555 4902.32889571
556 4913.58527392
557 4924.91995736
558 4939.31833331
559 4952.4050965
560 4967.8997458
561 4982.51346116
562 4999.77976651
563 5015.42123814
564 5034.10682597
565 5050.77605387
566 5070.35236379
567 5087.31523634
568 5104.57175354
569 5125.90993136
570 5144.33123899
571 5166.46225736
572 5186.69437367
573 5210.44043761
574 5231.62200495
575 5257.17887755
576 5278.43875013
577 5304.00541089
578 5330.53131084
579 5355.71623356
580 5385.71692852
581 5410.58863027
582 5440.15864642
583 5466.41047802
584 5497.67384497
585 5525.65818001
586 5559.01621212
587 5587.73465878
588 5617.1578526
589 5652.49309201
590 5684.17734962
591 5721.48979634
592 5753.1642658
593 5791.49468063
594 5824.19690636
595 5863.39846698
596 5897.60806857
597 5938.40509845
598 5973.4075406
599 6009.28112854
600 6051.81066185
601 6089.7887031
602 6134.70654622
603 6172.57691777
604 6217.79819369
605 6255.89369281
606 6300.84090039
607 6340.38504644
608 6383.47250458
609 6427.44089667
610 6467.79745958
611 6516.98293827
612 6557.65272213
613 6605.18400263
614 6647.23391635
615 6696.27257271
616 6737.18706045
617 6786.9891929
618 6830.43881278
619 6872.28317524
620 6922.77047853
621 6965.3098
622 7015.67964543
623 7059.29566395
624 7109.75360278
625 7153.35983313
626 7204.02332322
627 7246.19069479
628 7295.73833521
629 7338.52236055
630 7380.89528338
631 7430.12970284
632 7473.49122932
633 7522.2656055
634 7564.26657844
635 7611.79785894
636 7652.62425329
637 7700.16532194
638 7740.77637688
639 7784.48048878
640 7827.70498109
641 7868.05175585
642 7913.6156172
643 7954.81396143
644 7999.8296861
645 8037.73921027
646 8081.51183926
647 8119.01026092
648 8161.40276006
649 8198.54880815
650 8235.1565077
651 8277.01065832
652 8311.97394785
653 8352.46754493
654 8385.95282305
655 8425.98637685
656 8459.09970508
657 8498.34041833
658 8530.96433882
659 8568.92280376
660 8600.49939167
661 8632.0270388
662 8667.69507548
663 8697.50000734
664 8731.95431281
665 8760.11483463
666 8792.33744077
667 8819.67575758
668 8850.47908124
669 8877.09307459
670 8904.44117955
671 8932.15144625
672 8956.15200222
673 8984.7138384
674 9009.84003218
675 9038.568267
676 9061.81513503
677 9088.16484819
678 9110.65802829
679 9135.90167994
680 9157.06367097
681 9177.14896495
682 9200.89502889
683 9221.3229083
684 9243.55180821
685 9262.39400652
686 9284.59354197
687 9302.27094983
688 9322.63031215
689 9339.52466762
690 9359.34568142
691 9375.70168836
692 9391.19633766
693 9408.83459291
694 9423.54618981
695 9440.64609653
696 9454.55506473
697 9470.2748416
698 9483.39096925
699 9499.02265273
700 9511.80598311
701 9524.53058456
702 9537.58798328
703 9549.0792772
704 9561.95070098
705 9573.10919764
706 9585.11926377
707 9595.29894493
708 9607.47540971
709 9617.11674235
710 9627.62922077
711 9637.16288371
712 9646.40290199
713 9656.42597267
714 9664.7654807
715 9674.40681334
716 9682.19818469
717 9690.8900663
718 9697.70262215
719 9705.67018029
720 9712.39464275
721 9719.94131022
722 9726.39170434
723 9732.85188662
724 9740.16363837
725 9745.98759058
726 9752.08561112
727 9757.60613052
728 9763.72372737
729 9769.4987388
730 9774.77455432
731 9779.51202132
732 9784.102666
733 9788.81076854
734 9793.30353166
735 9798.15845653
736 9802.47503286
737 9806.8797026
738 9810.75581196
739 9815.05281199
740 9818.87998058
741 9822.64842024
742 9825.99596924
743 9829.75462074
744 9833.40560254
745 9836.70421077
746 9839.98324268
747 9842.85117208
748 9846.32596709
749 9849.22326096
750 9852.16949561
751 9854.63611066
752 9857.23975988
753 9859.78468017
754 9862.28065968
755 9864.62002872
756 9866.87130436
757 9869.59241144
758 9871.55983059
759 9873.99708117
760 9876.02322925
761 9878.11789441
762 9879.90912677
763 9881.87654592
764 9883.80481244
765 9885.50795141
766 9887.34812454
767 9888.89465302
768 9890.77397878
769 9892.35965988
770 9894.17046855
771 9895.44292869
772 9897.31246629
773 9898.73174876
774 9899.99442075
775 9901.40391507
776 9902.75468045
777 9904.27184447
778 9905.60303354
779 9906.95379893
780 9908.13816568
781 9909.42041398
782 9910.45795841
783 9911.68147778
784 9912.6113525
785 9913.6097443
786 9914.85283998
787 9915.88059626
788 9916.89856437
789 9917.68161677
790 9918.6310678
791 9919.64903592
792 9920.45166462
793 9921.38153934
794 9922.01776942
795 9922.89870336
796 9923.67196761
797 9924.58226602
798 9925.27722502
799 9926.17773528
800 9926.87269428
801 9927.76341638
802 9928.39964645
803 9929.25121593
804 9929.91681047
805 9930.54325239
806 9931.33609294
807 9931.92338224
808 9932.67707017
809 9933.28393578
810 9933.83207246
811 9934.24317496
812 9934.79131164
813 9935.3002957
814 9935.80927976
815 9936.33784013
816 9936.86640049
817 9937.43411348
818 9937.8647923
819 9938.28568296
820 9938.7555144
821 9939.26449846
822 9939.69517728
823 9939.98882193
824 9940.39013628
825 9940.76208617
826 9941.17318868
827 9941.57450303
828 9942.01497
829 9942.48480144
830 9943.00357366
831 9943.33637092
832 9943.83556683
833 9944.19772856
834 9944.56967845
835 9944.96120465
836 9945.19612037
837 9945.49955317
838 9945.80298597
839 9946.15535955
840 9946.42942789
841 9946.76222516
842 9947.05586981
843 9947.39845523
844 9947.69209988
845 9948.04447346
846 9948.30875364
847 9948.64155091
848 9949.00371265
849 9949.47354409
850 9949.87485844
851 9950.21744386
852 9950.5796056
853 9950.90261471
854 9951.19625936
855 9951.48990401
856 9951.76397235
857 9951.9695236
858 9952.2729564
859 9952.5568129
860 9952.79172862
861 9953.02664434
862 9953.30071268
863 9953.52584024
864 9953.72160334
865 9953.95651906
866 9954.21101109
867 9954.45571496
868 9954.71020699
869 9954.91575824
870 9955.16046212
871 9955.40516599
872 9955.63029356
873 9955.89457374
874 9956.14906577
875 9956.42313411
876 9956.62868536
877 9956.83423662
878 9957.05936418
879 9957.30406806
880 9957.53898377
881 9957.84241658
882 9958.04796783
883 9958.25351909
884 9958.50801112
885 9958.72335052
886 9958.88974916
887 9959.17360565
888 9959.45746215
889 9959.67280156
890 9959.93708174
891 9960.09369222
892 9960.32860794
893 9960.48521842
894 9960.66140521
895 9960.87674462
896 9961.13123665
897 9961.30742343
898 9961.49339838
899 9961.68916148
900 9961.84577196
901 9962.02195875
902 9962.21772185
903 9962.44284941
904 9962.59945989
905 9962.89310454
906 9963.14759657
907 9963.34335967
908 9963.49997015
909 9963.72509771
910 9963.9012845
911 9964.15577653
912 9964.37111594
913 9964.63539612
914 9964.75285398
915 9964.90946446
916 9965.0954394
917 9965.21289726
918 9965.38908405
919 9965.54569453
920 9965.70230501
921 9965.9665852
922 9966.14277199
923 9966.28959431
924 9966.47556925
925 9966.59302711
926 9966.73006128
927 9967.00412962
928 9967.13137564
929 9967.25862165
930 9967.49353737
931 9967.57184261
932 9967.73824124
933 9967.83612279
934 9968.09061482
935 9968.27658977
936 9968.50171733
937 9968.61917519
938 9968.78557383
939 9968.96176062
940 9969.17710002
941 9969.31413419
942 9969.4218039
943 9969.54904991
944 9969.69587224
945 9969.9209998
946 9970.05803397
947 9970.32231415
948 9970.49850094
949 9970.67468773
950 9970.80193375
951 9971.02706131
952 9971.24240072
953 9971.41858751
954 9971.5947743
955 9971.77096109
956 9972.03524127
957 9972.21142806
958 9972.39740301
959 9972.55401349
960 9972.71062397
961 9972.95532784
962 9973.09236201
963 9973.29791326
964 9973.4643119
965 9973.63071053
966 9973.83626179
967 9974.00266042
968 9974.20821167
969 9974.38439846
970 9974.58016156
971 9974.77592466
972 9974.96189961
973 9975.16745086
974 9975.41215474
975 9975.5491889
976 9975.77431647
977 9975.91135064
978 9976.1364782
979 9976.3322413
980 9976.55736887
981 9976.80207274
982 9977.03698846
983 9977.37957388
984 9977.63406591
985 9977.77110008
986 9977.92771056
987 9978.05495657
988 9978.17241443
989 9978.31923676
990 9978.47584724
991 9978.57372879
992 9978.73033927
993 9978.93589052
994 9979.07292469
995 9979.21974702
996 9979.38614565
997 9979.53296797
998 9979.64063768
999 9979.74830738
1000 9979.89512971
1001 9980.03216388
1002 9980.24750329
1003 9980.38453746
1004 9980.49220716
1005 9980.65860579
1006 9980.78585181
1007 9980.98161491
1008 9981.09907277
1009 9981.19695432
1010 9981.30462402
1011 9981.45144635
1012 9981.55911605
1013 9981.64720945
1014 9981.77445546
1015 9981.88212517
1016 9982.06810011
1017 9982.22471059
1018 9982.40089738
1019 9982.5477197
1020 9982.69454203
1021 9982.81199989
1022 9982.92945775
1023 9983.04691561
1024 9983.14479716
1025 9983.2426787
1026 9983.38950103
1027 9983.49717073
1028 9983.57547597
1029 9983.7222983
1030 9983.83975616
1031 9983.97679033
1032 9984.06488372
1033 9984.19212974
1034 9984.34874022
1035 9984.46619808
1036 9984.56407962
1037 9984.65217302
1038 9984.8087835
1039 9984.9164532
1040 9985.06327553
1041 9985.16115708
1042 9985.24925047
1043 9985.35692018
1044 9985.5037425
1045 9985.62120036
1046 9985.6995056
1047 9985.75823453
1048 9985.88548054
1049 9985.99315025
1050 9986.04209102
1051 9986.13997257
1052 9986.22806597
1053 9986.29658305
1054 9986.38467645
1055 9986.47276984
1056 9986.55107508
1057 9986.63916848
1058 9986.72726187
1059 9986.82514342
1060 9986.94260128
1061 9987.00133021
1062 9987.06984729
1063 9987.15794069
1064 9987.23624593
1065 9987.31455117
1066 9987.41243272
1067 9987.49073796
1068 9987.52010242
1069 9987.5690432
1070 9987.65713659
1071 9987.70607737
1072 9987.77459445
1073 9987.83332338
1074 9987.9605694
1075 9987.99972202
1076 9988.05845095
1077 9988.08781541
1078 9988.10739172
1079 9988.16612065
1080 9988.24442589
1081 9988.31294298
1082 9988.39124821
1083 9988.46955345
1084 9988.52828238
1085 9988.57722316
1086 9988.61637578
1087 9988.67510471
1088 9988.70446917
1089 9988.74362179
1090 9988.78277441
1091 9988.82192703
1092 9988.91002043
1093 9988.92959674
1094 9988.9589612
1095 9988.99811382
1096 9989.0470546
1097 9989.11557168
1098 9989.1547243
1099 9989.19387692
1100 9989.20366508
1101 9989.26239401
1102 9989.30154663
1103 9989.33091109
1104 9989.3504874
1105 9989.37006371
1106 9989.38964002
1107 9989.41900449
1108 9989.44836895
1109 9989.47773342
1110 9989.51688604
1111 9989.51688604
1112 9989.5462505
1113 9989.55603866
1114 9989.61476759
1115 9989.6539202
1116 9989.69307282
1117 9989.70286098
1118 9989.70286098
1119 9989.73222544
1120 9989.75180175
1121 9989.82031884
1122 9989.83010699
1123 9989.86925961
1124 9989.88883592
1125 9989.90841223
1126 9989.9377767
1127 9989.98671747
1128 9990.01608194
1129 9990.0454464
1130 9990.05523456
1131 9990.08459902
1132 9990.11396349
1133 9990.1335398
1134 9990.15311611
1135 9990.18248057
1136 9990.21184504
1137 9990.25099766
1138 9990.27057397
1139 9990.28036212
1140 9990.29015028
1141 9990.31951474
1142 9990.33909105
1143 9990.36845552
1144 9990.38803183
1145 9990.40760814
1146 9990.41739629
1147 9990.4369726
1148 9990.44676076
1149 9990.45654891
1150 9990.46633707
1151 9990.47612522
1152 9990.48591338
1153 9990.50548969
1154 9990.51527784
1155 9990.51527784
1156 9990.525066
1157 9990.56421862
1158 9990.56421862
1159 9990.57400677
1160 9990.58379493
1161 9990.59358308
1162 9990.61315939
1163 9990.6327357
1164 9990.64252386
1165 9990.64252386
1166 9990.66210017
1167 9990.67188832
1168 9990.67188832
1169 9990.67188832
1170 9990.67188832
1171 9990.69146463
1172 9990.70125279
1173 9990.71104094
1174 9990.71104094
1175 9990.73061725
1176 9990.73061725
1177 9990.73061725
1178 9990.73061725
1179 9990.73061725
1180 9990.74040541
1181 9990.74040541
1182 9990.75019356
1183 9990.75019356
1184 9990.75019356
1185 9990.75019356
1186 9990.76976987
1187 9990.76976987
1188 9990.78934618
1189 9990.79913434
1190 9990.79913434
1191 9990.81871065
1192 9990.81871065
1193 9990.81871065
1194 9990.81871065
1195 9990.8284988
1196 9990.83828696
1197 9990.83828696
1198 9990.84807511
1199 9990.84807511
1200 9990.84807511
1201 9990.85786327
1202 9990.85786327
1203 9990.85786327
1204 9990.86765142
1205 9990.87743958
1206 9990.87743958
1207 9990.87743958
1208 9990.87743958
1209 9990.88722773
1210 9990.88722773
1211 9990.89701589
1212 9990.89701589
1213 9990.89701589
1214 9990.90680404
1215 9990.9165922
1216 9990.9165922
1217 9990.92638035
1218 9990.92638035
1219 9990.92638035
1220 9990.92638035
1221 9990.92638035
1222 9990.95574481
1223 9990.95574481
1224 9990.95574481
1225 9990.96553297
1226 9990.96553297
1227 9990.97532112
1228 9990.98510928
1229 9990.98510928
1230 9990.98510928
1231 9991.00468559
1232 9991.00468559
1233 9991.00468559
1234 9991.00468559
1235 9991.00468559
1236 9991.00468559
1237 9991.00468559
1238 9991.00468559
1239 9991.00468559
1240 9991.01447374
1241 9991.03405005
1242 9991.03405005
1243 9991.05362636
1244 9991.05362636
1245 9991.05362636
1246 9991.05362636
1247 9991.05362636
1248 9991.07320267
1249 9991.07320267
1250 9991.07320267
1251 9991.07320267
1252 9991.07320267
1253 9991.07320267
1254 9991.07320267
1255 9991.07320267
1256 9991.07320267
1257 9991.07320267
1265 9991.09277898
1266 9991.10256714
1267 9991.10256714
1268 9991.10256714
1269 9991.11235529
1270 9991.11235529
1271 9991.12214345
1272 9991.12214345
1273 9991.12214345
1274 9991.12214345
1275 9991.12214345
1276 9991.12214345
1277 9991.12214345
1278 9991.12214345
1279 9991.12214345
1280 9991.12214345
1288 9991.1319316
1289 9991.1319316
1290 9991.1319316
1291 9991.1319316
1292 9991.1319316
1293 9991.1319316
1294 9991.1319316
1295 9991.1319316
1296 9991.1319316
1297 9991.1319316
1307 9991.14171976
1308 9991.14171976
1309 9991.14171976
1310 9991.14171976
1311 9991.15150791
1312 9991.16129607
1313 9991.17108422
1314 9991.17108422
1315 9991.17108422
1316 9991.17108422
1317 9991.17108422
1318 9991.17108422
1319 9991.17108422
1320 9991.20044869
1321 9991.20044869
1322 9991.20044869
1323 9991.20044869
1324 9991.20044869
1325 9991.20044869
1326 9991.20044869
1327 9991.20044869
1328 9991.20044869
1329 9991.20044869
1334 9991.21023684
1335 9991.21023684
1336 9991.21023684
1337 9991.21023684
1338 9991.21023684
1339 9991.21023684
1340 9991.21023684
1341 9991.21023684
1342 9991.21023684
1343 9991.21023684
1347 9991.220025
1348 9991.220025
1349 9991.22981315
1350 9991.22981315
1351 9991.22981315
1352 9991.22981315
1353 9991.23960131
1354 9991.23960131
1355 9991.23960131
1356 9991.23960131
1357 9991.23960131
1358 9991.23960131
1359 9991.23960131
1360 9991.24938946
1361 9991.24938946
1362 9991.24938946
1363 9991.24938946
1364 9991.25917762
1365 9991.25917762
1366 9991.25917762
1367 9991.26896577
1368 9991.26896577
1369 9991.26896577
1370 9991.26896577
1371 9991.27875393
1372 9991.27875393
1373 9991.27875393
1374 9991.27875393
1375 9991.27875393
1376 9991.27875393
1377 9991.27875393
1378 9991.27875393
1379 9991.27875393
1380 9991.27875393
1384 9991.28854208
1385 9991.28854208
1386 9991.28854208
1387 9991.28854208
1388 9991.28854208
1389 9991.28854208
1390 9991.28854208
1391 9991.28854208
1392 9991.28854208
1393 9991.28854208
1394 9991.29833024
1395 9991.29833024
1396 9991.30811839
1397 9991.30811839
1398 9991.30811839
1399 9991.30811839
1400 9991.30811839
1401 9991.30811839
1402 9991.30811839
1403 9991.30811839
1404 9991.30811839
1405 9991.30811839
1415 9991.31790655
1416 9991.31790655
1417 9991.31790655
1418 9991.31790655
1419 9991.31790655
1420 9991.31790655
1421 9991.31790655
1422 9991.31790655
1423 9991.31790655
1424 9991.31790655
1431 9991.3276947
1432 9991.33748286
1433 9991.33748286
1434 9991.33748286
1435 9991.33748286
1436 9991.33748286
1437 9991.33748286
1438 9991.33748286
1439 9991.33748286
1440 9991.33748286
1441 9991.34727101
1442 9991.34727101
1443 9991.34727101
1444 9991.34727101
1445 9991.34727101
1446 9991.34727101
1447 9991.34727101
1448 9991.35705917
1449 9991.35705917
1450 9991.35705917
1451 9991.35705917
1452 9991.35705917
1453 9991.35705917
1454 9991.35705917
1455 9991.35705917
1456 9991.35705917
1457 9991.35705917
1466 9991.36684732
1467 9991.36684732
1468 9991.36684732
1469 9991.36684732
1470 9991.36684732
1471 9991.36684732
1472 9991.36684732
1473 9991.36684732
1474 9991.36684732
1475 9991.36684732
1501 10000.0
