0 0.0
1 0.0
2 0.0
3 0.0
4 0.0
5 0.0
6 0.0
7 0.0
8 0.0
541 41.6666666667
542 41.6666666667
543 41.6666666667
544 41.6666666667
545 41.6666666667
546 83.3333333333
547 83.3333333333
548 83.3333333333
549 83.3333333333
550 83.3333333333
551 83.3333333333
552 83.3333333333
553 125.0
554 125.0
555 125.0
556 125.0
557 125.0
558 125.0
559 166.666666667
560 208.333333333
561 250.0
562 250.0
563 250.0
564 250.0
565 250.0
566 250.0
567 250.0
568 250.0
569 250.0
570 250.0
580 291.666666667
581 291.666666667
582 291.666666667
583 291.666666667
584 291.666666667
585 291.666666667
586 333.333333333
587 333.333333333
588 333.333333333
589 333.333333333
590 375.0
591 458.333333333
592 500.0
593 500.0
594 541.666666667
595 583.333333333
596 583.333333333
597 666.666666667
598 708.333333333
599 750.0
600 750.0
601 791.666666667
602 791.666666667
603 833.333333333
604 833.333333333
605 875.0
606 875.0
607 916.666666667
608 1000.0
609 1041.66666667
610 1041.66666667
611 1125.0
612 1166.66666667
613 1166.66666667
614 1166.66666667
615 1166.66666667
616 1166.66666667
617 1208.33333333
618 1208.33333333
619 1250.0
620 1333.33333333
621 1333.33333333
622 1333.33333333
623 1333.33333333
624 1375.0
625 1416.66666667
626 1416.66666667
627 1458.33333333
628 1458.33333333
629 1458.33333333
630 1458.33333333
631 1458.33333333
632 1500.0
633 1500.0
634 1541.66666667
635 1541.66666667
636 1583.33333333
637 1625.0
638 1625.0
639 1625.0
640 1625.0
641 1625.0
642 1625.0
643 1625.0
644 1625.0
645 1625.0
646 1625.0
656 1666.66666667
657 1666.66666667
658 1708.33333333
659 1708.33333333
660 1708.33333333
661 1708.33333333
662 1708.33333333
663 1708.33333333
664 1708.33333333
665 1750.0
666 1833.33333333
667 1833.33333333
668 1833.33333333
669 1833.33333333
670 1833.33333333
671 1833.33333333
672 1833.33333333
673 1833.33333333
674 1833.33333333
675 1833.33333333
683 1875.0
684 1875.0
685 1875.0
686 1875.0
687 1875.0
688 1916.66666667
689 1916.66666667
690 1916.66666667
691 1958.33333333
692 1958.33333333
693 1958.33333333
694 1958.33333333
695 1958.33333333
696 1958.33333333
697 2000.0
698 2000.0
699 2000.0
700 2041.66666667
701 2041.66666667
702 2041.66666667
703 2083.33333333
704 2083.33333333
705 2083.33333333
706 2083.33333333
707 2083.33333333
708 2083.33333333
709 2083.33333333
710 2083.33333333
711 2083.33333333
712 2083.33333333
722 2125.0
723 2125.0
724 2125.0
725 2125.0
726 2125.0
727 2125.0
728 2125.0
729 2125.0
730 2125.0
731 2125.0
737 2166.66666667
738 2166.66666667
739 2166.66666667
740 2166.66666667
741 2208.33333333
742 2208.33333333
743 2250.0
744 2250.0
745 2250.0
746 2250.0
747 2250.0
748 2250.0
749 2250.0
750 2250.0
751 2250.0
752 2250.0
755 2291.66666667
756 2291.66666667
757 2291.66666667
758 2333.33333333
759 2333.33333333
760 2333.33333333
761 2333.33333333
762 2333.33333333
763 2416.66666667
764 2416.66666667
765 2416.66666667
766 2416.66666667
767 2416.66666667
768 2416.66666667
769 2416.66666667
770 2416.66666667
771 2416.66666667
772 2416.66666667
774 2458.33333333
775 2458.33333333
776 2458.33333333
777 2458.33333333
778 2458.33333333
779 2458.33333333
780 2458.33333333
781 2458.33333333
782 2458.33333333
783 2500.0
784 2500.0
785 2500.0
786 2500.0
787 2500.0
788 2500.0
789 2500.0
790 2500.0
791 2500.0
792 2500.0
807 2583.33333333
808 2583.33333333
809 2583.33333333
810 2583.33333333
811 2625.0
812 2625.0
813 2625.0
814 2666.66666667
815 2666.66666667
816 2750.0
817 2750.0
818 2750.0
819 2750.0
820 2750.0
821 2750.0
822 2750.0
823 2791.66666667
824 2791.66666667
825 2791.66666667
826 2791.66666667
827 2875.0
828 2875.0
829 2875.0
830 2916.66666667
831 2916.66666667
832 2916.66666667
833 2916.66666667
834 2958.33333333
835 2958.33333333
836 3000.0
837 3000.0
838 3000.0
839 3000.0
840 3041.66666667
841 3041.66666667
842 3041.66666667
843 3041.66666667
844 3041.66666667
845 3083.33333333
846 3083.33333333
847 3083.33333333
848 3083.33333333
849 3083.33333333
850 3083.33333333
851 3083.33333333
852 3083.33333333
853 3083.33333333
854 3083.33333333
862 3125.0
863 3125.0
864 3125.0
865 3125.0
866 3166.66666667
867 3166.66666667
868 3250.0
869 3250.0
870 3250.0
871 3250.0
872 3291.66666667
873 3291.66666667
874 3291.66666667
875 3375.0
876 3375.0
877 3375.0
878 3375.0
879 3416.66666667
880 3416.66666667
881 3458.33333333
882 3458.33333333
883 3458.33333333
884 3458.33333333
885 3458.33333333
886 3458.33333333
887 3458.33333333
888 3458.33333333
889 3458.33333333
890 3458.33333333
898 3500.0
899 3541.66666667
900 3541.66666667
901 3541.66666667
902 3541.66666667
903 3541.66666667
904 3541.66666667
905 3541.66666667
906 3583.33333333
907 3583.33333333
908 3583.33333333
909 3583.33333333
910 3583.33333333
911 3583.33333333
912 3583.33333333
913 3625.0
914 3625.0
915 3666.66666667
916 3666.66666667
917 3666.66666667
918 3708.33333333
919 3708.33333333
920 3750.0
921 3750.0
922 3750.0
923 3750.0
924 3750.0
925 3750.0
926 3750.0
927 3750.0
928 3750.0
929 3750.0
934 3791.66666667
935 3791.66666667
936 3833.33333333
937 3875.0
938 3875.0
939 3875.0
940 3875.0
941 3875.0
942 3916.66666667
943 3958.33333333
944 3958.33333333
945 3958.33333333
946 3958.33333333
947 3958.33333333
948 3958.33333333
949 3958.33333333
950 4000.0
951 4000.0
952 4000.0
953 4000.0
954 4000.0
955 4000.0
956 4041.66666667
957 4041.66666667
958 4041.66666667
959 4041.66666667
960 4041.66666667
961 4041.66666667
962 4041.66666667
963 4041.66666667
964 4041.66666667
965 4083.33333333
966 4083.33333333
967 4083.33333333
968 4083.33333333
969 4083.33333333
970 4083.33333333
971 4083.33333333
972 4125.0
973 4166.66666667
974 4166.66666667
975 4166.66666667
976 4166.66666667
977 4166.66666667
978 4250.0
979 4250.0
980 4291.66666667
981 4291.66666667
982 4291.66666667
983 4291.66666667
984 4333.33333333
985 4375.0
986 4375.0
987 4375.0
988 4416.66666667
989 4458.33333333
990 4500.0
991 4500.0
992 4500.0
993 4500.0
994 4500.0
995 4541.66666667
996 4541.66666667
997 4541.66666667
998 4541.66666667
999 4541.66666667
1000 4541.66666667
1001 4541.66666667
1002 4541.66666667
1003 4541.66666667
1004 4541.66666667
1007 4583.33333333
1008 4625.0
1009 4625.0
1010 4625.0
1011 4625.0
1012 4666.66666667
1013 4708.33333333
1014 4708.33333333
1015 4708.33333333
1016 4708.33333333
1017 4708.33333333
1018 4750.0
1019 4750.0
1020 4791.66666667
1021 4791.66666667
1022 4791.66666667
1023 4791.66666667
1024 4791.66666667
1025 4833.33333333
1026 4833.33333333
1027 4833.33333333
1028 4833.33333333
1029 4833.33333333
1030 4833.33333333
1031 4875.0
1032 4875.0
1033 4875.0
1034 4916.66666667
1035 4916.66666667
1036 4958.33333333
1037 4958.33333333
1038 4958.33333333
1039 4958.33333333
1040 4958.33333333
1041 5000.0
1042 5000.0
1043 5000.0
1044 5000.0
1045 5000.0
1046 5041.66666667
1047 5041.66666667
1048 5083.33333333
1049 5083.33333333
1050 5125.0
1051 5125.0
1052 5125.0
1053 5125.0
1054 5125.0
1055 5125.0
1056 5125.0
1057 5125.0
1058 5125.0
1059 5125.0
1060 5166.66666667
1061 5166.66666667
1062 5208.33333333
1063 5208.33333333
1064 5208.33333333
1065 5208.33333333
1066 5208.33333333
1067 5208.33333333
1068 5250.0
1069 5250.0
1070 5250.0
1071 5250.0
1072 5250.0
1073 5250.0
1074 5250.0
1075 5250.0
1076 5291.66666667
1077 5291.66666667
1078 5333.33333333
1079 5333.33333333
1080 5375.0
1081 5375.0
1082 5375.0
1083 5375.0
1084 5375.0
1085 5416.66666667
1086 5458.33333333
1087 5458.33333333
1088 5500.0
1089 5500.0
1090 5541.66666667
1091 5541.66666667
1092 5541.66666667
1093 5541.66666667
1094 5625.0
1095 5625.0
1096 5625.0
1097 5625.0
1098 5625.0
1099 5625.0
1100 5625.0
1101 5625.0
1102 5666.66666667
1103 5666.66666667
1104 5666.66666667
1105 5666.66666667
1106 5666.66666667
1107 5708.33333333
1108 5708.33333333
1109 5708.33333333
1110 5750.0
1111 5750.0
1112 5833.33333333
1113 5833.33333333
1114 5875.0
1115 5875.0
1116 5875.0
1117 5875.0
1118 5875.0
1119 5875.0
1120 5875.0
1121 5875.0
1122 5875.0
1123 5916.66666667
1124 5916.66666667
1125 5916.66666667
1126 5916.66666667
1127 5916.66666667
1128 5916.66666667
1129 5958.33333333
1130 5958.33333333
1131 6041.66666667
1132 6041.66666667
1133 6083.33333333
1134 6083.33333333
1135 6125.0
1136 6125.0
1137 6125.0
1138 6125.0
1139 6166.66666667
1140 6166.66666667
1141 6166.66666667
1142 6166.66666667
1143 6166.66666667
1144 6166.66666667
1145 6208.33333333
1146 6208.33333333
1147 6208.33333333
1148 6208.33333333
1149 6208.33333333
1150 6291.66666667
1151 6333.33333333
1152 6333.33333333
1153 6333.33333333
1154 6375.0
1155 6375.0
1156 6375.0
1157 6375.0
1158 6375.0
1159 6416.66666667
1160 6458.33333333
1161 6458.33333333
1162 6458.33333333
1163 6458.33333333
1164 6541.66666667
1165 6583.33333333
1166 6583.33333333
1167 6583.33333333
1168 6583.33333333
1169 6583.33333333
1170 6625.0
1171 6625.0
1172 6625.0
1173 6625.0
1174 6625.0
1175 6625.0
1176 6666.66666667
1177 6666.66666667
1178 6666.66666667
1179 6708.33333333
1180 6750.0
1181 6750.0
1182 6750.0
1183 6750.0
1184 6750.0
1185 6750.0
1186 6750.0
1187 6750.0
1188 6750.0
1189 6750.0
1194 6791.66666667
1195 6833.33333333
1196 6875.0
1197 6958.33333333
1198 6958.33333333
1199 6958.33333333
1200 6958.33333333
1201 6958.33333333
1202 6958.33333333
1203 6958.33333333
1204 6958.33333333
1205 6958.33333333
1206 6958.33333333
1212 7000.0
1213 7000.0
1214 7000.0
1215 7000.0
1216 7041.66666667
1217 7041.66666667
1218 7041.66666667
1219 7041.66666667
1220 7041.66666667
1221 7041.66666667
1222 7041.66666667
1223 7083.33333333
1224 7083.33333333
1225 7083.33333333
1226 7083.33333333
1227 7083.33333333
1228 7083.33333333
1229 7083.33333333
1230 7083.33333333
1231 7083.33333333
1232 7083.33333333
1243 7125.0
1244 7125.0
1245 7125.0
1246 7125.0
1247 7125.0
1248 7125.0
1249 7125.0
1250 7125.0
1251 7125.0
1252 7125.0
1261 7166.66666667
1262 7208.33333333
1263 7208.33333333
1264 7208.33333333
1265 7208.33333333
1266 7208.33333333
1267 7208.33333333
1268 7208.33333333
1269 7208.33333333
1270 7208.33333333
1271 7208.33333333
1374 7250.0
1375 7250.0
1376 7250.0
1377 7250.0
1378 7250.0
1379 7250.0
1380 7250.0
1381 7250.0
1382 7250.0
1383 7250.0
1432 7291.66666667
1433 7291.66666667
1434 7291.66666667
1435 7291.66666667
1436 7291.66666667
1437 7291.66666667
1438 7291.66666667
1439 7291.66666667
1440 7291.66666667
1441 7291.66666667
1442 7333.33333333
1443 7333.33333333
1444 7333.33333333
1445 7333.33333333
1446 7333.33333333
1447 7333.33333333
1448 7333.33333333
1449 7333.33333333
1450 7333.33333333
1451 7333.33333333
1501 10000.0
