0 0.0
1 19.7231232104
2 2261.48916752
3 2402.76052004
4 2473.40516136
5 2564.57978093
6 2660.07555749
7 2742.69751363
8 2807.40728787
9 4198.04884521
10 7922.90410438
11 9520.17227252
12 9626.03165382
13 9669.78112712
14 9696.22804234
15 9714.55261681
16 9726.76302309
17 9736.64251481
18 9742.81047334
19 9748.33294784
20 9753.19200819
21 9757.06491238
22 9760.91988647
23 9763.84249472
24 9766.74717287
25 9769.65185102
26 9773.57854555
27 9777.05698727
28 9780.85817102
29 9785.52000014
30 9790.95282408
31 9797.78419676
32 9804.45419843
33 9812.3255176
34 9817.8479921
35 9823.99802052
36 9828.67777975
37 9833.96716279
38 9839.00552427
39 9844.24111697
40 9849.96082271
41 9856.18257157
42 9862.61948178
43 9867.29924102
44 9872.73206496
45 9876.2284368
46 9880.13720122
47 9883.47220205
48 9888.00852039
49 9892.3476075
50 9898.031453
51 9903.93045985
52 9908.73572987
53 9913.37962888
54 9917.62906543
55 9923.36670127
56 9927.93887983
57 9932.38554761
58 9935.68468822
59 9938.84038794
60 9941.51197463
61 9944.12977098
62 9946.9985889
63 9949.88533693
64 9952.8258753
65 9955.2105802
66 9958.50972081
67 9960.89442571
68 9963.26120049
69 9965.01835147
70 9967.34926603
71 9968.92711589
72 9970.50496574
73 9971.70628325
74 9972.83588031
75 9974.16270859
76 9975.54332722
77 9977.0135964
78 9978.34042469
79 9979.59553253
80 9980.49203813
81 9981.37061362
82 9982.01609765
83 9982.80502258
84 9983.46843673
85 9984.0242702
86 9985.04628658
87 9985.9607223
88 9986.78550745
89 9987.43099148
90 9988.27370675
91 9988.84747033
92 9989.49295436
93 9990.13843839
94 9990.78392243
95 9991.25010534
96 9991.69835814
97 9992.30798195
98 9992.66658419
99 9993.29413811
100 9993.70653068
101 9994.13685337
102 9994.38787494
103 9994.6209664
104 9995.01542886
105 9995.32024077
106 9995.66091289
107 9995.92986457
108 9996.36018726
109 9996.64706905
110 9996.96981107
111 9997.18497241
112 9997.40013376
113 9997.56150477
114 9997.84838656
115 9998.00975757
116 9998.27870925
117 9998.44008026
118 9998.5118007
119 9998.58352115
120 9998.67317171
121 9998.72696205
122 9998.7986825
123 9998.83454272
124 9998.9600535
125 9999.06763418
126 9999.13935462
127 9999.15728474
128 9999.22900518
129 9999.2469353
130 9999.31865574
131 9999.33658586
132 9999.44416653
133 9999.48002675
134 9999.51588698
135 9999.58760742
136 9999.58760742
137 9999.60553754
138 9999.62346765
139 9999.62346765
140 9999.64139776
141 9999.64139776
142 9999.64139776
143 9999.65932787
144 9999.67725798
145 9999.67725798
146 9999.67725798
147 9999.6951881
148 9999.6951881
149 9999.71311821
150 9999.71311821
151 9999.73104832
152 9999.74897843
153 9999.76690854
154 9999.76690854
155 9999.76690854
156 9999.76690854
157 9999.76690854
158 9999.78483866
159 9999.78483866
160 9999.78483866
161 9999.80276877
162 9999.80276877
163 9999.80276877
164 9999.82069888
165 9999.82069888
166 9999.82069888
167 9999.82069888
168 9999.83862899
169 9999.83862899
170 9999.8565591
171 9999.8565591
172 9999.8565591
173 9999.87448922
174 9999.89241933
175 9999.89241933
176 9999.89241933
177 9999.91034944
178 9999.92827955
179 9999.92827955
180 9999.92827955
181 9999.92827955
182 9999.94620966
183 9999.94620966
184 9999.96413978
185 9999.96413978
186 9999.96413978
187 9999.96413978
188 9999.96413978
189 9999.96413978
190 9999.96413978
191 9999.96413978
192 9999.96413978
193 9999.96413978
288 9999.98206989
289 9999.98206989
290 9999.98206989
291 9999.98206989
292 9999.98206989
293 9999.98206989
294 9999.98206989
295 9999.98206989
296 9999.98206989
297 9999.98206989
371 10000.0
372 10000.0
373 10000.0
374 10000.0
375 10000.0
376 10000.0
377 10000.0
378 10000.0
379 10000.0
380 10000.0
1501 10000.0
