0 0.0
1 0.0
2 0.0
3 0.0
4 0.0
5 0.0
6 0.0
7 0.0
8 0.0
32 0.0216414147426
33 0.0216414147426
34 0.0216414147426
35 0.0216414147426
36 0.0216414147426
37 0.0216414147426
38 0.0216414147426
39 0.0216414147426
40 0.0216414147426
41 0.0216414147426
42 0.0432828294851
43 0.0432828294851
44 0.0649242442277
45 0.108207073713
46 0.108207073713
47 0.129848488455
48 0.151489903198
49 0.151489903198
50 0.151489903198
51 0.151489903198
52 0.151489903198
53 0.151489903198
54 0.151489903198
55 0.194772732683
56 0.194772732683
57 0.194772732683
58 0.216414147426
59 0.238055562168
60 0.238055562168
61 0.281338391653
62 0.281338391653
63 0.281338391653
64 0.302979806396
65 0.302979806396
66 0.367904050624
67 0.432828294851
68 0.432828294851
69 0.454469709594
70 0.454469709594
71 0.519393953822
72 0.541035368564
73 0.541035368564
74 0.584318198049
75 0.605959612792
76 0.605959612792
77 0.605959612792
78 0.627601027534
79 0.649242442277
80 0.692525271762
81 0.779090930732
82 0.779090930732
83 0.822373760217
84 0.84401517496
85 0.865656589703
86 0.887298004445
87 0.908939419188
88 0.908939419188
89 0.952222248673
90 0.973863663415
91 0.973863663415
92 0.973863663415
93 1.0171464929
94 1.0171464929
95 1.10371215187
96 1.12535356661
97 1.14699498136
98 1.21191922558
99 1.25520205507
100 1.3201262993
101 1.42833337301
102 1.44997478775
103 1.49325761724
104 1.53654044672
105 1.57982327621
106 1.60146469095
107 1.64474752043
108 1.70967176466
109 1.77459600889
110 1.79623742363
111 1.81787883838
112 1.8828030826
113 1.90444449735
114 1.96936874157
115 1.99101015632
116 2.0342929858
117 2.05593440054
118 2.05593440054
119 2.16414147426
120 2.22906571848
121 2.29398996271
122 2.38055562168
123 2.40219703642
124 2.42383845117
125 2.46712128065
126 2.46712128065
127 2.51040411014
128 2.55368693962
129 2.57532835437
130 2.57532835437
131 2.59696976911
132 2.64025259859
133 2.66189401334
134 2.66189401334
135 2.70517684282
136 2.74845967231
137 2.81338391653
138 2.83502533128
139 2.87830816076
140 2.92159099025
141 2.92159099025
142 2.92159099025
143 2.94323240499
144 2.96487381973
145 3.00815664922
146 3.00815664922
147 3.11636372293
148 3.11636372293
149 3.15964655241
150 3.24621221138
151 3.28949504087
152 3.39770211458
153 3.5059091883
154 3.52755060304
155 3.57083343252
156 3.61411626201
157 3.70068192098
158 3.74396475046
159 3.78724757995
160 3.85217182418
161 3.87381323892
162 3.93873748315
163 4.00366172737
164 4.09022738634
165 4.17679304531
166 4.30664153377
167 4.371565778
168 4.45813143697
169 4.50141426645
170 4.56633851068
171 4.69618699914
172 4.84767690233
173 4.97752539079
174 5.06409104976
175 5.17229812347
176 5.21558095296
177 5.34542944141
178 5.41035368564
179 5.51856075935
180 5.62676783307
181 5.73497490678
182 5.90810622472
183 5.99467188369
184 6.16780320163
185 6.27601027534
186 6.4058587638
187 6.42750017854
188 6.51406583751
189 6.62227291122
190 6.73047998494
191 6.77376281442
192 6.83868705865
193 7.01181837659
194 7.05510120608
195 7.16330827979
196 7.24987393876
197 7.33643959773
198 7.46628808618
199 7.48792950093
200 7.59613657464
201 9.63042956044
202 21.9660359637
203 62.0026532374
204 136.232705804
205 226.087859816
206 309.428947989
207 369.938343609
208 404.651172856
209 426.032890622
210 439.861754643
211 448.539961954
212 456.352512676
213 462.909861343
214 469.337361522
215 474.336528328
216 478.556604202
217 483.252791201
218 489.398952988
219 494.614533941
220 499.332362355
221 502.859912958
222 506.322539317
223 509.871731335
224 513.291074864
225 516.667135564
226 518.917842697
227 520.887211439
228 522.402110471
229 523.830443844
230 524.99908024
231 526.254282295
232 527.184863129
233 527.985595474
234 528.916176308
235 529.716908654
236 530.47435817
237 531.080317783
238 531.70791881
239 532.5735754
240 533.374307745
241 534.196681505
242 534.954131021
243 535.776504782
244 536.577237127
245 537.18319674
246 537.940646256
247 538.568247283
248 539.152565482
249 539.628676606
250 540.10478773
251 540.55925744
252 541.035368564
253 541.554762518
254 542.117439301
255 542.463701937
256 543.004737306
257 543.827111066
258 544.822616144
259 545.883045466
260 547.289737425
261 548.393449577
262 549.280747581
263 550.081479927
264 550.968777931
265 551.899358765
266 552.74337394
267 553.522464871
268 554.150065898
269 554.864232585
270 555.773172004
271 556.638828594
272 557.439560939
273 558.045520552
274 558.716404409
275 559.473853925
276 560.123096367
277 560.837263054
278 561.702919643
279 563.196177261
280 565.684939956
281 567.567743038
282 569.99158149
283 571.203500715
284 572.956455309
285 574.125091705
286 575.315369516
287 576.440723083
288 577.631000894
289 578.713071631
290 580.011556515
291 581.396607059
292 582.651809114
293 583.777162681
294 585.05400615
295 586.179359717
296 587.283071869
297 588.516632509
298 589.728551735
299 590.680773984
300 591.676279062
301 592.736708384
302 593.753854877
303 594.706077126
304 595.506809471
305 596.394107476
306 597.497819627
307 598.471683291
308 599.294057051
309 600.419410618
310 601.198501548
311 601.89102682
312 602.626834921
313 603.276077364
314 604.120092539
315 604.85590064
316 605.894688548
317 606.50064816
318 607.344663335
319 609.162542174
320 611.369966477
321 613.880370588
322 616.498981771
323 618.749688905
324 619.831759642
325 621.000396038
326 622.082466775
327 622.688426388
328 623.640648636
329 624.657795129
330 625.263754742
331 625.89135577
332 626.627163871
333 627.298047728
334 627.94729017
335 628.40175988
336 628.877871004
337 629.67860335
338 630.479335695
339 631.150219552
340 632.080800386
341 632.794967073
342 633.747189321
343 634.937467132
344 636.75534597
345 639.114260177
346 643.723881518
347 650.237947355
348 660.149715307
349 675.49347836
350 697.784135545
351 729.055979848
352 774.805930613
353 838.453331371
354 925.105556
355 1032.83651859
356 1163.204401
357 1335.08051688
358 1538.92100234
359 1775.89449377
360 2047.03977908
361 2329.43860006
362 2636.42206818
363 2961.12985498
364 3291.65918234
365 3618.61767627
366 3918.52440178
367 4206.93953605
368 4481.46088206
369 4729.21179803
370 4953.43849618
371 5141.11284483
372 5314.00610721
373 5470.94964692
374 5606.90101433
375 5724.34897214
376 5822.70920215
377 5908.84203282
378 5985.53920667
379 6056.82602683
380 6117.91974065
381 6172.86729268
382 6221.17093039
383 6268.7604014
384 6310.39848337
385 6346.66949448
386 6378.54729839
387 6406.20502643
388 6431.67697159
389 6452.51765398
390 6471.43225047
391 6488.33419538
392 6502.79066043
393 6514.54194864
394 6525.62235298
395 6535.31770679
396 6543.51980298
397 6551.05101531
398 6557.30538417
399 6562.30455097
400 6566.20000563
401 6570.05217745
402 6573.53644522
403 6576.52296046
404 6579.70424843
405 6582.17136971
406 6585.02803645
407 6587.60336481
408 6590.65480429
409 6593.98758216
410 6597.23379437
411 6600.50164799
412 6604.0291986
413 6607.66495627
414 6610.91116848
415 6613.91932513
416 6617.90134545
417 6621.88336576
418 6627.0773053
419 6631.75185088
420 6637.3569773
421 6643.13523504
422 6648.6537958
423 6654.43205353
424 6659.90733146
425 6665.01470534
426 6670.05715498
427 6675.46750866
428 6680.94278659
429 6685.9419534
430 6691.09261011
431 6696.00521125
432 6700.42005986
433 6704.07745895
434 6707.54008531
435 6710.56988337
436 6713.44819154
437 6716.13172696
438 6718.62048966
439 6720.7413483
440 6723.12190393
441 6724.96142418
442 6726.34647472
443 6727.94793941
444 6729.91730815
445 6731.90831831
446 6734.15902544
447 6736.40973258
448 6738.59551547
449 6740.93278826
450 6743.76781359
451 6746.23493487
452 6749.67591981
453 6753.48480881
454 6757.16384932
455 6761.1025868
456 6765.92862229
457 6770.90614768
458 6775.42920336
459 6780.55821865
460 6786.2066279
461 6791.50877451
462 6796.16167868
463 6800.8795071
464 6805.81374966
465 6810.09874978
466 6814.51359838
467 6818.27920455
468 6822.08809354
469 6825.37758858
470 6827.80142703
471 6830.57152812
472 6832.8871595
473 6834.76996258
474 6836.28486161
475 6837.86468489
476 6839.35794251
477 6840.54822032
478 6841.37059408
479 6842.40938199
480 6843.64294263
481 6844.6384477
482 6845.41753864
483 6846.28319523
484 6847.34362455
485 6848.72867509
486 6850.02715998
487 6851.3905691
488 6853.10024087
489 6855.15617527
490 6856.8225642
491 6859.24640266
492 6862.16799365
493 6865.11122605
494 6867.57834733
495 6870.58650398
496 6873.46481214
497 6876.60281728
498 6879.84902949
499 6883.37658009
500 6886.73099938
501 6890.02049442
502 6892.85551975
503 6896.0151663
504 6899.47779266
505 6902.39938365
506 6905.51574738
507 6908.17764139
508 6910.40670711
509 6912.83054556
510 6915.18945977
511 6917.57001539
512 6919.71251545
513 6922.20127814
514 6925.33928328
515 6927.82804598
516 6930.44665716
517 6933.08690976
518 6935.6405967
519 6938.21592505
520 6940.42334936
521 6942.99867771
522 6945.57400606
523 6947.99784452
524 6949.96721326
525 6951.87165775
526 6953.58132952
527 6955.72382958
528 6957.49842559
529 6958.86183472
530 6960.37673375
531 6961.80506712
532 6963.19011766
533 6964.14233991
534 6964.89978943
535 6965.65723895
536 6966.37140563
537 6967.02064807
538 6967.58332486
539 6968.12436023
540 6968.53554711
541 6968.88180974
542 6969.22807238
543 6969.57433501
544 6969.87731482
545 6970.18029463
546 6970.65640575
547 6971.13251687
548 6971.86832498
549 6972.32279469
550 6972.99367854
551 6973.49143108
552 6974.2488806
553 6975.17946143
554 6976.1533251
555 6977.21375442
556 6978.68537062
557 6980.11370399
558 6982.25620405
559 6984.00915865
560 6986.51956276
561 6989.18145677
562 6991.90827503
563 6995.02463875
564 6997.64324993
565 7000.45663385
566 7004.65506831
567 7008.33410882
568 7011.51539678
569 7015.15115446
570 7018.85183638
571 7022.53087689
572 7026.27484164
573 7029.47777102
574 7032.61577616
575 7035.49408432
576 7038.43731672
577 7040.96936225
578 7043.28499363
579 7045.51405935
580 7047.59163516
581 7049.69085239
582 7051.22739284
583 7052.59080197
584 7054.06241817
585 7055.01464042
586 7056.03178691
587 7057.0489334
588 7057.52504453
589 7058.26085263
590 7059.08322639
591 7059.49441327
592 7060.03544864
593 7060.53320118
594 7061.13916079
595 7061.31229211
596 7061.5936305
597 7061.83168606
598 7062.09138304
599 7062.41600426
600 7062.61077699
601 7062.87047397
602 7063.00032246
603 7063.13017095
604 7063.2167366
605 7063.30330226
606 7063.38986792
607 7063.41150934
608 7063.56299924
609 7063.88762046
610 7064.03911036
611 7064.12567602
612 7064.25552451
613 7064.385373
614 7064.5368629
615 7064.64506998
616 7064.70999422
617 7064.79655988
618 7064.9696912
619 7065.05625686
620 7065.20774676
621 7065.31595383
622 7065.42416091
623 7065.5540094
624 7065.66221647
625 7065.74878213
626 7065.8569892
627 7065.96519628
628 7066.09504477
629 7066.22489325
630 7066.4413074
631 7066.61443872
632 7066.76592862
633 7066.89577711
634 7067.00398418
635 7067.19875692
636 7067.39352965
637 7067.58830238
638 7067.97784785
639 7068.28082765
640 7068.58380746
641 7069.03827717
642 7069.57931254
643 7070.12034791
644 7070.72630752
645 7071.70017118
646 7072.65239343
647 7073.84267124
648 7074.83817632
649 7076.37471677
650 7077.67320165
651 7079.88062596
652 7082.06640885
653 7084.6417372
654 7086.78423726
655 7089.35956561
656 7092.25951519
657 7095.31095467
658 7098.47060122
659 7102.08471748
660 7105.20108121
661 7108.55550049
662 7112.10469251
663 7116.06507141
664 7120.43663718
665 7123.9858292
666 7127.85964244
667 7132.25284963
668 7136.08338004
669 7140.19524884
670 7143.78772369
671 7147.40183995
672 7150.92939056
673 7153.85098155
674 7156.98898668
675 7159.78072919
676 7161.75009793
677 7163.89259799
678 7165.86196673
679 7167.85297688
680 7169.43280016
681 7170.77456788
682 7172.31110832
683 7173.43646189
684 7174.67002253
685 7175.55732053
686 7176.50954278
687 7177.11550239
688 7177.78638625
689 7178.32742162
690 7178.99830548
691 7179.51769943
692 7179.86396207
693 7180.16694187
694 7180.53484592
695 7180.72961866
696 7180.90274997
697 7181.20572978
698 7181.44378534
699 7181.530351
700 7181.66019949
701 7181.89825505
702 7182.15795203
703 7182.37436618
704 7182.50421467
705 7182.65570457
706 7182.72062881
707 7182.76391164
708 7182.8504773
709 7182.95868438
710 7183.11017428
711 7183.2833056
712 7183.39151267
713 7183.45643691
714 7183.54300257
715 7183.65120965
716 7183.75941672
717 7183.88926521
718 7184.12732077
719 7184.23552784
720 7184.38701775
721 7184.71163897
722 7185.05790161
723 7185.44744707
724 7185.88027537
725 7186.33474507
726 7186.6593663
727 7187.24368449
728 7187.6981542
729 7188.34739665
730 7189.08320475
731 7189.84065426
732 7190.83615934
733 7191.78838159
734 7193.08686647
735 7194.42863419
736 7195.90025039
737 7197.22037669
738 7198.67035148
739 7200.63972022
740 7202.28446774
741 7203.73444253
742 7205.66052844
743 7206.89408908
744 7208.56047802
745 7210.31343261
746 7212.23951852
747 7214.03575595
748 7215.70214488
749 7217.7797207
750 7219.53267529
751 7221.50204403
752 7223.16843297
753 7224.683332
754 7226.47956942
755 7227.82133714
756 7229.16310485
757 7230.67800388
758 7232.27946857
759 7233.46974638
760 7234.48689288
761 7235.6988121
762 7236.54282728
763 7237.64653943
764 7238.07936772
765 7238.98830714
766 7239.78903949
767 7240.58977183
768 7241.17409003
769 7241.80169106
770 7242.34272643
771 7242.92704463
772 7243.33823151
773 7244.13896385
774 7244.98297903
775 7245.74042854
776 7246.49787806
777 7247.34189323
778 7248.29411548
779 7249.24633773
780 7250.00378725
781 7250.91272667
782 7251.80002467
783 7253.05522673
784 7253.85595907
785 7254.93802981
786 7256.27979752
787 7257.44843392
788 7258.87676729
789 7260.28345925
790 7262.03641384
791 7263.33489873
792 7264.74159069
793 7266.0833584
794 7267.49005036
795 7268.76689383
796 7270.67133833
797 7272.18623736
798 7273.50636366
799 7275.02126269
800 7276.34138899
801 7277.92121227
802 7279.30626281
803 7280.43161638
804 7281.75174267
805 7282.63904068
806 7283.69947
807 7284.52184376
808 7285.38750035
809 7286.1882327
810 7286.98896504
811 7287.8113388
812 7288.85012671
813 7289.52101057
814 7290.19189442
815 7290.66800555
816 7291.40381365
817 7291.7717177
818 7292.33439448
819 7292.78886419
820 7293.17840966
821 7293.41646522
822 7293.56795512
823 7293.78436927
824 7294.04406625
825 7294.23883898
826 7294.49853596
827 7294.73659152
828 7294.9962885
829 7295.19106123
830 7295.99179358
831 7298.675329
832 7305.8602787
833 7317.82798105
834 7339.6208857
835 7360.67798224
836 7384.74323543
837 7414.52182212
838 7438.50050966
839 7459.90386884
840 7474.20884398
841 7487.60487971
842 7497.62485473
843 7507.32020854
844 7513.7260673
845 7520.60803719
846 7526.38629492
847 7530.73621929
848 7534.93465375
849 7538.05101747
850 7541.25394685
851 7543.65614389
852 7546.44788639
853 7548.26576523
854 7550.62467944
855 7552.59404818
856 7554.26043711
857 7555.79697756
858 7556.96561396
859 7558.13425035
860 7559.30288675
861 7560.62301305
862 7561.35882115
863 7562.07298784
864 7562.67894745
865 7563.26326565
866 7563.7826596
867 7564.19384648
868 7564.47518487
869 7564.90801317
870 7565.21099297
871 7565.49233136
872 7565.79531117
873 7566.37962937
874 7566.74753342
875 7567.0072304
876 7567.41841728
877 7567.85124557
878 7568.28407387
879 7569.04152338
880 7569.51763451
881 7570.16687695
882 7570.64298807
883 7571.01089212
884 7571.50864466
885 7571.94147296
886 7572.37430125
887 7572.89369521
888 7573.34816492
889 7573.84591746
890 7574.62500839
891 7575.40409932
892 7576.26975591
893 7576.94063976
894 7577.8712206
895 7578.93164992
896 7579.94879641
897 7581.00922574
898 7582.00473081
899 7583.71440258
900 7585.05617029
901 7586.57106932
902 7588.56207948
903 7590.59637247
904 7592.37096847
905 7594.64331702
906 7596.50447869
907 7598.77682724
908 7600.70291315
909 7603.10511019
910 7605.31253449
911 7607.60652445
912 7609.90051442
913 7612.9519539
914 7615.26758527
915 7617.9511207
916 7620.4398834
917 7622.95028751
918 7625.72038859
919 7628.72854524
920 7631.54192916
921 7634.11725751
922 7636.82243436
923 7639.80894959
924 7642.27607087
925 7644.46185376
926 7646.90733363
927 7649.24460642
928 7651.36546506
929 7653.14006107
930 7655.10942981
931 7656.60268743
932 7658.48549051
933 7660.23844511
934 7661.38544009
935 7662.55407649
936 7664.22046542
937 7665.41074323
938 7667.05549075
939 7668.18084432
940 7669.50097062
941 7670.47483428
942 7671.25392521
943 7672.14122322
944 7673.09344546
945 7674.08895054
946 7674.69491016
947 7675.19266269
948 7675.90682938
949 7676.44786475
950 7677.03218295
951 7677.48665266
952 7677.78963246
953 7678.11425369
954 7678.46051632
955 7678.69857188
956 7678.93662745
957 7679.26124867
958 7679.47766281
959 7679.78064262
960 7679.97541535
961 7680.17018809
962 7680.3433194
963 7680.51645072
964 7680.71122345
965 7680.86271336
966 7681.05748609
967 7681.25225882
968 7681.38210731
969 7681.46867297
970 7681.64180429
971 7681.81493561
972 7681.98806692
973 7682.07463258
974 7682.22612249
975 7682.33432956
976 7682.46417805
977 7682.52910229
978 7682.57238512
979 7682.70223361
980 7682.91864776
981 7683.00521342
982 7683.09177908
983 7683.22162756
984 7683.37311747
985 7683.48132454
986 7683.50296596
987 7683.65445586
988 7683.74102152
989 7683.80594576
990 7683.87087001
991 7684.00071849
992 7684.06564274
993 7684.13056698
994 7684.23877406
995 7684.32533972
996 7684.47682962
997 7684.58503669
998 7684.67160235
999 7684.86637508
1000 7684.90965791
1001 7685.12607206
1002 7685.19099631
1003 7685.32084479
1004 7685.40741045
1005 7685.49397611
1006 7685.58054177
1007 7685.64546602
1008 7685.71039026
1009 7685.86188016
1010 7685.92680441
1011 7685.94844582
1012 7686.01337007
1013 7686.12157714
1014 7686.22978421
1015 7686.31634987
1016 7686.38127412
1017 7686.40291553
1018 7686.48948119
1019 7686.57604685
1020 7686.66261251
1021 7686.72753675
1022 7686.77081958
1023 7686.87902666
1024 7686.92230949
1025 7687.03051656
1026 7687.20364788
1027 7687.22528929
1028 7687.26857212
1029 7687.35513778
1030 7687.39842061
1031 7687.50662768
1032 7687.61483476
1033 7687.65811759
1034 7687.74468325
1035 7687.78796607
1036 7687.98273881
1037 7688.04766305
1038 7688.09094588
1039 7688.19915296
1040 7688.32900144
1041 7688.4155671
1042 7688.52377418
1043 7688.56705701
1044 7688.65362266
1045 7688.80511257
1046 7688.91331964
1047 7689.02152672
1048 7689.17301662
1049 7689.54092067
1050 7689.71405199
1051 7689.97374896
1052 7690.21180453
1053 7690.53642575
1054 7690.88268838
1055 7691.0558197
1056 7691.44536517
1057 7691.76998639
1058 7692.15953185
1059 7692.61400156
1060 7692.89533995
1061 7693.17667835
1062 7693.41473391
1063 7693.78263796
1064 7694.34531474
1065 7694.97291577
1066 7695.57887538
1067 7696.20647641
1068 7697.09377441
1069 7697.78629969
1070 7698.58703203
1071 7699.30119872
1072 7700.16685531
1073 7700.85938058
1074 7702.00637556
1075 7702.98023922
1076 7703.93246147
1077 7704.79811806
1078 7705.59885041
1079 7706.37794134
1080 7707.41672925
1081 7708.32566867
1082 7709.34281516
1083 7710.10026467
1084 7711.3121839
1085 7712.45917888
1086 7713.30319406
1087 7714.03900216
1088 7714.79645167
1089 7715.74867392
1090 7716.72253759
1091 7717.71804266
1092 7718.47549218
1093 7719.21130028
1094 7719.94710838
1095 7720.68291648
1096 7721.61349732
1097 7722.54407815
1098 7723.62614889
1099 7724.72986104
1100 7725.35746207
1101 7726.09327017
1102 7726.76415403
1103 7727.54324496
1104 7728.12756316
1105 7728.69023994
1106 7729.25291672
1107 7729.79395209
1108 7730.27006321
1109 7731.00587132
1110 7731.5685481
1111 7732.17450771
1112 7732.7371845
1113 7732.99688147
1114 7733.40806835
1115 7733.64612391
1116 7734.16551787
1117 7734.61998758
1118 7735.00953304
1119 7735.26923002
1120 7735.65877549
1121 7735.96175529
1122 7736.2647351
1123 7736.43786642
1124 7736.63263915
1125 7736.8490533
1126 7737.1520331
1127 7737.36844725
1128 7737.60650281
1129 7737.77963413
1130 7738.12589677
1131 7738.36395233
1132 7738.60200789
1133 7738.75349779
1134 7738.92662911
1135 7739.29453316
1136 7739.55423014
1137 7739.66243721
1138 7739.87885136
1139 7740.05198268
1140 7740.20347258
1141 7740.33332107
1142 7740.59301805
1143 7740.78779078
1144 7741.06912917
1145 7741.19897766
1146 7741.43703322
1147 7741.6967302
1148 7741.86986152
1149 7742.17284132
1150 7742.49746254
1151 7742.88700801
1152 7743.06013933
1153 7743.49296762
1154 7743.88251309
1155 7744.29369997
1156 7744.76981109
1157 7745.28920505
1158 7745.91680607
1159 7746.32799295
1160 7746.82574549
1161 7747.58319501
1162 7748.31900311
1163 7748.98988697
1164 7749.72569507
1165 7750.56971024
1166 7751.392084
1167 7752.19281635
1168 7752.73385172
1169 7753.85920528
1170 7754.94127602
1171 7755.91513968
1172 7756.62930637
1173 7757.64645286
1174 7758.92329633
1175 7760.35162971
1176 7761.43370044
1177 7762.60233684
1178 7763.92246314
1179 7765.15602378
1180 7766.51943291
1181 7768.01269053
1182 7769.70072088
1183 7771.56188254
1184 7773.24991289
1185 7774.78645334
1186 7776.17150388
1187 7777.85953423
1188 7779.61248883
1189 7781.73334747
1190 7783.55122631
1191 7785.28253949
1192 7787.38175672
1193 7788.89665575
1194 7790.45483761
1195 7792.46748918
1196 7794.15551953
1197 7795.88683271
1198 7797.81291863
1199 7799.47930756
1200 7801.16733791
1201 7802.44418138
1202 7803.63445919
1203 7805.2575653
1204 7806.94559565
1205 7808.37392902
1206 7809.71569673
1207 7810.77612606
1208 7812.18281802
1209 7813.93577261
1210 7815.03948476
1211 7816.31632823
1212 7817.57153029
1213 7818.50211112
1214 7819.54089903
1215 7820.3849142
1216 7821.14236372
1217 7822.00802031
1218 7823.13337387
1219 7823.84754056
1220 7824.58334866
1221 7825.05945979
1222 7826.01168204
1223 7826.59600023
1224 7827.33180834
1225 7828.06761644
1226 7828.6086518
1227 7829.12804576
1228 7829.60415688
1229 7830.16683367
1230 7830.64294479
1231 7831.05413167
1232 7831.66009128
1233 7832.15784382
1234 7832.54738929
1235 7833.06678324
1236 7833.32648022
1237 7833.7376671
1238 7833.99736408
1239 7834.3219853
1240 7834.51675803
1241 7834.75481359
1242 7835.10107623
1243 7835.27420755
1244 7835.66375301
1245 7835.96673282
1246 7836.20478838
1247 7836.33463687
1248 7836.57269243
1249 7836.9622379
1250 7837.09208638
1251 7837.28685912
1252 7837.43834902
1253 7837.58983892
1254 7837.67640458
1255 7837.97938439
1256 7838.15251571
1257 7838.36892985
1258 7838.47713693
1259 7838.585344
1260 7838.65026825
1261 7838.80175815
1262 7838.97488947
1263 7839.14802078
1264 7839.21294503
1265 7839.45100059
1266 7839.58084908
1267 7839.73233898
1268 7839.84054606
1269 7839.9054703
1270 7839.99203596
1271 7840.10024303
1272 7840.23009152
1273 7840.38158142
1274 7840.51142991
1275 7840.61963699
1276 7840.74948548
1277 7840.90097538
1278 7840.98754104
1279 7841.11738953
1280 7841.18231377
1281 7841.33380367
1282 7841.65842489
1283 7841.76663197
1284 7841.89648046
1285 7841.9614047
1286 7842.04797036
1287 7842.15617743
1288 7842.28602592
1289 7842.37259158
1290 7842.5457229
1291 7842.84870271
1292 7842.97855119
1293 7843.08675827
1294 7843.21660676
1295 7843.34645524
1296 7843.41137949
1297 7843.49794515
1298 7843.56286939
1299 7843.69271788
1300 7843.77928354
1301 7843.95241486
1302 7844.0173391
1303 7844.12554618
1304 7844.23375325
1305 7844.42852598
1306 7844.49345023
1307 7844.51509164
1308 7844.62329871
1309 7844.62329871
1310 7844.7531472
1311 7844.86135428
1312 7844.96956135
1313 7845.05612701
1314 7845.12105125
1315 7845.3374654
1316 7845.40238965
1317 7845.4889553
1318 7845.55387955
1319 7845.59716238
1320 7845.66208662
1321 7845.7702937
1322 7845.83521794
1323 7845.96506643
1324 7846.02999067
1325 7846.18148058
1326 7846.31132906
1327 7846.41953614
1328 7846.48446038
1329 7846.52774321
1330 7846.61430887
1331 7846.63595029
1332 7846.76579877
1333 7846.89564726
1334 7846.96057151
1335 7847.13370282
1336 7847.22026848
1337 7847.26355131
1338 7847.32847556
1339 7847.3933998
1340 7847.45832405
1341 7847.56653112
1342 7847.65309678
1343 7847.76130385
1344 7847.89115234
1345 7848.04264224
1346 7848.17249073
1347 7848.19413215
1348 7848.30233922
1349 7848.38890488
1350 7848.49711195
1351 7848.60531903
1352 7848.69188469
1353 7848.77845034
1354 7848.77845034
1355 7848.82173317
1356 7848.90829883
1357 7849.08143015
1358 7849.18963723
1359 7849.27620288
1360 7849.2978443
1361 7849.42769279
1362 7849.47097562
1363 7849.51425845
1364 7849.57918269
1365 7849.68738976
1366 7849.77395542
1367 7849.81723825
1368 7849.86052108
1369 7849.8821625
1370 7849.92544533
1371 7849.99036957
1372 7850.09857664
1373 7850.1851423
1374 7850.25006655
1375 7850.29334938
1376 7850.37991504
1377 7850.40155645
1378 7850.46648069
1379 7850.59632918
1380 7850.63961201
1381 7850.68289484
1382 7850.74781909
1383 7850.79110192
1384 7850.85602616
1385 7850.89930899
1386 7850.94259182
1387 7851.00751606
1388 7851.05079889
1389 7851.13736455
1390 7851.24557163
1391 7851.33213728
1392 7851.41870294
1393 7851.46198577
1394 7851.54855143
1395 7851.57019285
1396 7851.65675851
1397 7851.72168275
1398 7851.76496558
1399 7851.85153124
1400 7851.9380969
1401 7852.02466256
1402 7852.0895868
1403 7852.13286963
1404 7852.13286963
1405 7852.28435953
1406 7852.32764236
1407 7852.41420802
1408 7852.58733934
1409 7852.63062217
1410 7852.78211207
1411 7852.9768848
1412 7853.10673329
1413 7853.27986461
1414 7853.53956159
1415 7853.79925857
1416 7854.10223837
1417 7854.51342525
1418 7854.7298394
1419 7855.14102628
1420 7855.50893033
1421 7855.98504145
1422 7856.3529455
1423 7856.91562229
1424 7857.5215819
1425 7858.19246576
1426 7859.16632942
1427 7859.94542035
1428 7861.30882948
1429 7862.58567295
1430 7863.86251642
1431 7865.39905687
1432 7866.95723873
1433 7868.3855721
1434 7870.85269338
1435 7872.9302692
1436 7875.44067331
1437 7878.23241581
1438 7881.24057246
1439 7884.94125438
1440 7888.75014337
1441 7892.84037076
1442 7896.97388098
1443 7902.08125486
1444 7907.10206308
1445 7912.40420969
1446 7918.24739167
1447 7924.50176053
1448 7932.63893247
1449 7939.73731651
1450 7948.61029655
1451 7956.50941293
1452 7967.00549908
1453 7976.20310035
1454 7987.73797441
1455 7997.47661104
1456 8009.09805076
1457 8022.25603092
1458 8035.26252118
1459 8051.16896102
1460 8065.36572909
1461 8083.11168918
1462 8099.47259872
1463 8118.97151341
1464 8136.17643813
1465 8157.49323165
1466 8177.90108575
1467 8198.39550551
1468 8223.780885
1469 8244.59992599
1470 8271.65169441
1471 8294.00727584
1472 8321.98962511
1473 8345.34071161
1474 8375.20586396
1475 8401.60838994
1476 8431.60339078
1477 8462.00957849
1478 8488.36882165
1479 8521.45854479
1480 8549.63566678
1481 8582.85523841
1482 8612.39576954
1483 8646.97875029
1484 8679.50579665
1485 8714.60817137
1486 8746.94044499
1487 8778.45034486
1488 8813.81241655
1489 8843.9805487
1490 8878.45532238
1491 8909.72716668
1492 8945.47878384
1493 8977.48643624
1494 9013.49775037
1495 9043.3412613
1496 9076.82052991
1497 9107.31328328
1498 9137.74111241
1499 9171.35022951
1500 9199.72212423
1501 10000.0
