0 0.0
1 0.0
2 0.0
3 0.0
4 0.0
5 0.0
6 0.0
7 0.0
8 0.0
37 0.0649256493106
38 0.0865675324141
39 0.108209415518
40 0.108209415518
41 0.108209415518
42 0.108209415518
43 0.108209415518
44 0.108209415518
45 0.129851298621
46 0.151493181725
47 0.173135064828
48 0.173135064828
49 0.173135064828
50 0.194776947932
51 0.194776947932
52 0.216418831035
53 0.216418831035
54 0.238060714139
55 0.259702597242
56 0.281344480346
57 0.324628246553
58 0.346270129657
59 0.36791201276
60 0.36791201276
61 0.389553895864
62 0.411195778967
63 0.432837662071
64 0.519405194485
65 0.541047077588
66 0.584330843795
67 0.605972726899
68 0.605972726899
69 0.605972726899
70 0.605972726899
71 0.67089837621
72 0.692540259313
73 0.692540259313
74 0.757465908624
75 0.779107791727
76 0.800749674831
77 0.800749674831
78 0.844033441038
79 0.865675324141
80 0.887317207245
81 0.908959090348
82 0.930600973452
83 0.952242856555
84 0.973884739659
85 1.01716850587
86 1.03881038897
87 1.03881038897
88 1.08209415518
89 1.08209415518
90 1.14701980449
91 1.25522922
92 1.29851298621
93 1.36343863552
94 1.40672240173
95 1.40672240173
96 1.45000616794
97 1.47164805104
98 1.55821558345
99 1.60149934966
100 1.64478311587
101 1.66642499897
102 1.70970876518
103 1.75299253139
104 1.79627629759
105 1.8395600638
106 1.8395600638
107 1.8612019469
108 1.8612019469
109 1.90448571311
110 1.94776947932
111 1.99105324553
112 2.03433701173
113 2.12090454415
114 2.20747207656
115 2.22911395966
116 2.27239772587
117 2.33732337518
118 2.35896525829
119 2.35896525829
120 2.38060714139
121 2.4238909076
122 2.48881655691
123 2.51045844001
124 2.53210032311
125 2.55374220622
126 2.57538408932
127 2.57538408932
128 2.57538408932
129 2.64030973863
130 2.68359350484
131 2.77016103725
132 2.83508668656
133 2.83508668656
134 2.85672856967
135 2.92165421898
136 2.94329610208
137 3.00822175139
138 3.13807305001
139 3.15971493312
140 3.24628246553
141 3.31120811484
142 3.35449188105
143 3.41941753036
144 3.48434317967
145 3.57091071208
146 3.63583636139
147 3.6791201276
148 3.76568766001
149 3.76568766001
150 3.80897142622
151 3.80897142622
152 3.89553895864
153 3.91718084174
154 3.96046460795
155 4.04703214036
156 4.15524155588
157 4.22016720519
158 4.3067347376
159 4.47986980243
160 4.54479545174
161 4.58807921795
162 4.60972110105
163 4.78285616588
164 4.86942369829
165 4.99927499692
166 5.04255876312
167 5.08584252933
168 5.28061947726
169 5.38882889278
170 5.5186801914
171 5.64853149002
172 5.71345713933
173 5.80002467175
174 5.88659220416
175 5.99480161968
176 6.08136915209
177 6.21122045071
178 6.40599739865
179 6.55749058037
180 6.66569999589
181 6.7522675283
182 6.79555129451
183 6.94704447623
184 7.20674707348
185 7.29331460589
186 7.3798821383
187 7.44480778762
188 7.50973343693
189 7.55301720313
190 7.66122661865
191 7.72615226796
192 7.83436168348
193 7.92092921589
194 9.34929350073
195 17.1187295349
196 78.1921236531
197 152.423782698
198 338.782038103
199 416.757742925
200 453.245957837
201 464.716155882
202 471.46842341
203 476.099786395
204 480.839358794
205 485.037884116
206 488.868497426
207 491.746867878
208 495.123001643
209 499.970783458
210 505.446179883
211 510.899934425
212 514.124575008
213 517.046229226
214 520.032809095
215 522.7164026
216 525.075367858
217 527.239556168
218 528.689562336
219 530.009717206
220 531.048527594
221 531.849277269
222 532.282114931
223 533.082864606
224 533.515702268
225 534.208242528
226 534.944066553
227 535.398546098
228 535.939593176
229 536.52392402
230 536.956761682
231 537.606018175
232 538.233632785
233 539.294085057
234 540.181402264
235 540.938868173
236 541.393347718
237 541.956036679
238 542.410516224
239 543.059772717
240 543.384400963
241 543.687387327
242 544.076941223
243 544.553062651
244 544.96425843
245 545.267244794
246 545.700082456
247 546.024710702
248 546.284413299
249 547.431433104
250 549.141141869
251 550.720999336
252 552.084437971
253 552.84190388
254 553.447876607
255 554.291910048
256 555.00609219
257 555.763558099
258 556.456098358
259 557.148638617
260 557.949388292
261 558.49043537
262 559.204617512
263 559.767306473
264 560.481488615
265 560.979251927
266 561.606866537
267 562.104629848
268 562.905379523
269 564.009115561
270 565.827033742
271 569.289735038
272 571.930044777
273 573.856172373
274 575.068117827
275 576.215137632
276 577.362157436
277 578.530819124
278 579.396494448
279 580.608439902
280 581.906952888
281 583.659945419
282 585.001742172
283 587.036079183
284 588.183098988
285 589.092058078
286 590.001017169
287 591.104753207
288 592.078637946
289 593.030880803
290 593.91819801
291 595.021934049
292 596.017460671
293 596.883135995
294 597.835378852
295 598.744337942
296 599.5667295
297 600.518972357
298 601.471215213
299 602.271964888
300 603.05107268
301 604.003315536
302 605.063767809
303 605.648098652
304 606.254071379
305 606.881685989
306 607.855570729
307 608.677962287
308 611.145136961
309 614.326493777
310 618.330242151
311 619.801890202
312 621.078761305
313 622.009362279
314 622.85339572
315 624.000415524
316 625.147435329
317 625.710124289
318 626.402664549
319 627.268339873
320 628.004163898
321 628.545210976
322 629.172825586
323 629.584021365
324 630.276561624
325 630.795966819
326 631.531790844
327 631.986270389
328 632.570601233
329 633.198215843
330 633.782546687
331 634.77807331
332 635.773599932
333 636.769126555
334 638.19749084
335 639.777348307
336 642.093029799
337 647.070662913
338 654.818457064
339 666.310296992
340 683.753654773
341 709.572421316
342 747.965121941
343 803.000430673
344 877.297015368
345 976.113853619
346 1095.18749445
347 1258.06430669
348 1456.49873287
349 1689.47360448
350 1957.96280626
351 2246.86030381
352 2569.9086929
353 2914.12284366
354 3267.03703143
355 3616.03403835
356 3940.35929854
357 4264.18679542
358 4569.81346861
359 4844.34075578
360 5091.72912153
361 5294.03744479
362 5475.20164825
363 5634.464266
364 5769.22827209
365 5882.89144215
366 5975.38885053
367 6055.85337191
368 6127.55293064
369 6188.73453417
370 6242.86088381
371 6289.00137859
372 6328.67095032
373 6368.60022464
374 6402.96753501
375 6432.20571908
376 6457.91627621
377 6478.9305447
378 6499.5552593
379 6516.32771871
380 6531.08748298
381 6542.94723492
382 6553.50847388
383 6562.186869
384 6569.22048101
385 6575.15035698
386 6579.58694302
387 6582.98471867
388 6586.62055503
389 6589.43399983
390 6592.31237028
391 6595.03924756
392 6596.70567255
393 6598.67508392
394 6600.92583976
395 6602.72211606
396 6604.54003424
397 6606.7691482
398 6608.89005274
399 6611.57364625
400 6614.49530047
401 6617.61173163
402 6620.90129786
403 6624.10429656
404 6627.82670046
405 6633.62672513
406 6639.53495922
407 6644.36109915
408 6648.53798259
409 6652.71486603
410 6656.93503323
411 6661.24176797
412 6665.54850271
413 6670.82912218
414 6676.26123484
415 6681.8231988
416 6686.6926225
417 6691.67025561
418 6696.041916
419 6700.86805593
420 6706.14867541
421 6710.71511274
422 6714.41587475
423 6717.70544099
424 6720.56216956
425 6723.57039131
426 6725.84278903
427 6728.43981501
428 6730.06295624
429 6731.85923254
430 6733.37416435
431 6735.4950689
432 6738.33015558
433 6740.53762766
434 6742.16076889
435 6743.97868707
436 6745.10406499
437 6746.79213188
438 6748.91303642
439 6751.38021109
440 6754.23693966
441 6757.3966546
442 6761.07577473
443 6765.12280687
444 6769.5593929
445 6774.169114
446 6778.93032829
447 6783.7781101
448 6789.31843218
449 6794.96696367
450 6800.37743444
451 6805.35506756
452 6810.5491195
453 6814.83421235
454 6819.14094709
455 6823.38275618
456 6827.23501137
457 6830.22159124
458 6833.27309676
459 6835.45892695
460 6837.90445974
461 6839.74401981
462 6841.36716104
463 6842.70895779
464 6843.7261263
465 6844.72165292
466 6845.58732824
467 6846.51792922
468 6847.40524643
469 6847.9462935
470 6848.98510389
471 6850.11048181
472 6851.04108279
473 6852.27467012
474 6853.76796006
475 6855.06647304
476 6856.60304674
477 6858.57245811
478 6860.84485583
479 6863.13889544
480 6865.97398213
481 6868.65757563
482 6871.66579738
483 6874.80387043
484 6878.02851102
485 6881.18822595
486 6884.82406231
487 6888.09198666
488 6891.44647854
489 6895.16888243
490 6898.04725289
491 6901.03383276
492 6904.28011522
493 6907.56968145
494 6910.20999119
495 6913.04507788
496 6915.4473269
497 6918.06599476
498 6920.94436521
499 6923.69288437
500 6926.16005904
501 6928.97350384
502 6931.44067852
503 6933.99442072
504 6936.78622364
505 6939.38324962
506 6941.80714052
507 6943.99297072
508 6946.17880091
509 6948.60269182
510 6951.04822461
511 6952.93106844
512 6954.94376357
513 6956.76168175
514 6958.64452558
515 6960.52736941
516 6962.17215252
517 6963.31917233
518 6964.92067168
519 6966.06769148
520 6966.78187362
521 6967.56098142
522 6968.23187979
523 6968.92442005
524 6969.44382525
525 6969.85502103
526 6970.33114245
527 6970.56920317
528 6970.89383141
529 6971.08860836
530 6971.47816226
531 6971.91099992
532 6972.14906063
533 6972.43040511
534 6973.14458726
535 6973.64235057
536 6974.37817459
537 6974.85429602
538 6975.74161323
539 6976.58564667
540 6977.68938271
541 6978.8580444
542 6980.35133433
543 6981.99611745
544 6983.4677655
545 6985.52374439
546 6987.99091907
547 6990.6312288
548 6993.35810608
549 6996.92901679
550 6999.89395477
551 7003.16187912
552 7006.45144535
553 7010.15220736
554 7014.30744892
555 7018.33283918
556 7022.03360119
557 7025.71272132
558 7029.54333462
559 7033.20081287
560 7036.40381157
561 7039.67173592
562 7042.6366739
563 7044.95235539
564 7047.00833429
565 7049.41058331
566 7051.50984597
567 7053.06806156
568 7054.60463526
569 7055.94643201
570 7057.244945
571 7058.28375539
572 7059.06286318
573 7059.69047779
574 7060.33973428
575 7060.83749759
576 7061.65988915
577 7062.00615928
578 7062.37407129
579 7062.69869954
580 7062.98004402
581 7063.34795603
582 7063.5210911
583 7063.78079369
584 7064.10542194
585 7064.27855701
586 7064.38676642
587 7064.68975278
588 7064.94945538
589 7065.29572551
590 7065.51214434
591 7065.72856317
592 7065.90169824
593 7066.05319142
594 7066.11811707
595 7066.22632649
596 7066.31289402
597 7066.35617778
598 7066.4643872
599 7066.50767097
600 7066.50767097
601 7066.57259661
602 7066.5942385
603 7066.65916415
604 7066.74573168
605 7066.8539411
606 7066.91886674
607 7066.98379239
608 7067.04871804
609 7067.13528558
610 7067.20021122
611 7067.28677876
612 7067.48155571
613 7067.63304889
614 7067.82782583
615 7067.93603525
616 7068.10917032
617 7068.21737973
618 7068.32558915
619 7068.41215668
620 7068.71514304
621 7068.99648752
622 7069.23454824
623 7069.62410213
624 7069.81887908
625 7070.29500051
626 7070.74948005
627 7071.37709466
628 7071.83157421
629 7072.80545895
630 7073.80098557
631 7074.86143784
632 7076.15995083
633 7077.67488265
634 7079.49280083
635 7081.35400277
636 7083.66968427
637 7086.30999401
638 7088.77716868
639 7091.6988229
640 7094.44734205
641 7097.5854151
642 7100.87498133
643 7104.72723653
644 7108.31978912
645 7111.89069983
646 7116.52206282
647 7122.60343197
648 7127.99226086
649 7132.99153586
650 7136.84379105
651 7140.78261378
652 7144.20203131
653 7147.77294202
654 7151.40877838
655 7154.65506085
656 7157.55507318
657 7160.2170248
658 7162.42449688
659 7165.2162998
660 7167.44541376
661 7169.24169006
662 7170.79990564
663 7172.48797252
664 7173.95962057
665 7175.53947804
666 7176.34022772
667 7177.46560564
668 7178.1581459
669 7178.93725369
670 7179.52158453
671 7180.10591538
672 7180.53875304
673 7181.03651635
674 7181.49099589
675 7181.88054979
676 7182.14025239
677 7182.39995498
678 7182.6380157
679 7182.83279265
680 7182.98428583
681 7183.22234654
682 7183.26563031
683 7183.43876537
684 7183.59025856
685 7183.7850355
686 7183.87160304
687 7183.9148868
688 7184.02309622
689 7184.06637998
690 7184.15294752
691 7184.28279881
692 7184.41265011
693 7184.47757576
694 7184.58578518
695 7184.67235271
696 7184.73727836
697 7184.80220401
698 7184.84548778
699 7185.06190661
700 7185.19175791
701 7185.34325109
702 7185.5813118
703 7185.77608875
704 7186.12235888
705 7186.38206148
706 7186.81489914
707 7187.31266245
708 7187.89699329
709 7188.24326342
710 7188.80595238
711 7189.30371569
712 7189.99625595
713 7190.99178258
714 7191.74924849
715 7192.78805887
716 7193.95672056
717 7195.40672673
718 7196.66195595
719 7197.89554329
720 7199.64853582
721 7201.48809588
722 7203.132879
723 7204.6694527
724 7206.48737088
725 7208.39185659
726 7210.18813289
727 7211.57321341
728 7213.86725302
729 7215.79338061
730 7217.41652185
731 7219.08294685
732 7220.92250691
733 7222.74042509
734 7224.55834327
735 7226.54939652
736 7228.04268645
737 7229.53597638
738 7231.22404327
739 7232.37106307
740 7233.71285982
741 7235.24943352
742 7236.37481145
743 7237.30541242
744 7238.27929716
745 7239.18825625
746 7240.05393157
747 7240.68154618
748 7241.48229586
749 7242.28304553
750 7242.88901826
751 7243.40842345
752 7244.20917313
753 7244.75022021
754 7245.33455105
755 7246.09201696
756 7246.71963157
757 7247.36888806
758 7248.36441468
759 7249.35994131
760 7250.22561663
761 7251.17785949
762 7252.02189293
763 7253.10398708
764 7253.99130429
765 7254.96518903
766 7256.13385072
767 7257.28087052
768 7258.51445786
769 7259.8778965
770 7261.26297701
771 7262.92940201
772 7264.40105006
773 7265.7644887
774 7266.97643415
775 7268.38315656
776 7269.78987896
777 7271.73764844
778 7273.46899908
779 7274.89736337
780 7276.15259259
781 7277.62424064
782 7279.29066564
783 7280.69738804
784 7282.08246856
785 7283.12127895
786 7284.2033731
787 7285.28546726
788 7286.28099388
789 7287.16831109
790 7288.07727018
791 7288.79145232
792 7289.4623507
793 7290.4795192
794 7291.08549193
795 7291.92952537
796 7292.38400492
797 7292.81684258
798 7293.22803836
799 7293.70415979
800 7294.28849063
801 7294.69968641
802 7295.13252407
803 7295.56536173
804 7296.69073965
805 7297.44820556
806 7302.23106173
807 7330.79834743
808 7390.24860031
809 7444.6995782
810 7484.1527311
811 7506.24909375
812 7521.96110088
813 7530.70442165
814 7538.7119184
815 7543.49477457
816 7547.28210411
817 7550.52838658
818 7553.08212878
819 7555.63587099
820 7557.10751904
821 7558.55752521
822 7559.5963356
823 7561.21947683
824 7562.32321287
825 7563.64336774
826 7564.66053624
827 7565.93740735
828 7567.17099468
829 7567.99338624
830 7568.75085215
831 7569.11876416
832 7569.52995994
833 7569.74637877
834 7570.07100702
835 7570.37399338
836 7570.56877033
837 7570.93668234
838 7571.19638494
839 7571.26131059
840 7571.32623624
841 7571.56429695
842 7571.80235767
843 7572.08370215
844 7572.45161416
845 7572.73295864
846 7573.23072195
847 7573.62027585
848 7573.92326221
849 7574.29117422
850 7574.72401189
851 7575.00535637
852 7575.39491026
853 7575.65461286
854 7575.95759922
855 7576.30386935
856 7576.4986463
857 7576.67178137
858 7576.95312585
859 7577.23447033
860 7577.49417292
861 7577.81880117
862 7578.22999695
863 7578.57626708
864 7578.83596968
865 7579.3120911
866 7579.72328688
867 7580.11284078
868 7580.65388786
869 7581.00015799
870 7581.80090766
871 7582.47180604
872 7583.35912324
873 7584.15987292
874 7584.98226448
875 7585.93450733
876 7587.14645279
877 7588.14197941
878 7589.67855311
879 7591.34497811
880 7593.07632876
881 7594.85096317
882 7596.58231382
883 7598.61665083
884 7600.75919726
885 7602.92338557
886 7605.00100635
887 7607.23012031
888 7609.61072745
889 7611.86148329
890 7614.24209043
891 7616.79583264
892 7619.45778426
893 7621.92495893
894 7624.56526867
895 7627.48692289
896 7630.21380016
897 7633.02724497
898 7635.51606152
899 7638.78398587
900 7641.44593749
901 7643.84818652
902 7646.76984074
903 7649.04223846
904 7651.70419008
905 7654.30121606
906 7656.27062742
907 7658.0885456
908 7660.1445245
909 7661.96244268
910 7663.67215144
911 7665.03559008
912 7666.46395436
913 7667.827393
914 7669.21247352
915 7670.6408378
916 7671.76621572
917 7673.10801247
918 7674.16846475
919 7675.03414007
920 7675.7699641
921 7676.59235565
922 7677.21997026
923 7678.04236182
924 7678.66997643
925 7679.23266539
926 7679.83863812
927 7680.33640143
928 7680.72595533
929 7681.02894169
930 7681.35356994
931 7681.50506312
932 7681.74312383
933 7682.00282643
934 7682.26252903
935 7682.45730598
936 7682.76029234
937 7682.95506929
938 7683.21477188
939 7683.36626507
940 7683.60432578
941 7683.79910273
942 7683.97223779
943 7684.18865662
944 7684.29686604
945 7684.34014981
946 7684.53492675
947 7684.5998524
948 7684.7297037
949 7684.83791312
950 7685.01104818
951 7685.14089948
952 7685.20582513
953 7685.27075078
954 7685.48716961
955 7685.50881149
956 7685.57373714
957 7685.68194656
958 7685.79015597
959 7685.96329104
960 7685.98493292
961 7686.11478422
962 7686.20135175
963 7686.22299364
964 7686.28791928
965 7686.37448682
966 7686.50433812
967 7686.56926376
968 7686.63418941
969 7686.74239883
970 7686.74239883
971 7686.85060825
972 7686.91553389
973 7687.04538519
974 7687.13195273
975 7687.17523649
976 7687.28344591
977 7687.34837156
978 7687.45658097
979 7687.49986474
980 7687.56479039
981 7687.60807415
982 7687.65135792
983 7687.73792545
984 7687.8028511
985 7687.84613487
986 7687.86777675
987 7687.97598617
988 7687.97598617
989 7688.0625537
990 7688.08419558
991 7688.08419558
992 7688.14912123
993 7688.21404688
994 7688.30061441
995 7688.3222563
996 7688.36554006
997 7688.40882383
998 7688.47374948
999 7688.56031701
1000 7688.64688454
1001 7688.66852643
1002 7688.73345208
1003 7688.77673584
1004 7688.92822902
1005 7689.01479656
1006 7689.05808032
1007 7689.14464785
1008 7689.14464785
1009 7689.23121539
1010 7689.31778292
1011 7689.4692761
1012 7689.55584363
1013 7689.57748552
1014 7689.64241117
1015 7689.7289787
1016 7689.83718811
1017 7689.92375565
1018 7690.03196506
1019 7690.14017448
1020 7690.33495142
1021 7690.48644461
1022 7690.57301214
1023 7690.7461472
1024 7690.89764039
1025 7691.2655524
1026 7691.48197123
1027 7691.76331571
1028 7691.97973454
1029 7692.32600467
1030 7692.56406538
1031 7692.84540986
1032 7693.23496376
1033 7693.58123389
1034 7693.86257837
1035 7694.18720662
1036 7694.53347675
1037 7695.13944947
1038 7695.70213843
1039 7696.28646928
1040 7696.97900954
1041 7697.58498226
1042 7698.27752252
1043 7698.99170467
1044 7699.90066376
1045 7700.50663648
1046 7701.56708876
1047 7702.43276408
1048 7703.27679752
1049 7704.14247284
1050 7705.28949265
1051 7706.32830304
1052 7707.28054589
1053 7707.95144427
1054 7708.73055206
1055 7709.87757187
1056 7710.72160531
1057 7711.60892252
1058 7712.66937479
1059 7713.62161764
1060 7714.66042803
1061 7715.59102901
1062 7716.52162998
1063 7717.47387284
1064 7718.44775758
1065 7719.48656797
1066 7720.15746634
1067 7721.32612803
1068 7722.1268777
1069 7722.81941796
1070 7723.75001894
1071 7724.63733614
1072 7725.54629523
1073 7726.49853809
1074 7727.1261527
1075 7728.03511179
1076 7728.94407088
1077 7729.46347608
1078 7730.09109069
1079 7730.76198906
1080 7731.45452932
1081 7731.90900887
1082 7732.57990724
1083 7733.09931244
1084 7733.44558257
1085 7733.96498776
1086 7734.41946731
1087 7734.8090212
1088 7735.11200757
1089 7735.52320334
1090 7735.97768289
1091 7736.23738549
1092 7736.64858127
1093 7737.03813516
1094 7737.25455399
1095 7737.57918224
1096 7737.86052672
1097 7738.09858743
1098 7738.33664815
1099 7738.5314251
1100 7738.81276958
1101 7739.13739782
1102 7739.37545854
1103 7739.65680302
1104 7739.85157997
1105 7740.11128256
1106 7740.34934328
1107 7740.58740399
1108 7740.76053906
1109 7741.06352542
1110 7741.23666048
1111 7741.36651178
1112 7741.4747212
1113 7741.77770756
1114 7741.95084263
1115 7742.16726146
1116 7742.36203841
1117 7742.51353159
1118 7742.68666665
1119 7742.90308548
1120 7743.18442996
1121 7743.59562574
1122 7743.87697022
1123 7744.26652412
1124 7744.46130107
1125 7744.8075712
1126 7745.26205074
1127 7745.6948884
1128 7746.12772607
1129 7746.53892184
1130 7747.07996892
1131 7747.79415106
1132 7748.29191438
1133 7749.13594782
1134 7749.76356243
1135 7750.62923775
1136 7751.30013613
1137 7752.01431827
1138 7752.68521665
1139 7753.42104067
1140 7754.1568647
1141 7755.15239132
1142 7756.29941112
1143 7757.03523515
1144 7758.09568742
1145 7759.13449781
1146 7760.13002443
1147 7761.64495625
1148 7762.83525982
1149 7764.24198222
1150 7765.60542086
1151 7766.88229196
1152 7768.63528449
1153 7770.12857443
1154 7771.81664131
1155 7773.48306631
1156 7774.93307248
1157 7776.75099066
1158 7778.59055072
1159 7780.55996208
1160 7781.75026565
1161 7783.41669065
1162 7785.01819
1163 7787.11745266
1164 7788.8704452
1165 7790.68836338
1166 7792.41971402
1167 7794.06449714
1168 7795.83913155
1169 7797.67869162
1170 7799.51825168
1171 7800.96825785
1172 7802.65632473
1173 7804.56081045
1174 7806.07574226
1175 7807.59067408
1176 7809.04068025
1177 7810.70710525
1178 7812.1787533
1179 7813.43398252
1180 7814.8623468
1181 7816.18250167
1182 7817.58922407
1183 7818.90937894
1184 7820.16460816
1185 7821.31162797
1186 7822.24222894
1187 7823.0646205
1188 7823.71387699
1189 7824.77432926
1190 7825.68328835
1191 7826.61388933
1192 7827.414639
1193 7827.99896985
1194 7828.62658446
1195 7829.25419907
1196 7829.83852991
1197 7830.27136757
1198 7831.02883348
1199 7831.61316432
1200 7832.04600199
1201 7832.52212342
1202 7832.93331919
1203 7833.49600815
1204 7834.18854841
1205 7834.75123737
1206 7835.14079127
1207 7835.55198705
1208 7835.81168965
1209 7836.00646659
1210 7836.33109484
1211 7836.56915556
1212 7836.87214192
1213 7837.04527698
1214 7837.24005393
1215 7837.5430403
1216 7837.82438478
1217 7838.12737114
1218 7838.40871562
1219 7838.58185068
1220 7838.8199114
1221 7839.01468835
1222 7839.20946529
1223 7839.29603283
1224 7839.46916789
1225 7839.68558672
1226 7839.88036367
1227 7840.07514062
1228 7840.2266338
1229 7840.3564851
1230 7840.59454581
1231 7840.74603899
1232 7840.89753218
1233 7841.04902536
1234 7841.15723477
1235 7841.28708607
1236 7841.3736536
1237 7841.54678867
1238 7841.61171432
1239 7841.74156562
1240 7841.91470068
1241 7842.04455198
1242 7842.1527614
1243 7842.28261269
1244 7842.43410588
1245 7842.58559906
1246 7842.69380847
1247 7842.78037601
1248 7842.93186919
1249 7843.19157179
1250 7843.27813932
1251 7843.4296325
1252 7843.53784191
1253 7843.60276756
1254 7843.6893351
1255 7843.84082828
1256 7843.92739581
1257 7844.25202406
1258 7844.33859159
1259 7844.51172665
1260 7844.59829419
1261 7844.68486172
1262 7844.81471302
1263 7844.90128055
1264 7845.07441562
1265 7845.16098315
1266 7845.31247633
1267 7845.31247633
1268 7845.42068574
1269 7845.50725328
1270 7845.61546269
1271 7845.78859776
1272 7845.87516529
1273 7845.96173282
1274 7846.04830035
1275 7846.22143542
1276 7846.32964484
1277 7846.3729286
1278 7846.43785425
1279 7846.58934743
1280 7846.65427308
1281 7846.84905003
1282 7846.8923338
1283 7846.91397568
1284 7847.06546886
1285 7847.10875263
1286 7847.17367828
1287 7847.17367828
1288 7847.28188769
1289 7847.43338087
1290 7847.49830652
1291 7847.54159029
1292 7847.6497997
1293 7847.73636724
1294 7847.84457665
1295 7847.97442795
1296 7848.0393536
1297 7848.06099548
1298 7848.21248867
1299 7848.21248867
1300 7848.32069808
1301 7848.55875879
1302 7848.62368444
1303 7848.64532633
1304 7848.75353574
1305 7848.84010328
1306 7848.92667081
1307 7849.03488022
1308 7849.12144776
1309 7849.1863734
1310 7849.22965717
1311 7849.27294094
1312 7849.38115035
1313 7849.46771789
1314 7849.61921107
1315 7849.74906237
1316 7849.77070425
1317 7849.8356299
1318 7849.94383931
1319 7849.9654812
1320 7850.03040685
1321 7850.03040685
1322 7850.07369061
1323 7850.20354191
1324 7850.26846756
1325 7850.31175133
1326 7850.37667698
1327 7850.39831886
1328 7850.44160262
1329 7850.48488639
1330 7850.48488639
1331 7850.50652827
1332 7850.54981204
1333 7850.59309581
1334 7850.65802146
1335 7850.72294711
1336 7850.72294711
1337 7850.74458899
1338 7850.80951464
1339 7850.8527984
1340 7850.93936594
1341 7851.00429159
1342 7851.06921723
1343 7851.13414288
1344 7851.15578477
1345 7851.22071042
1346 7851.30727795
1347 7851.3722036
1348 7851.39384548
1349 7851.41548736
1350 7851.43712925
1351 7851.52369678
1352 7851.58862243
1353 7851.67518996
1354 7851.74011561
1355 7851.80504126
1356 7851.84832503
1357 7851.89160879
1358 7851.97817633
1359 7852.02146009
1360 7852.04310197
1361 7852.06474386
1362 7852.23787892
1363 7852.28116269
1364 7852.36773022
1365 7852.41101399
1366 7852.5192234
1367 7852.56250717
1368 7852.67071658
1369 7852.71400035
1370 7852.82220977
1371 7852.86549353
1372 7852.95206106
1373 7853.0386286
1374 7853.14683801
1375 7853.31997308
1376 7853.49310814
1377 7853.70952697
1378 7853.86102016
1379 7854.1856484
1380 7854.48863477
1381 7854.85654678
1382 7855.07296561
1383 7855.35431009
1384 7855.76550587
1385 7856.09013411
1386 7856.65282308
1387 7857.17222827
1388 7857.73491723
1389 7858.25432243
1390 7859.07671398
1391 7859.76925424
1392 7860.74313898
1393 7861.50060489
1394 7862.92896918
1395 7864.07598898
1396 7865.61256268
1397 7867.56033216
1398 7869.24839904
1399 7871.477513
1400 7873.12229612
1401 7875.63275456
1402 7878.38127371
1403 7881.51934676
1404 7884.39771721
1405 7887.57907403
1406 7892.08058572
1407 7896.17090162
1408 7901.04032532
1409 7905.75825584
1410 7912.01276005
1411 7917.57472401
1412 7924.37027531
1413 7931.14418472
1414 7939.1083977
1415 7947.02932692
1416 7955.23160061
1417 7964.79731294
1418 7973.9518295
1419 7986.00635839
1420 7996.45938792
1421 8009.6825785
1422 8021.30426973
1423 8035.19835868
1424 8049.07080575
1425 8062.77011775
1426 8079.86720541
1427 8097.11578624
1428 8116.98303493
1429 8135.18385862
1430 8156.69589042
1431 8175.65418002
1432 8199.91473098
1433 8221.34019525
1434 8246.53134719
1435 8269.47174328
1436 8293.08303774
1437 8322.27793805
1438 8346.97132667
1439 8376.31772016
1440 8403.15365521
1441 8433.99333863
1442 8462.40913114
1443 8495.58613794
1444 8523.74222786
1445 8556.03191745
1446 8588.94922165
1447 8620.41651968
1448 8656.2554781
1449 8686.79217516
1450 8723.64830209
1451 8754.20664103
1452 8791.95008516
1453 8823.07111306
1454 8861.07425979
1455 8893.81842893
1456 8925.58871333
1457 8963.54857629
1458 8994.40990159
1459 9031.76379183
1460 9063.96691389
1461 9099.84915607
1462 9129.86644794
1463 9164.03898136
1464 9193.77492874
1465 9227.7743271
1466 9257.29385565
1467 9284.77904719
1468 9316.31127088
1469 9343.66661112
1470 9374.78763902
1471 9400.5631218
1472 9429.26025879
1473 9453.3260328
1474 9481.52540649
1475 9504.53072823
1476 9526.97336101
1477 9550.75779054
1478 9571.79370091
1479 9594.64752947
1480 9613.34611647
1481 9635.09620899
1482 9652.69105995
1483 9672.64487618
1484 9687.96732941
1485 9704.7614307
1486 9719.73761381
1487 9733.4585677
1488 9749.01908165
1489 9760.96540112
1490 9775.42217903
1491 9786.2214787
1492 9799.22825045
1493 9809.68127999
1494 9821.75745076
1495 9830.47912965
1496 9840.13140951
1497 9848.74487899
1498 9856.70909197
1499 9864.67330495
1500 9871.57706566
1501 10000.0
