0 0.0
1 0.0
2 0.0
3 0.0
4 0.0
5 0.0
6 0.0
7 0.0
8 0.0
31 0.0209582093306
32 0.0209582093306
33 0.0209582093306
34 0.0209582093306
35 0.0209582093306
36 0.0209582093306
37 0.0209582093306
38 0.0419164186612
39 0.0419164186612
40 0.0419164186612
41 0.0419164186612
42 0.104791046653
43 0.146707465314
44 0.146707465314
45 0.146707465314
46 0.146707465314
47 0.209582093306
48 0.230540302637
49 0.230540302637
50 0.230540302637
51 0.272456721298
52 0.293414930628
53 0.314373139959
54 0.314373139959
55 0.35628955862
56 0.398205977281
57 0.419164186612
58 0.440122395942
59 0.461080605273
60 0.502997023934
61 0.502997023934
62 0.607788070587
63 0.69162090791
64 0.71257911724
65 0.754495535901
66 0.817370163893
67 0.901203001216
68 1.11078509452
69 1.46707465314
70 1.7814477931
71 2.3263612357
72 2.78744184097
73 3.5628955862
74 4.77847172738
75 6.58087772981
76 9.97610764136
77 14.1258330888
78 20.5809615626
79 29.7187408308
80 42.4403738945
81 60.2338936161
82 82.1142641573
83 110.910843778
84 147.902083246
85 193.48618854
86 251.456595548
87 317.936035545
88 396.738902628
89 491.071802825
90 598.31495997
91 717.315672549
92 844.364337511
93 982.374145953
94 1139.267301
95 1304.77428009
96 1473.36211594
97 1644.02481452
98 1815.96596387
99 1993.98499392
100 2168.56687765
101 2334.84931047
102 2496.35327158
103 2640.21042042
104 2783.71127971
105 2914.72104623
106 3036.65590812
107 3146.01584441
108 3237.79184306
109 3323.86720879
110 3397.89160414
111 3463.05067695
112 3517.22764807
113 3564.2369116
114 3606.2371631
115 3642.22240852
116 3672.86331056
117 3700.04610806
118 3722.97438907
119 3743.19906107
120 3761.16024647
121 3776.10344972
122 3790.31311565
123 3802.17546213
124 3812.23540261
125 3821.66659681
126 3829.5049671
127 3837.02896425
128 3843.6727166
129 3849.33143312
130 3854.13086306
131 3859.13987509
132 3863.41534979
133 3867.37645136
134 3870.03814394
135 3872.84654399
136 3875.73877688
137 3878.0232217
138 3880.62203965
139 3882.40348745
140 3884.56218301
141 3886.46938006
142 3888.50232636
143 3890.19994132
144 3891.83468164
145 3893.32271451
146 3894.83170558
147 3896.61315337
148 3898.0173534
149 3899.46346984
150 3900.65808777
151 3901.8527057
152 3903.1940311
153 3904.38864903
154 3905.41560129
155 3906.40063713
156 3907.42758939
157 3908.66412374
158 3909.96353272
159 3911.57731483
160 3913.00247307
161 3914.44858951
162 3915.78991491
163 3917.40369703
164 3919.12227019
165 3920.42167917
166 3922.24504338
167 3923.83786729
168 3924.99056881
169 3926.91872406
170 3928.93071216
171 3931.2570734
172 3933.14331224
173 3935.02955108
174 3936.85291529
175 3939.03256906
176 3941.12838999
177 3943.11941988
178 3945.06853334
179 3947.29010353
180 3949.55359014
181 3952.42486482
182 3954.8560171
183 3957.47579327
184 3959.92790376
185 3962.63151276
186 3965.859077
187 3969.12855766
188 3972.18845622
189 3975.03877269
190 3978.03579662
191 3981.36815191
192 3984.53284151
193 3988.22148636
194 3992.55983569
195 4002.95510752
196 4064.92853251
197 4105.46170935
198 4215.89051431
199 4250.70210001
200 4270.36090036
201 4279.39388859
202 4286.12147378
203 4292.28318732
204 4298.15148594
205 4304.25032485
206 4310.28628914
207 4315.75638177
208 4320.80731022
209 4326.86423272
210 4332.79540596
211 4338.43316427
212 4343.73559123
213 4349.01705998
214 4354.15182127
215 4358.86741837
216 4364.25367817
217 4369.57706334
218 4374.16691118
219 4378.73580081
220 4382.88552626
221 4387.62208157
222 4391.68797418
223 4395.50236828
224 4399.48442805
225 4403.50840424
226 4407.6790879
227 4411.87072976
228 4415.81087312
229 4419.12227019
230 4422.91570608
231 4426.22710316
232 4430.16724651
233 4433.9606824
234 4437.60741082
235 4440.68826759
236 4443.76912437
237 4446.64039904
238 4449.57454835
239 4452.63444691
240 4455.54763801
241 4458.37699627
242 4460.66144109
243 4463.09259337
244 4466.13153372
245 4468.37406212
246 4471.05671291
247 4473.06870101
248 4475.5208115
249 4477.70046527
250 4479.88011904
251 4482.33222953
252 4484.67954898
253 4486.64962066
254 4488.97598189
255 4491.15563566
256 4493.12570734
257 4495.47302678
258 4497.65268055
259 4499.5598776
260 4501.67665675
261 4503.41618812
262 4505.67967473
263 4507.39824789
264 4509.41023599
265 4511.35934946
266 4513.05696441
267 4514.75457937
268 4516.82944209
269 4518.90430482
270 4520.74862724
271 4522.63486608
272 4524.81451985
273 4526.65884227
274 4528.69178857
275 4530.82952593
276 4532.65289014
277 4534.51817077
278 4536.19482751
279 4537.99723352
280 4539.79963952
281 4541.24575596
282 4543.38349331
283 4544.95535901
284 4546.7158486
285 4548.87454416
286 4550.65599195
287 4552.81468751
288 4554.99434128
289 4556.94345475
290 4559.0811921
291 4561.00934736
292 4563.16804292
293 4565.03332355
294 4567.02435344
295 4569.22496542
296 4571.73995054
297 4574.10822819
298 4576.49746406
299 4579.01244918
300 4581.50647609
301 4583.58133881
302 4585.67715974
303 4588.0454374
304 4590.37179863
305 4592.69815987
306 4595.44368529
307 4598.39879281
308 4600.87186151
309 4603.59642872
310 4607.05453326
311 4610.0725154
312 4613.34199606
313 4616.92584986
314 4620.15341409
315 4623.25522907
316 4626.56662615
317 4630.21335457
318 4634.42595465
319 4638.24034874
320 4642.57869808
321 4647.02183845
322 4651.54881167
323 4656.62069833
324 4661.16862975
325 4665.94710148
326 4670.80940604
327 4677.03399422
328 4682.58791969
329 4688.70771681
330 4694.78559752
331 4701.53414092
332 4709.26772017
333 4716.10009641
334 4724.21092342
335 4731.94450266
336 4741.31282223
337 4750.30389404
338 4760.92970617
339 4770.69623171
340 4781.51066773
341 4794.63050677
342 4806.57668609
343 4820.19952215
344 4833.75948359
345 4849.12185103
346 4862.68181247
347 4879.32263067
348 4894.4334996
349 4913.27492979
350 4929.64329128
351 4947.58351846
352 4968.98185019
353 4988.28436098
354 5010.52102108
355 5031.81456176
356 5057.63507566
357 5082.05138953
358 5111.12042587
359 5137.21339649
360 5166.93213732
361 5196.86046024
362 5225.63608165
363 5259.56742256
364 5290.41790669
365 5327.22052228
366 5359.85245421
367 5397.76585489
368 5431.92773609
369 5472.27228906
370 5507.73357924
371 5545.01823364
372 5588.67418368
373 5626.77620824
374 5671.08186277
375 5711.15395901
376 5758.35184642
377 5801.77725615
378 5851.05000629
379 5894.45445781
380 5946.3050677
381 5991.0089282
382 6035.79662154
383 6091.00054491
384 6138.44993084
385 6193.1718154
386 6240.99844909
387 6299.22035461
388 6348.34639728
389 6407.6790879
390 6457.85304104
391 6514.12583309
392 6568.7219684
393 6621.62048875
394 6682.67175253
395 6734.92056839
396 6797.41794861
397 6851.09192271
398 6914.8677537
399 6969.4429308
400 7033.32355284
401 7086.66219558
402 7141.59366224
403 7204.32158276
404 7259.08538374
405 7321.91809532
406 7375.63398583
407 7438.06849143
408 7491.78438194
409 7553.2338517
410 7606.99165863
411 7667.89621495
412 7721.57018904
413 7772.72917802
414 7833.44511045
415 7884.49930838
416 7944.02062288
417 7992.60175211
418 8049.31466655
419 8096.34488829
420 8150.98294002
421 8198.43232594
422 8247.80986712
423 8296.24428889
424 8339.35532548
425 8387.28675022
426 8430.10437188
427 8477.11363541
428 8516.1797376
429 8561.38659513
430 8599.44670327
431 8641.80324433
432 8677.05495242
433 8711.63599782
434 8752.06438362
435 8784.54960808
436 8821.6456386
437 8853.14582722
438 8887.9154965
439 8916.87974179
440 8951.2512051
441 8979.35616381
442 9011.42222409
443 9036.97028126
444 9062.60217127
445 9090.37179863
446 9113.38391248
447 9139.87508907
448 9160.8332984
449 9185.92027497
450 9206.16590519
451 9227.85765184
452 9246.21704322
453 9265.0584734
454 9284.38194241
455 9299.66047701
456 9317.03483254
457 9332.08282684
458 9347.50806891
459 9361.15186318
460 9375.19386344
461 9387.07716813
462 9399.90359224
463 9410.99048497
464 9421.05042545
465 9432.53552416
466 9441.25413925
467 9450.66437524
468 9458.73328583
469 9468.1016054
470 9475.5208115
471 9484.09271912
472 9490.73647148
473 9497.21255816
474 9503.604812
475 9509.13777927
476 9515.718657
477 9520.32946305
478 9525.88338852
479 9530.89240055
480 9536.13195289
481 9540.1978455
482 9545.06015006
483 9548.85358595
484 9552.73085468
485 9556.3775831
486 9559.73089659
487 9563.04229367
488 9565.72494446
489 9568.7219684
490 9571.50941024
491 9574.25493566
492 9576.43458943
493 9579.03340739
494 9581.44360146
495 9583.35079851
496 9585.5723687
497 9587.54244037
498 9590.05742549
499 9592.3209121
500 9594.14427631
501 9596.00955694
502 9597.60238085
503 9598.48262564
504 9599.88682567
505 9601.22815107
506 9602.422769
507 9603.34493021
508 9604.225175
509 9605.48266756
510 9606.2371631
511 9607.22219894
512 9607.78807059
513 9608.89885568
514 9609.63239301
515 9610.38688854
516 9611.12042587
517 9611.62342289
518 9612.37791843
519 9612.96474829
520 9613.59349457
521 9613.99170055
522 9614.38990653
523 9614.72523788
524 9615.39590057
525 9615.73123192
526 9616.10847969
527 9616.61147672
528 9617.0306409
529 9617.44980509
530 9617.88992748
531 9618.16238421
532 9618.53963197
533 9619.10550363
534 9619.41987677
535 9619.67137528
536 9620.00670663
537 9620.30012156
538 9620.63545291
539 9620.97078426
540 9621.26419919
541 9621.47378128
542 9621.70432158
543 9621.83007084
544 9622.03965293
545 9622.20731861
546 9622.33306786
547 9622.66839921
548 9622.87798131
549 9623.0875634
550 9623.19235445
551 9623.44385296
552 9623.61151863
553 9623.82110073
554 9624.03068282
555 9624.34505596
556 9624.59655447
557 9624.84805298
558 9625.18338433
559 9625.37200822
560 9625.74925598
561 9626.04267091
562 9626.33608584
563 9626.54566794
564 9626.9019575
565 9627.11153959
566 9627.34207989
567 9627.5935784
568 9627.74028587
569 9628.05465901
570 9628.13849185
571 9628.34807394
572 9628.51573962
573 9628.68340529
574 9628.76723813
575 9628.87202917
576 9628.97682022
577 9629.12352769
578 9629.33310978
579 9629.39598441
580 9629.56365008
581 9629.71035755
582 9629.91993964
583 9630.06664711
584 9630.21335457
585 9630.2762292
586 9630.46485308
587 9630.61156055
588 9631.07264115
589 9632.14150983
590 9632.64450685
591 9632.89600537
592 9633.23133671
593 9633.50379344
594 9633.56666806
595 9633.73433374
596 9634.04870688
597 9634.11158151
598 9634.27924718
599 9634.46787107
600 9634.59362032
601 9634.69841137
602 9634.92895167
603 9635.05470093
604 9635.20140839
605 9635.32715765
606 9635.55769795
607 9635.70440542
608 9635.76728004
609 9635.87207109
610 9636.01877856
611 9636.06069497
612 9636.1235696
613 9636.18644423
614 9636.24931886
615 9636.39602632
616 9636.39602632
617 9636.41698453
618 9636.52177558
619 9636.58465021
620 9636.73135767
621 9636.83614872
622 9636.96189798
623 9637.04573081
624 9637.12956365
625 9637.2343547
626 9637.40202037
627 9637.50681142
628 9637.56968605
629 9637.67447709
630 9637.6954353
631 9637.82118456
632 9637.94693381
633 9638.09364128
634 9638.17747412
635 9638.21939054
636 9638.28226516
637 9638.38705621
638 9638.47088905
639 9638.55472188
640 9638.5966383
641 9638.61759651
642 9638.74334577
643 9638.82717861
644 9638.97388607
645 9639.39305026
646 9640.23137863
647 9641.19545626
648 9641.9499518
649 9642.43199061
650 9642.78828017
651 9642.95594584
652 9643.06073689
653 9643.22840257
654 9643.29127719
655 9643.39606824
656 9643.50085929
657 9643.66852496
658 9643.79427422
659 9643.87810705
660 9643.96193989
661 9644.12960557
662 9644.25535482
663 9644.38110408
664 9644.46493692
665 9644.59068617
666 9644.67451901
667 9644.75835185
668 9644.86314289
669 9645.00985036
670 9645.15655782
671 9645.3242235
672 9645.38709813
673 9645.51284738
674 9645.59668022
675 9645.76434589
676 9645.93201157
677 9646.14159366
678 9646.24638471
679 9646.37213396
680 9646.4559668
681 9646.60267427
682 9646.70746531
683 9646.85417278
684 9647.00088024
685 9647.10567129
686 9647.23142055
687 9647.31525338
688 9647.42004443
689 9647.46196085
690 9647.67154294
691 9647.73441757
692 9647.7972922
693 9647.86016683
694 9647.96495787
695 9648.06974892
696 9648.17453997
697 9648.40508027
698 9648.55178774
699 9648.67753699
700 9648.76136983
701 9648.86616088
702 9648.9290355
703 9649.07574297
704 9649.22245043
705 9649.32724148
706 9649.41107432
707 9649.55778178
708 9649.66257283
709 9649.72544746
710 9649.76736388
711 9649.8302385
712 9649.93502955
713 9649.97694597
714 9650.06077881
715 9650.10269523
716 9650.20748627
717 9650.2703609
718 9650.31227732
719 9650.37515195
720 9650.41706837
721 9650.56377583
722 9650.60569225
723 9650.60569225
724 9650.68952509
725 9650.75239971
726 9650.81527434
727 9650.87814897
728 9650.9410236
729 9651.00389823
730 9651.04581465
731 9651.08773106
732 9651.19252211
733 9651.25539674
734 9651.29731316
735 9651.38114599
736 9651.44402062
737 9651.52785346
738 9651.54881167
739 9651.67456093
740 9651.77935197
741 9651.88414302
742 9652.03085048
743 9652.11468332
744 9652.24043258
745 9652.38714004
746 9652.5128893
747 9652.59672214
748 9652.68055497
749 9652.76438781
750 9652.89013707
751 9652.99492811
752 9653.03684453
753 9653.05780274
754 9653.22546842
755 9653.30930125
756 9653.37217588
757 9653.45600872
758 9653.47696693
759 9653.56079977
760 9653.74942365
761 9653.87517291
762 9653.97996395
763 9654.04283858
764 9654.084755
765 9654.12667142
766 9654.21050425
767 9654.27337888
768 9654.42008635
769 9654.46200277
770 9654.48296098
771 9654.56679381
772 9654.56679381
773 9654.69254307
774 9654.69254307
775 9654.77637591
776 9654.86020874
777 9654.90212516
778 9655.02787442
779 9655.11170726
780 9655.19554009
781 9655.27937293
782 9655.38416398
783 9655.46799681
784 9655.48895502
785 9655.57278786
786 9655.69853712
787 9655.74045354
788 9655.82428637
789 9655.84524458
790 9655.86620279
791 9655.90811921
792 9655.92907742
793 9656.05482668
794 9656.09674309
795 9656.18057593
796 9656.28536698
797 9656.34824161
798 9656.45303265
799 9656.59974012
800 9656.80932221
801 9656.95602968
802 9657.14465356
803 9657.41711028
804 9658.73747747
805 9659.72251331
806 9671.56390158
807 9727.0821981
808 9797.79519638
809 9858.09196462
810 9897.40956533
811 9916.2090791
812 9929.20316888
813 9937.64932724
814 9944.33499602
815 9948.67334535
816 9952.19432452
817 9955.19134845
818 9956.88896341
819 9958.69136941
820 9959.90694555
821 9961.05964706
822 9961.96085006
823 9963.09259337
824 9964.18242025
825 9965.77524416
826 9966.76028
827 9967.89202331
828 9968.98185019
829 9969.77826215
830 9970.32317559
831 9970.67946515
832 9971.28725322
833 9971.51779352
834 9971.93695771
835 9972.20941443
836 9972.39803831
837 9972.73336966
838 9972.8172025
839 9973.0477428
840 9973.08965922
841 9973.25732489
842 9973.42499057
843 9973.52978162
844 9973.99086222
845 9974.30523536
846 9974.76631597
847 9975.16452194
848 9975.45793687
849 9975.68847718
850 9975.98189211
851 9976.27530704
852 9976.48488913
853 9976.79926227
854 9977.02980257
855 9977.17651004
856 9977.30225929
857 9977.46992497
858 9977.57471602
859 9977.80525632
860 9977.91004737
861 9978.14058767
862 9978.32921155
863 9978.4340026
864 9978.6645429
865 9978.79029216
866 9978.91604141
867 9978.97891604
868 9978.99987425
869 9979.06274888
870 9979.16753993
871 9979.25137276
872 9979.31424739
873 9979.3352056
874 9979.37712202
875 9979.39808023
876 9979.41903844
877 9979.46095486
878 9979.52382948
879 9979.54478769
880 9979.5657459
881 9979.60766232
882 9979.62862053
883 9979.73341158
884 9979.75436979
885 9979.79628621
886 9979.81724441
887 9979.83820262
888 9979.90107725
889 9979.90107725
890 9979.96395188
891 9979.96395188
892 9979.98491009
893 9979.98491009
894 9980.0058683
895 9980.0058683
896 9980.04778472
897 9980.06874293
898 9980.11065935
899 9980.11065935
900 9980.13161755
901 9980.13161755
902 9980.15257576
903 9980.19449218
904 9980.19449218
905 9980.25736681
906 9980.27832502
907 9980.27832502
908 9980.27832502
909 9980.29928323
910 9980.29928323
911 9980.34119965
912 9980.34119965
913 9980.34119965
914 9980.34119965
915 9980.34119965
916 9980.38311607
917 9980.40407428
918 9980.42503249
919 9980.48790711
920 9980.50886532
921 9980.50886532
922 9980.52982353
923 9980.57173995
924 9980.59269816
925 9980.59269816
926 9980.63461458
927 9980.676531
928 9980.69748921
929 9980.69748921
930 9980.73940563
931 9980.76036383
932 9980.78132204
933 9980.86515488
934 9980.96994593
935 9980.99090414
936 9981.07473697
937 9981.07473697
938 9981.07473697
939 9981.07473697
940 9981.11665339
941 9981.1376116
942 9981.15856981
943 9981.17952802
944 9981.20048623
945 9981.20048623
946 9981.24240265
947 9981.24240265
948 9981.28431907
949 9981.32623549
950 9981.36815191
951 9981.36815191
952 9981.38911011
953 9981.38911011
954 9981.41006832
955 9981.47294295
956 9981.49390116
957 9981.49390116
958 9981.49390116
959 9981.55677579
960 9981.577734
961 9981.61965042
962 9981.66156684
963 9981.68252505
964 9981.72444146
965 9981.8082743
966 9981.82923251
967 9981.89210714
968 9981.89210714
969 9981.89210714
970 9981.91306535
971 9981.91306535
972 9981.93402356
973 9981.93402356
974 9981.93402356
975 9981.95498177
976 9981.95498177
977 9981.95498177
978 9981.95498177
979 9981.97593998
980 9982.01785639
981 9982.0388146
982 9982.0388146
983 9982.0388146
984 9982.08073102
985 9982.10168923
986 9982.14360565
987 9982.14360565
988 9982.14360565
989 9982.16456386
990 9982.16456386
991 9982.16456386
992 9982.20648028
993 9982.2483967
994 9982.29031312
995 9982.31127132
996 9982.35318774
997 9982.37414595
998 9982.39510416
999 9982.43702058
1000 9982.478937
1001 9982.52085342
1002 9982.56276984
1003 9982.56276984
1004 9982.58372805
1005 9982.64660267
1006 9982.7094773
1007 9982.75139372
1008 9982.79331014
1009 9982.83522656
1010 9982.85618477
1011 9982.9190594
1012 9982.9400176
1013 9982.96097581
1014 9982.96097581
1015 9982.98193402
1016 9983.00289223
1017 9983.04480865
1018 9983.10768328
1019 9983.1495997
1020 9983.19151612
1021 9983.21247433
1022 9983.25439074
1023 9983.29630716
1024 9983.31726537
1025 9983.31726537
1026 9983.35918179
1027 9983.38014
1028 9983.42205642
1029 9983.44301463
1030 9983.44301463
1031 9983.48493105
1032 9983.48493105
1033 9983.52684747
1034 9983.54780568
1035 9983.56876388
1036 9983.58972209
1037 9983.63163851
1038 9983.63163851
1039 9983.65259672
1040 9983.67355493
1041 9983.71547135
1042 9983.73642956
1043 9983.75738777
1044 9983.75738777
1045 9983.79930419
1046 9983.8202624
1047 9983.88313702
1048 9983.94601165
1049 9983.94601165
1050 9984.0508027
1051 9984.13463554
1052 9984.15559375
1053 9984.19751016
1054 9984.23942658
1055 9984.281343
1056 9984.30230121
1057 9984.32325942
1058 9984.34421763
1059 9984.36517584
1060 9984.38613405
1061 9984.38613405
1062 9984.4909251
1063 9984.53284151
1064 9984.57475793
1065 9984.65859077
1066 9984.67954898
1067 9984.67954898
1068 9984.74242361
1069 9984.80529824
1070 9984.84721465
1071 9984.84721465
1072 9984.93104749
1073 9984.93104749
1074 9984.93104749
1075 9984.93104749
1076 9984.9520057
1077 9984.99392212
1078 9985.03583854
1079 9985.07775496
1080 9985.11967138
1081 9985.16158779
1082 9985.22446242
1083 9985.26637884
1084 9985.28733705
1085 9985.32925347
1086 9985.37116989
1087 9985.3921281
1088 9985.45500272
1089 9985.53883556
1090 9985.58075198
1091 9985.70650124
1092 9985.70650124
1093 9985.70650124
1094 9985.72745945
1095 9985.74841766
1096 9985.76937586
1097 9985.76937586
1098 9985.8532087
1099 9985.89512512
1100 9985.97895796
1101 9986.083749
1102 9986.12566542
1103 9986.16758184
1104 9986.20949826
1105 9986.25141468
1106 9986.2933311
1107 9986.33524752
1108 9986.44003856
1109 9986.54482961
1110 9986.67057887
1111 9986.67057887
1112 9986.77536991
1113 9986.83824454
1114 9986.92207738
1115 9986.9639938
1116 9987.00591022
1117 9987.08974305
1118 9987.13165947
1119 9987.25740873
1120 9987.34124156
1121 9987.4250744
1122 9987.50890724
1123 9987.55082366
1124 9987.59274008
1125 9987.6556147
1126 9987.67657291
1127 9987.76040575
1128 9987.84423859
1129 9987.90711322
1130 9987.96998784
1131 9988.05382068
1132 9988.15861173
1133 9988.20052815
1134 9988.24244457
1135 9988.28436098
1136 9988.3262774
1137 9988.34723561
1138 9988.38915203
1139 9988.5358595
1140 9988.59873412
1141 9988.66160875
1142 9988.72448338
1143 9988.78735801
1144 9988.91310726
1145 9988.93406547
1146 9988.95502368
1147 9989.03885652
1148 9989.03885652
1149 9989.16460578
1150 9989.20652219
1151 9989.26939682
1152 9989.29035503
1153 9989.35322966
1154 9989.41610429
1155 9989.52089533
1156 9989.56281175
1157 9989.6676028
1158 9989.73047743
1159 9989.75143564
1160 9989.83526847
1161 9989.8981431
1162 9990.00293415
1163 9990.02389236
1164 9990.06580878
1165 9990.12868341
1166 9990.25443266
1167 9990.3382655
1168 9990.42209834
1169 9990.50593117
1170 9990.65263864
1171 9990.69455506
1172 9990.7993461
1173 9990.82030431
1174 9990.94605357
1175 9991.0089282
1176 9991.05084462
1177 9991.09276103
1178 9991.2394685
1179 9991.34425955
1180 9991.51192522
1181 9991.61671627
1182 9991.70054911
1183 9991.82629836
1184 9991.84725657
1185 9991.9101312
1186 9992.07779687
1187 9992.11971329
1188 9992.18258792
1189 9992.30833718
1190 9992.39217001
1191 9992.45504464
1192 9992.51791927
1193 9992.5807939
1194 9992.70654315
1195 9992.76941778
1196 9992.87420883
1197 9992.95804166
1198 9993.0418745
1199 9993.12570734
1200 9993.18858197
1201 9993.33528943
1202 9993.44008048
1203 9993.50295511
1204 9993.58678794
1205 9993.69157899
1206 9993.75445362
1207 9993.85924467
1208 9993.92211929
1209 9993.98499392
1210 9994.08978497
1211 9994.21553422
1212 9994.29936706
1213 9994.32032527
1214 9994.50894916
1215 9994.6137402
1216 9994.63469841
1217 9994.73948946
1218 9994.88619692
1219 9994.94907155
1220 9995.01194618
1221 9995.03290439
1222 9995.0538626
1223 9995.15865364
1224 9995.32631932
1225 9995.38919395
1226 9995.47302678
1227 9995.49398499
1228 9995.59877604
1229 9995.66165067
1230 9995.66165067
1231 9995.78739992
1232 9995.82931634
1233 9995.93410739
1234 9996.03889844
1235 9996.05985665
1236 9996.10177306
1237 9996.16464769
1238 9996.20656411
1239 9996.31135516
1240 9996.395188
1241 9996.49997904
1242 9996.66764472
1243 9996.66764472
1244 9996.70956114
1245 9996.73051934
1246 9996.79339397
1247 9996.83531039
1248 9996.87722681
1249 9996.91914323
1250 9996.98201786
1251 9996.98201786
1252 9997.00297607
1253 9997.02393428
1254 9997.04489248
1255 9997.06585069
1256 9997.0868089
1257 9997.10776711
1258 9997.17064174
1259 9997.19159995
1260 9997.27543279
1261 9997.296391
1262 9997.38022383
1263 9997.40118204
1264 9997.48501488
1265 9997.5269313
1266 9997.5269313
1267 9997.63172235
1268 9997.7574716
1269 9997.82034623
1270 9997.86226265
1271 9997.92513728
1272 9997.96705369
1273 9998.05088653
1274 9998.09280295
1275 9998.11376116
1276 9998.13471937
1277 9998.15567758
1278 9998.197594
1279 9998.197594
1280 9998.197594
1281 9998.21855221
1282 9998.26046863
1283 9998.28142683
1284 9998.30238504
1285 9998.32334325
1286 9998.38621788
1287 9998.4281343
1288 9998.4281343
1289 9998.4281343
1290 9998.47005072
1291 9998.51196714
1292 9998.55388356
1293 9998.57484177
1294 9998.63771639
1295 9998.6586746
1296 9998.6586746
1297 9998.70059102
1298 9998.72154923
1299 9998.74250744
1300 9998.74250744
1301 9998.76346565
1302 9998.76346565
1303 9998.76346565
1304 9998.78442386
1305 9998.82634028
1306 9998.8682567
1307 9998.88921491
1308 9998.91017311
1309 9998.93113132
1310 9998.95208953
1311 9998.97304774
1312 9998.97304774
1313 9998.99400595
1314 9999.03592237
1315 9999.05688058
1316 9999.05688058
1317 9999.05688058
1318 9999.07783879
1319 9999.098797
1320 9999.098797
1321 9999.098797
1322 9999.098797
1323 9999.11975521
1324 9999.16167163
1325 9999.18262984
1326 9999.18262984
1327 9999.18262984
1328 9999.20358805
1329 9999.24550446
1330 9999.26646267
1331 9999.26646267
1332 9999.35029551
1333 9999.35029551
1334 9999.43412835
1335 9999.43412835
1336 9999.45508656
1337 9999.49700298
1338 9999.49700298
1339 9999.51796119
1340 9999.53891939
1341 9999.53891939
1342 9999.58083581
1343 9999.58083581
1344 9999.58083581
1345 9999.58083581
1346 9999.58083581
1347 9999.58083581
1348 9999.58083581
1349 9999.58083581
1350 9999.58083581
1351 9999.58083581
1359 9999.60179402
1360 9999.62275223
1361 9999.62275223
1362 9999.64371044
1363 9999.64371044
1364 9999.66466865
1365 9999.68562686
1366 9999.68562686
1367 9999.68562686
1368 9999.68562686
1369 9999.68562686
1370 9999.68562686
1371 9999.70658507
1372 9999.70658507
1373 9999.70658507
1374 9999.70658507
1375 9999.72754328
1376 9999.72754328
1377 9999.72754328
1378 9999.74850149
1379 9999.7694597
1380 9999.79041791
1381 9999.79041791
1382 9999.79041791
1383 9999.79041791
1384 9999.79041791
1385 9999.79041791
1386 9999.79041791
1387 9999.79041791
1388 9999.79041791
1389 9999.79041791
1390 9999.81137612
1391 9999.81137612
1392 9999.81137612
1393 9999.81137612
1394 9999.81137612
1395 9999.81137612
1396 9999.81137612
1397 9999.81137612
1398 9999.81137612
1399 9999.81137612
1418 9999.83233433
1419 9999.83233433
1420 9999.83233433
1421 9999.83233433
1422 9999.83233433
1423 9999.85329253
1424 9999.85329253
1425 9999.87425074
1426 9999.87425074
1427 9999.89520895
1428 9999.89520895
1429 9999.89520895
1430 9999.89520895
1431 9999.89520895
1432 9999.89520895
1433 9999.89520895
1434 9999.89520895
1435 9999.89520895
1436 9999.91616716
1437 9999.91616716
1438 9999.91616716
1439 9999.91616716
1440 9999.91616716
1441 9999.91616716
1442 9999.91616716
1443 9999.91616716
1444 9999.91616716
1445 9999.91616716
1447 9999.93712537
1448 9999.93712537
1449 9999.93712537
1450 9999.93712537
1451 9999.93712537
1452 9999.93712537
1453 9999.93712537
1454 9999.93712537
1455 9999.93712537
1456 9999.93712537
1473 9999.95808358
1474 9999.95808358
1475 9999.95808358
1476 9999.95808358
1477 9999.95808358
1478 9999.95808358
1479 9999.95808358
1480 9999.95808358
1481 9999.95808358
1482 9999.95808358
1501 10000.0
