0 0.0
1 0.0
2 0.0
3 0.0
4 0.0
5 0.0
6 0.0
7 0.0
8 0.0
587 500.0
588 500.0
589 500.0
590 1000.0
591 1000.0
592 1000.0
593 1000.0
594 1000.0
595 1500.0
596 1500.0
597 1500.0
598 1500.0
599 2000.0
600 3000.0
601 3500.0
602 3500.0
603 3500.0
604 3500.0
605 3500.0
606 3500.0
607 3500.0
608 3500.0
609 3500.0
610 3500.0
611 4000.0
612 4000.0
613 4000.0
614 4000.0
615 4000.0
616 4000.0
617 4000.0
618 4000.0
619 4000.0
620 4000.0
621 4500.0
622 4500.0
623 4500.0
624 4500.0
625 5000.0
626 5000.0
627 5000.0
628 5000.0
629 5000.0
630 5000.0
631 5000.0
632 5000.0
633 5000.0
634 5000.0
661 5500.0
662 5500.0
663 5500.0
664 5500.0
665 5500.0
666 5500.0
667 5500.0
668 5500.0
669 5500.0
670 5500.0
814 6000.0
815 6000.0
816 6000.0
817 6000.0
818 6000.0
819 6000.0
820 6000.0
821 6000.0
822 6000.0
823 6000.0
930 6500.0
931 6500.0
932 6500.0
933 6500.0
934 6500.0
935 6500.0
936 6500.0
937 6500.0
938 6500.0
939 6500.0
1054 7000.0
1055 7000.0
1056 7000.0
1057 7000.0
1058 7000.0
1059 7000.0
1060 7000.0
1061 7000.0
1062 7000.0
1063 7000.0
1079 7500.0
1080 7500.0
1081 7500.0
1082 7500.0
1083 7500.0
1084 7500.0
1085 7500.0
1086 7500.0
1087 7500.0
1088 7500.0
1114 8000.0
1115 8000.0
1116 8000.0
1117 8000.0
1118 8000.0
1119 8000.0
1120 8000.0
1121 8000.0
1122 8000.0
1123 8000.0
1137 8500.0
1138 8500.0
1139 8500.0
1140 8500.0
1141 8500.0
1142 8500.0
1143 8500.0
1144 8500.0
1145 8500.0
1146 8500.0
1190 9000.0
1191 9000.0
1192 9000.0
1193 9000.0
1194 9000.0
1195 9000.0
1196 9000.0
1197 9000.0
1198 9000.0
1199 9000.0
1501 10000.0
