0 0.0
1 0.0
2 0.0
3 0.0
4 0.0
5 0.0
6 0.0
7 0.0
8 0.0
60 0.119232403465
61 0.552804779702
62 2.26541566584
63 8.09696412622
64 22.296459448
65 48.9611605865
66 88.5246399181
67 129.323800522
68 185.20044051
69 240.567632955
70 289.864812133
71 329.764310056
72 358.455962054
73 381.435297994
74 398.496370999
75 410.7122727
76 420.879544922
77 429.713582088
78 437.420331076
79 443.5553802
80 449.473643135
81 455.196798502
82 460.258755994
83 465.288195558
84 470.057491697
85 474.826787836
86 479.563566046
87 484.094397378
88 489.015443848
89 494.120758578
90 498.619071982
91 502.48870544
92 505.978963068
93 509.577613791
94 512.829406613
95 515.333287086
96 517.80464963
97 520.200137009
98 522.563106459
99 524.698450412
100 526.714561962
101 528.557244561
102 530.096426496
103 531.49469741
104 533.185629677
105 534.77900816
106 536.253154239
107 537.640585843
108 538.908785043
109 539.754251177
110 540.513002836
111 541.217557947
112 541.878755821
113 542.474917838
114 543.179472949
115 543.818992204
116 544.794530051
117 545.856782373
118 546.767284363
119 547.580232568
120 548.534091796
121 549.444593786
122 550.626078511
123 551.92679564
124 552.978208652
125 554.094657521
126 554.636622991
127 555.189427771
128 555.5688036
129 555.926500811
130 556.544341447
131 557.162182083
132 557.845058576
133 558.592970925
134 559.199972251
135 559.76361634
136 560.435653524
137 561.118530016
138 561.974835459
139 562.928694687
140 564.066822175
141 565.519289635
142 566.776649526
143 568.229116986
144 569.497316187
145 570.776354697
146 572.152946991
147 573.063448982
148 574.104022685
149 575.014524675
150 575.784115642
151 576.36943835
152 576.868046583
153 577.431690672
154 577.930298905
155 578.461425066
156 579.046747774
157 579.29605189
158 579.610391863
159 580.098160786
160 580.5750904
161 581.312163439
162 581.886646838
163 582.591201949
164 583.339114298
165 584.097865957
166 584.76990314
167 585.420261704
168 586.113977506
169 587.13287259
170 587.902463558
171 588.812965548
172 589.550038588
173 590.016128892
174 590.482219197
175 590.818237788
176 591.121738452
177 591.414399806
178 591.642025303
179 591.956365276
180 592.238187321
181 592.389937652
182 592.595884531
183 592.812670719
184 593.029456907
185 593.322118261
186 593.647297543
187 593.929119588
188 594.145905776
189 594.351852655
190 594.536120915
191 594.872139506
192 595.240676026
193 595.522498071
194 595.750123568
195 595.977749066
196 596.27041042
197 596.62810763
198 597.094197934
199 597.332662741
200 597.592806167
201 597.917985449
202 598.145610947
203 598.514147467
204 598.861005368
205 599.229541887
206 599.565560479
207 599.890739761
208 600.400187303
209 601.093903105
210 601.494957553
211 602.091119571
212 602.806513991
213 603.651980125
214 604.345695927
215 604.963536563
216 605.538019962
217 606.231735764
218 607.131398444
219 607.846792865
220 608.659741071
221 609.559403751
222 610.155565769
223 610.805924333
224 611.40208635
225 611.738104942
226 612.225873865
227 612.69196417
228 613.038822071
229 613.40735859
230 613.656662707
231 614.025199227
232 614.209467486
233 614.491289531
234 614.729754338
235 614.935701217
236 615.130808786
237 615.293398427
238 615.59689909
239 615.846203207
240 616.062989395
241 616.399007986
242 616.626633484
243 616.832580363
244 616.930134147
245 617.168598954
246 617.287831358
247 617.504617546
248 617.656367877
249 617.894832684
250 618.122458182
251 618.512673321
252 619.011281553
253 619.780872521
254 621.287536528
255 622.956790177
256 625.471509959
257 627.866997338
258 631.064593613
259 635.888086298
260 640.863329316
261 647.074253605
262 652.862444828
263 659.073369118
264 665.197578932
265 673.121114108
266 680.242540387
267 688.285307966
268 697.52039958
269 706.397793984
270 716.803531013
271 725.735121964
272 738.406274659
273 750.123568127
274 763.672704885
275 775.06481907
276 788.722348922
277 799.789283825
278 808.991857511
279 817.619947798
280 824.437873414
281 830.692154941
282 835.212146964
283 839.396120394
284 842.496162884
285 845.932223966
286 848.631212008
287 851.69873657
288 854.180938424
289 856.468032709
290 859.00443111
291 861.172292991
292 863.524423132
293 865.215355399
294 867.188109711
295 868.727291647
296 870.212277035
297 871.393761761
298 872.434335464
299 873.464069857
300 874.222821516
301 875.079126959
302 875.740324832
303 876.401522706
304 876.997684724
305 877.648043288
306 878.081615664
307 878.666938372
308 879.046314201
309 879.534083124
310 879.967655501
311 880.271156164
312 880.70472854
313 881.019068513
314 881.44180158
315 881.79949879
316 882.113838763
317 882.395660808
318 882.688322162
319 883.046019372
320 883.317002107
321 883.728895865
322 884.043235837
323 884.35757581
324 884.650237164
325 884.942898518
326 885.192202634
327 885.539060535
328 885.864239818
329 886.156901172
330 886.449562525
331 886.655509404
332 887.045724543
333 887.305867969
334 887.64188656
335 887.793636892
336 887.999583771
337 888.151334102
338 888.3789596
339 888.584906478
340 888.74749612
341 888.92092507
342 889.10519333
343 889.365336756
344 889.538765706
345 889.744712585
346 889.939820154
347 890.145767033
348 890.416749768
349 890.590178719
350 890.817804216
351 890.991233167
352 891.175501426
353 891.413966233
354 891.609073803
355 891.869217228
356 892.02096756
357 892.194396511
358 892.508736483
359 892.671326124
360 892.833915766
361 893.061541263
362 893.278327451
363 893.419238473
364 893.592667424
365 893.787774993
366 893.950364634
367 894.102114966
368 894.275543917
369 894.459812176
370 894.676598365
371 894.817509387
372 895.045134884
373 895.13184936
374 895.391992785
375 895.565421736
376 895.771368615
377 895.933958256
378 896.183262372
379 896.356691322
380 896.562638201
381 896.779424389
382 897.028728506
383 897.267193313
384 897.440622263
385 897.689926379
386 897.86335533
387 898.04762359
388 898.22105254
389 898.470356657
390 898.643785607
391 898.849732486
392 899.001482818
393 899.218269006
394 899.456733813
395 899.641002072
396 899.879466879
397 900.085413758
398 900.258842709
399 900.432271659
400 900.5948613
401 900.811647488
402 900.930879892
403 901.169344699
404 901.33193434
405 901.548720528
406 901.754667407
407 901.982292904
408 902.199079092
409 902.459222518
410 902.61097285
411 902.860276966
412 903.142099011
413 903.391403127
414 903.619028624
415 903.824975503
416 904.074279619
417 904.291065808
418 904.464494758
419 904.670441637
420 904.876388516
421 905.169049869
422 905.288282273
423 905.52674708
424 905.754372577
425 905.916962219
426 906.112069788
427 906.361373904
428 906.588999402
429 906.751589043
430 906.925017993
431 907.141804181
432 907.358590369
433 907.564537248
434 907.748805508
435 907.922234459
436 908.128181337
437 908.344967525
438 908.550914404
439 908.735182664
440 909.006165399
441 909.17959435
442 909.418059157
443 909.548130869
444 909.764917058
445 909.927506699
446 910.068417721
447 910.231007362
448 910.415275622
449 910.577865263
450 910.762133523
451 910.935562473
452 911.108991424
453 911.271581065
454 911.36913485
455 911.585921038
456 911.72683206
457 912.008654105
458 912.192922365
459 912.333833387
460 912.4639051
461 912.680691288
462 912.897477476
463 913.027549189
464 913.222656758
465 913.396085709
466 913.526157421
467 913.677907753
468 913.883854632
469 914.111480129
470 914.28490908
471 914.501695268
472 914.794356622
473 915.01114281
474 915.152053832
475 915.292964855
476 915.531429662
477 915.759055159
478 915.965002038
479 916.192627535
480 916.452770961
481 916.615360602
482 916.767110934
483 917.02725436
484 917.189844001
485 917.352433642
486 917.525862592
487 917.720970162
488 917.872720493
489 918.1111853
490 918.29545356
491 918.490561129
492 918.642311461
493 918.750704555
494 918.956651434
495 919.173437622
496 919.346866572
497 919.520295523
498 919.693724473
499 919.845474805
500 919.964707209
501 920.105618231
502 920.322404419
503 920.452476132
504 920.647583701
505 920.85353058
506 920.983602293
507 921.243745718
508 921.384656741
509 921.623121548
510 921.818229117
511 921.980818758
512 922.186765637
513 922.31683735
514 922.436069753
515 922.631177322
516 922.826284892
517 922.891320748
518 923.053910389
519 923.270696577
520 923.4116076
521 923.520000694
522 923.704268954
523 923.801822738
524 924.029448236
525 924.213716496
526 924.473859921
527 924.614770944
528 924.766521275
529 924.831557132
530 925.037504011
531 925.189254342
532 925.319326055
533 925.449397768
534 925.611987409
535 925.817934288
536 926.056399095
537 926.218988736
538 926.338221139
539 926.555007327
540 926.750114897
541 926.988579704
542 927.270401748
543 927.487187936
544 927.660616887
545 927.823206528
546 928.061671335
547 928.267618214
548 928.441047164
549 928.646994043
550 928.863780231
551 929.048048491
552 929.264834679
553 929.459942248
554 929.622531889
555 929.828478768
556 930.066943575
557 930.283729763
558 930.500515951
559 930.728141449
560 930.901570399
561 931.172553134
562 931.378500013
563 931.736197223
564 932.007179959
565 932.148090981
566 932.278162694
567 932.462430954
568 932.646699213
569 932.863485402
570 933.091110899
571 933.242861231
572 933.481326038
573 933.730630154
574 933.947416342
575 934.185881149
576 934.34847079
577 934.554417669
578 934.738685929
579 934.922954189
580 935.150579686
581 935.334847946
582 935.508276897
583 935.703384466
584 935.920170654
585 936.158635461
586 936.451296815
587 936.73311886
588 936.90654781
589 937.134173308
590 937.394316733
591 937.578584993
592 937.762853253
593 937.990478751
594 938.163907701
595 938.326497342
596 938.434890436
597 938.586640768
598 938.792587647
599 938.987695216
600 939.236999332
601 939.442946211
602 939.594696543
603 939.887357897
604 940.01742961
605 940.223376488
606 940.526877152
607 940.754502649
608 940.982128147
609 941.231432263
610 941.534932926
611 941.762558424
612 942.033541159
613 942.293684585
614 942.553828011
615 942.813971436
616 943.128311409
617 943.47516931
618 943.789509283
619 944.125527874
620 944.461546466
621 944.840922295
622 945.263655362
623 945.718906357
624 946.358425612
625 946.900391082
626 947.691660669
627 948.39621578
628 949.187485367
629 950.130505285
630 951.062685894
631 952.135777525
632 953.642441533
633 955.224980706
634 956.861716426
635 958.61768455
636 960.384491983
637 962.411442842
638 964.63350127
639 967.440882406
640 970.389174565
641 973.706003243
642 977.380529132
643 981.120090877
644 985.423296711
645 989.834895639
646 994.419923518
647 999.947971315
648 1006.31064594
649 1013.35619705
650 1020.88951709
651 1028.34696196
652 1036.36805092
653 1044.89858742
654 1054.0903218
655 1064.17087954
656 1074.35983039
657 1085.14494325
658 1096.74300431
659 1109.4033177
660 1121.83600558
661 1134.6480693
662 1148.56574258
663 1163.87084746
664 1180.53086602
665 1197.7978859
666 1214.68552996
667 1233.66516073
668 1252.89409561
669 1272.94681801
670 1293.3247197
671 1313.55087105
672 1335.81481257
673 1358.2088258
674 1381.76264514
675 1405.52241136
676 1428.8486052
677 1452.22899559
678 1477.74472993
679 1503.46641115
680 1530.55384535
681 1556.16713348
682 1584.00248003
683 1611.21998595
684 1639.44554765
685 1668.98266578
686 1697.7068357
687 1725.32539607
688 1754.88419282
689 1783.21814761
690 1813.16715949
691 1842.86686727
692 1871.89453786
693 1902.14705041
694 1931.9876692
695 1963.74684576
696 1994.23782312
697 2023.76410194
698 2054.77536615
699 2086.44782824
700 2118.29371927
701 2148.91476834
702 2178.80958368
703 2209.38727552
704 2239.81321702
705 2271.08462466
706 2301.53224478
707 2330.7116657
708 2361.02921411
709 2392.27894312
710 2423.42027905
711 2454.4857398
712 2484.99839578
713 2514.66558563
714 2546.93420973
715 2577.64197327
716 2610.57179525
717 2641.64809532
718 2672.55096643
719 2704.59196504
720 2735.74414027
721 2768.54389053
722 2799.53347612
723 2830.34963276
724 2861.85950521
725 2895.11450646
726 2927.82754225
727 2960.11784497
728 2991.96373601
729 3025.16454072
730 3058.65800678
731 3092.84518865
732 3126.80474502
733 3159.49610218
734 3193.31474753
735 3228.05473418
736 3264.47481378
737 3299.77844452
738 3333.60792917
739 3369.52940054
740 3406.82746421
741 3445.15526227
742 3483.62397135
743 3520.86783847
744 3559.65088752
745 3600.24410125
746 3641.68278111
747 3683.52251541
748 3724.2999974
749 3764.6330677
750 3808.87912869
751 3852.91924281
752 3897.5013224
753 3942.95054673
754 3985.95008715
755 4033.2636727
756 4081.14090235
757 4128.61707755
758 4176.65689684
759 4223.32012383
760 4274.38411044
761 4325.68656186
762 4376.56628021
763 4429.64637837
764 4479.4638444
765 4531.37329714
766 4585.12543249
767 4640.01569532
768 4694.75420782
769 4746.1325344
770 4799.37522221
771 4854.36303882
772 4908.22356726
773 4961.44457644
774 5013.137243
775 5064.68899853
776 5119.09149244
777 5174.37197041
778 5228.21082023
779 5279.78425439
780 5329.40661285
781 5381.11011871
782 5432.24998049
783 5482.52269751
784 5533.42409448
785 5579.7729815
786 5628.65826692
787 5676.89319378
788 5723.83824282
789 5769.21159199
790 5811.98350691
791 5855.98026379
792 5898.25357047
793 5940.26673373
794 5981.32603776
795 6018.40731523
796 6055.92216509
797 6093.41533632
798 6129.1091822
799 6163.4589537
800 6196.24786466
801 6228.20214878
802 6259.51691366
803 6288.23024427
804 6315.19844608
805 6339.52185638
806 6362.80469299
807 6385.43717103
808 6406.75809263
809 6425.95450959
810 6444.07783491
811 6460.7703714
812 6477.33283617
813 6491.55401011
814 6506.30631021
815 6519.41103528
816 6531.00909635
817 6542.18442435
818 6552.61183999
819 6562.09623572
820 6571.65650662
821 6579.8185066
822 6588.88016927
823 6596.39181068
824 6603.68666592
825 6610.24444811
826 6616.40117585
827 6621.95090226
828 6627.91252244
829 6633.41889162
830 6638.78434977
831 6643.87882519
832 6648.7239965
833 6654.0244188
834 6658.56608944
835 6663.20531386
836 6667.60607348
837 6671.94179724
838 6675.86562725
839 6680.02792206
840 6683.78916242
841 6687.66963519
842 6691.58262589
843 6695.34386625
844 6699.05091007
845 6702.32438151
846 6705.50029916
847 6708.73041337
848 6711.89549171
849 6715.24483832
850 6718.11725531
851 6721.20645849
852 6724.17642927
853 6727.05968557
854 6729.59608397
855 6732.54437613
856 6735.25420348
857 6737.84479843
858 6740.001821
859 6742.42982631
860 6745.05293919
861 6747.18828314
862 6749.23691262
863 6751.67575723
864 6754.24467356
865 6756.69435749
866 6759.17655934
867 6761.42029639
868 6763.58815827
869 6766.05952082
870 6768.35745441
871 6770.64454869
872 6772.67149955
873 6775.19705864
874 6777.38659914
875 6779.7495686
876 6781.89575186
877 6784.17200683
878 6786.38322595
879 6788.44269474
880 6790.72978902
881 6792.94100814
882 6795.23894174
883 6797.52603602
884 6799.52046895
885 6801.52574119
886 6803.66108514
887 6805.82894703
888 6808.00764822
889 6809.80697358
890 6812.10490717
891 6814.26192974
892 6816.38643439
893 6818.43506387
894 6820.47285403
895 6822.35889387
896 6824.36416611
897 6826.28272388
898 6828.56981816
899 6830.87859106
900 6832.71043435
901 6834.52059902
902 6836.80769331
903 6838.60701867
904 6840.43886196
905 6842.35741972
906 6844.22178094
907 6846.44383937
908 6848.35155783
909 6850.06416871
910 6851.91769062
911 6853.60862289
912 6855.73312753
913 6857.45657773
914 6859.37513549
915 6861.28285395
916 6863.06050069
917 6864.78395088
918 6866.42068661
919 6868.19833335
920 6869.66164012
921 6871.55851926
922 6872.94595087
923 6874.76695485
924 6876.21942231
925 6877.85615803
926 6879.68800132
927 6881.2813798
928 6883.01566931
929 6884.43561884
930 6886.0073187
931 6887.7307689
932 6889.13987912
933 6890.87416862
934 6892.43502918
935 6893.9525325
936 6895.43751788
937 6896.74907432
938 6897.95223767
939 6899.19875825
940 6900.45611814
941 6901.88690698
942 6903.46944615
943 6904.6726095
944 6906.04920179
945 6907.37159754
946 6908.84574362
947 6910.33072901
948 6911.7073213
949 6913.19230669
950 6914.51470244
951 6915.67450855
952 6916.87767189
953 6918.1567104
954 6919.3056772
955 6920.64975156
956 6921.80955767
957 6923.08859618
958 6924.47602778
959 6925.88513801
960 6927.16417652
961 6928.4106971
962 6929.68973561
963 6930.88205964
964 6932.08522299
965 6933.28838633
966 6934.70833586
967 6936.19332125
968 6937.49403838
969 6938.74055896
970 6940.10631195
971 6941.19024289
972 6942.54515656
973 6943.84587369
974 6945.22246599
975 6946.32807555
976 6947.50956027
977 6948.77775947
978 6950.10015522
979 6951.49842613
980 6952.8425005
981 6954.06734246
982 6955.28134511
983 6956.49534777
984 6957.72018973
985 6958.93419238
986 6960.18071297
987 6961.40555493
988 6962.63039689
989 6963.77936369
990 6964.97168772
991 6966.18569038
992 6967.45388958
993 6968.64621361
994 6970.00112729
995 6971.30184442
996 6972.60256155
997 6973.65397456
998 6974.83545928
999 6975.99526539
1000 6977.16591081
1001 6978.15228796
1002 6979.38796923
1003 6980.75372222
1004 6982.1194752
1005 6983.20340614
1006 6984.21146192
1007 6985.40378595
1008 6986.43352035
1009 6987.81011264
1010 6988.96991875
1011 6990.14056416
1012 6991.31120958
1013 6992.38430121
1014 6993.28396389
1015 6994.15110864
1016 6994.99657478
1017 6995.99379124
1018 6997.00184702
1019 6998.07493865
1020 6999.03963719
1021 6999.96097849
1022 7000.94735564
1023 7002.24807277
1024 7003.3211644
1025 7004.26418432
1026 7005.20720424
1027 7006.37784965
1028 7007.39674474
1029 7008.44815775
1030 7009.53208869
1031 7010.52930516
1032 7011.72162919
1033 7012.54541671
1034 7013.48843662
1035 7014.45313516
1036 7015.39615508
1037 7016.36085362
1038 7017.32555215
1039 7018.13850036
1040 7019.20075268
1041 7020.31720155
1042 7021.52036489
1043 7022.7994034
1044 7023.9483702
1045 7024.97810459
1046 7026.05119623
1047 7027.20016302
1048 7028.25157604
1049 7029.29214974
1050 7030.34356275
1051 7031.48169024
1052 7032.64149634
1053 7033.82298107
1054 7034.95026925
1055 7036.12091466
1056 7037.30239939
1057 7038.39716964
1058 7039.60033298
1059 7040.82517495
1060 7042.09337415
1061 7043.40493059
1062 7044.67312979
1063 7045.56195316
1064 7046.75427719
1065 7048.02247639
1066 7049.11724664
1067 7050.27705275
1068 7051.67532366
1069 7052.80261184
1070 7053.85402485
1071 7054.97047372
1072 7056.24951223
1073 7057.38763972
1074 7058.47157066
1075 7059.62053746
1076 7060.81286149
1077 7062.15693586
1078 7063.43597437
1079 7064.81256666
1080 7066.05908724
1081 7067.22973266
1082 7068.48709255
1083 7069.73361313
1084 7070.76334753
1085 7071.8906357
1086 7072.98540595
1087 7074.4270341
1088 7075.70607261
1089 7076.87671803
1090 7077.71134485
1091 7078.94702613
1092 7080.09599292
1093 7081.46174591
1094 7082.58903409
1095 7083.83555467
1096 7085.14711111
1097 7086.48034616
1098 7087.47756263
1099 7088.56149357
1100 7089.65626382
1101 7090.83774855
1102 7091.97587603
1103 7093.15736076
1104 7094.27380963
1105 7095.63956261
1106 7096.73433286
1107 7097.6990314
1108 7098.91303405
1109 7100.12703671
1110 7101.31936074
1111 7102.43580961
1112 7103.465544
1113 7104.65786804
1114 7105.96942448
1115 7106.95580163
1116 7108.18064359
1117 7109.27541384
1118 7110.28346962
1119 7111.34572194
1120 7112.23454531
1121 7113.06917214
1122 7113.87128103
1123 7114.81430095
1124 7115.75732087
1125 7116.7111801
1126 7117.58916416
1127 7118.72729165
1128 7119.67031157
1129 7120.55913494
1130 7121.46963693
1131 7122.3584603
1132 7123.40987331
1133 7124.5480008
1134 7125.50186003
1135 7126.34732616
1136 7127.18195298
1137 7128.05993705
1138 7128.86204594
1139 7129.68583346
1140 7130.73724647
1141 7131.63690915
1142 7132.44985735
1143 7133.34952004
1144 7134.2275041
1145 7135.12716678
1146 7135.90759706
1147 7136.60131286
1148 7137.31670728
1149 7138.17301272
1150 7138.98596093
1151 7139.84226637
1152 7140.63353596
1153 7141.45732347
1154 7142.21607513
1155 7142.80139784
1156 7143.47343502
1157 7144.23218668
1158 7144.98009903
1159 7145.72801138
1160 7146.3350127
1161 7147.14796091
1162 7147.75496224
1163 7148.42699942
1164 7149.13155453
1165 7149.98785997
1166 7150.89836196
1167 7151.68963155
1168 7152.38334735
1169 7153.21797418
1170 7154.08511893
1171 7154.75715611
1172 7155.45087191
1173 7156.16626633
1174 7156.94669661
1175 7157.68376965
1176 7158.47503924
1177 7159.25546952
1178 7160.17681082
1179 7161.03311626
1180 7161.86774308
1181 7162.76740576
1182 7163.51531811
1183 7164.25239115
1184 7165.15205383
1185 7165.88912687
1186 7166.66955715
1187 7167.37411226
1188 7168.18706047
1189 7169.01084798
1190 7169.93218928
1191 7170.89688782
1192 7171.65563948
1193 7172.43606975
1194 7173.30321451
1195 7174.24623442
1196 7175.16757572
1197 7176.13227426
1198 7176.95606178
1199 7177.83404584
1200 7178.72286921
1201 7179.50329949
1202 7180.21869391
1203 7181.06416004
1204 7182.13725167
1205 7183.14530745
1206 7184.07748806
1207 7184.94463281
1208 7185.96352789
1209 7186.88486919
1210 7187.96880013
1211 7188.97685591
1212 7189.91987582
1213 7190.91709229
1214 7191.90346945
1215 7192.90068591
1216 7193.80034859
1217 7194.66749334
1218 7195.57799533
1219 7196.51017594
1220 7197.66998205
1221 7198.71055575
1222 7199.64273636
1223 7200.71582799
1224 7201.71304446
1225 7202.52599266
1226 7203.56656637
1227 7204.48790767
1228 7205.38757035
1229 7206.40646543
1230 7207.46871775
1231 7208.40089836
1232 7209.23552519
1233 7210.14602718
1234 7210.85058229
1235 7211.53345878
1236 7212.28137113
1237 7213.00760486
1238 7213.69048135
1239 7214.40587577
1240 7215.33805638
1241 7216.03177218
1242 7216.77968453
1243 7217.50591826
1244 7218.30802716
1245 7218.91502849
1246 7219.64126222
1247 7220.45421042
1248 7221.26715863
1249 7222.09094614
1250 7222.86053711
1251 7223.59761015
1252 7224.22629009
1253 7224.90916659
1254 7225.54868584
1255 7226.22072303
1256 7226.92527814
1257 7227.42388637
1258 7228.04172701
1259 7228.63788902
1260 7229.0714614
1261 7229.67846273
1262 7230.24210681
1263 7231.0333764
1264 7231.84632461
1265 7232.37745077
1266 7232.96277348
1267 7233.55893549
1268 7234.16593682
1269 7234.89217055
1270 7235.49917188
1271 7236.17120906
1272 7236.63729936
1273 7237.16842553
1274 7237.75374823
1275 7238.18732061
1276 7238.88103641
1277 7239.37964464
1278 7239.88909219
1279 7240.39853973
1280 7240.97302313
1281 7241.4065955
1282 7241.9810789
1283 7242.5555623
1284 7242.99997399
1285 7243.43354636
1286 7243.81292219
1287 7244.2790125
1288 7244.78846004
1289 7245.22203241
1290 7245.75315857
1291 7246.14337371
1292 7246.56610678
1293 7246.98883985
1294 7247.55248394
1295 7248.14864595
1296 7248.50634316
1297 7249.05914794
1298 7249.62279203
1299 7250.13223957
1300 7250.48993679
1301 7250.8584733
1302 7251.37876016
1303 7251.7798146
1304 7252.18086905
1305 7252.69031659
1306 7253.14556759
1307 7253.49242549
1308 7254.00187303
1309 7254.46796334
1310 7255.00992881
1311 7255.55189428
1312 7256.08302044
1313 7256.55995005
1314 7257.02604036
1315 7257.44877342
1316 7257.8823458
1317 7258.3375968
1318 7258.86872296
1319 7259.41068843
1320 7260.02852906
1321 7260.60301246
1322 7261.03658484
1323 7261.55687169
1324 7262.01212268
1325 7262.52157023
1326 7263.07437501
1327 7263.43207222
1328 7263.89816252
1329 7264.34257421
1330 7264.9170576
1331 7265.40482653
1332 7265.90343476
1333 7266.32616783
1334 7266.84645468
1335 7267.45345601
1336 7268.00626079
1337 7268.67829797
1338 7269.2961386
1339 7270.04405095
1340 7270.58601642
1341 7271.26889292
1342 7271.85421562
1343 7272.4070204
1344 7273.04653966
1345 7273.64270168
1346 7274.18466715
1347 7274.79166847
1348 7275.36615187
1349 7275.89727803
1350 7276.37420765
1351 7277.06792345
1352 7277.80499649
1353 7278.46619436
1354 7279.02983845
1355 7279.57180392
1356 7280.1246087
1357 7280.90503898
1358 7281.45784376
1359 7282.0865237
1360 7282.7694002
1361 7283.31136567
1362 7283.9292063
1363 7284.40613592
1364 7285.06733379
1365 7285.6526565
1366 7286.35721161
1367 7286.95337363
1368 7287.62541081
1369 7288.21073352
1370 7288.95864587
1371 7289.47893272
1372 7290.21600576
1373 7290.90972156
1374 7291.70099115
1375 7292.40554626
1376 7293.15345861
1377 7293.91221027
1378 7294.50837228
1379 7295.15873085
1380 7295.78741079
1381 7296.44860867
1382 7297.33743204
1383 7298.03114784
1384 7298.75738157
1385 7299.50529392
1386 7300.22068834
1387 7301.04447585
1388 7301.75987028
1389 7302.31267505
1390 7303.1689805
1391 7303.93857147
1392 7304.67564451
1393 7305.33684238
1394 7306.16062989
1395 7306.96273879
1396 7307.69981183
1397 7308.4694028
1398 7309.10892205
1399 7309.82431647
1400 7310.62642537
1401 7311.27678393
1402 7311.88378526
1403 7312.59917968
1404 7313.30373479
1405 7314.05164714
1406 7314.9296312
1407 7315.67754355
1408 7316.46881314
1409 7317.14085032
1410 7317.84540543
1411 7318.51744262
1412 7319.23283704
1413 7320.09998179
1414 7320.91293
1415 7321.63916373
1416 7322.37623677
1417 7323.18918497
1418 7324.06716903
1419 7324.9559924
1420 7325.50879718
1421 7326.36510263
1422 7327.08049705
1423 7327.91512387
1424 7328.63051829
1425 7329.41094857
1426 7330.16970023
1427 7330.96096981
1428 7331.70888216
1429 7332.4459552
1430 7333.30226065
1431 7334.00681576
1432 7334.76556742
1433 7335.60019424
1434 7336.3589459
1435 7337.03098308
1436 7337.80057405
1437 7338.57016502
1438 7339.1229698
1439 7339.92507869
1440 7340.65131242
1441 7341.29083168
1442 7342.09294057
1443 7342.73245983
1444 7343.38281839
1445 7344.15240936
1446 7345.03039342
1447 7345.74578784
1448 7346.47202157
1449 7347.13321945
1450 7347.89197111
1451 7348.75911586
1452 7349.43115304
1453 7350.03815437
1454 7350.84026327
1455 7351.49062183
1456 7352.23853418
1457 7352.92141067
1458 7353.65848371
1459 7354.47143192
1460 7355.12179048
1461 7355.86970283
1462 7356.59593656
1463 7357.24629512
1464 7357.78826059
1465 7358.54701225
1466 7359.14317427
1467 7359.83689007
1468 7360.4438914
1469 7360.97501756
1470 7361.4844651
1471 7362.06978781
1472 7362.60091397
1473 7363.34882632
1474 7363.91247041
1475 7364.50863243
1476 7365.0505979
1477 7365.60340268
1478 7366.16704677
1479 7366.62229776
1480 7367.28349563
1481 7367.87965765
1482 7368.67092724
1483 7369.11533892
1484 7369.70066163
1485 7370.39437743
1486 7371.08809324
1487 7371.69509456
1488 7372.13950625
1489 7372.78986481
1490 7373.44022338
1491 7374.07974263
1492 7374.76261912
1493 7375.28290598
1494 7375.78151421
1495 7376.25844382
1496 7376.77873067
1497 7377.47244648
1498 7378.11196573
1499 7378.52385949
1500 7378.83819946
1501 10000.0
