0 0.0
1 0.0
2 0.0
3 0.0
4 0.0
5 0.0
6 0.0
7 0.0
8 0.0
588 526.315789474
589 526.315789474
590 526.315789474
591 1052.63157895
592 1578.94736842
593 1578.94736842
594 1578.94736842
595 1578.94736842
596 1578.94736842
597 2105.26315789
598 2105.26315789
599 2105.26315789
600 2105.26315789
601 2631.57894737
602 3157.89473684
603 3157.89473684
604 3157.89473684
605 3157.89473684
606 3157.89473684
607 3157.89473684
608 3157.89473684
609 3157.89473684
610 3157.89473684
611 3157.89473684
613 3684.21052632
614 4210.52631579
615 4210.52631579
616 4736.84210526
617 4736.84210526
618 4736.84210526
619 4736.84210526
620 4736.84210526
621 4736.84210526
622 4736.84210526
623 4736.84210526
624 4736.84210526
625 4736.84210526
626 5263.15789474
627 5263.15789474
628 5263.15789474
629 5263.15789474
630 5789.47368421
631 5789.47368421
632 6315.78947368
633 6315.78947368
634 6315.78947368
635 6315.78947368
636 6315.78947368
637 6315.78947368
638 6315.78947368
639 6315.78947368
640 6315.78947368
641 6315.78947368
657 6842.10526316
658 6842.10526316
659 6842.10526316
660 6842.10526316
661 6842.10526316
662 6842.10526316
663 6842.10526316
664 6842.10526316
665 6842.10526316
666 6842.10526316
681 7368.42105263
682 7368.42105263
683 7368.42105263
684 7368.42105263
685 7368.42105263
686 7368.42105263
687 7368.42105263
688 7368.42105263
689 7368.42105263
690 7368.42105263
716 7894.73684211
717 7894.73684211
718 7894.73684211
719 7894.73684211
720 7894.73684211
721 7894.73684211
722 7894.73684211
723 7894.73684211
724 7894.73684211
725 7894.73684211
934 8421.05263158
935 8421.05263158
936 8421.05263158
937 8421.05263158
938 8421.05263158
939 8421.05263158
940 8421.05263158
941 8421.05263158
942 8421.05263158
943 8421.05263158
1071 8947.36842105
1072 8947.36842105
1073 8947.36842105
1074 8947.36842105
1075 8947.36842105
1076 8947.36842105
1077 8947.36842105
1078 8947.36842105
1079 8947.36842105
1080 8947.36842105
1155 9473.68421053
1156 9473.68421053
1157 9473.68421053
1158 9473.68421053
1159 9473.68421053
1160 9473.68421053
1161 9473.68421053
1162 9473.68421053
1163 9473.68421053
1164 9473.68421053
1171 10000.0
1172 10000.0
1173 10000.0
1174 10000.0
1175 10000.0
1176 10000.0
1177 10000.0
1178 10000.0
1179 10000.0
1180 10000.0
1501 10000.0
