0
3436
3436
3436
3436
3436
3436
3436
3436
3436
3436
3436
3436
3436
3436
3436
3903
3903
3903
3903
3903
3903
3903
3903
3903
3903
3903
3903
3903
3903
4350
4350
4596
4629
4704
4704
4705
4705
5155
5424
5478
5547
5678
5819
5819
5994
6197
6260
7284
7737
8004
8004
10392
15715
18791
20373
24048
26598
29079
29079
30688
32037
35201
38231
39623
42260
42260
46036
48294
51929
53420
53420
57491
57491
61287
63811
66475
68595
69657
71139
74049
74049
75402
75466
78927
81138
83781
83781
83781
83781
83781
84213
87172
87236
88148
89254
89254
91082
92972
93466
93795
96846
98761
98761
100173
100692
103766
105381
106823
108207
108207
109660
110521
113126
114056
116630
119170
123810
123810
124244
126844
127308
128072
129688
132359
132359
134773
136171
136455
140293
140557
141041
141541
141541
142461
144890
146957
147113
148449
151501
155023
155023
155769
158226
159617
161016
163033
164715
164715
167322
168553
168704
171882
175046
175046
176857
179131
182888
183023
183322
188009
191371
191371
192804
193633
194483
195348
199616
201350
201350
202548
203122
204208
209294
211320
211320
211938
215278
218868
220144
220144
222128
225038
225038
226636
226636
229672
232955
235548
236083
238590
238590
240005
241654
242851
243027
245239
247068
247068
249167
249693
252165
254152
256043
257702
257702
259836
260236
262172
263699
266962
269923
269923
271806
273415
275563
279764
281572
284495
284495
288302
289011
291510
293077
293831
296492
299102
299102
299502
301124
302581
302581
303242
304966
304966
305664
306310
307890
309681
312548
315642
318292
318292
322684
323419
325032
326539
328617
330413
333708
333708
335353
337188
337747
341867
343439
345368
345368
346364
347924
351097
351455
353378
353378
355130
356028
358575
358855
359942
362196
362196
365559
368693
372147
375385
376088
377770
379340
379340
380315
382726
385088
388106
389403
394036
395653
395653
398201
398201
398872
400742
402330
404356
404356
405761
406339
408476
409931
416395
417183
417183
417350
419916
421799
423305
425217
428278
428278
429316
430439
433479
434791
437315
439998
439998
441627
446818
447650
450434
450754
453238
453238
454203
456027
456909
458804
460993
461911
462552
462552
464636
465715
467423
469418
470777
474808
474808
476780
477706
479449
480831
482856
483323
483323
484978
488369
489785
491477
492173
494272
494272
496071
496269
499617
502351
505037
505037
508415
510673
515490
517067
517687
517687
517687
517931
520838
524237
524424
527128
527226
527804
527804
529032
531872
533187
535417
538191
542253
544058
545873
545873
549700
554755
555550
556256
558243
561248
561248
561900
563429
566048
570486
572234
573315
573315
575145
576877
577693
578850
580608
582813
585104
585104
588043
589824
592380
594525
595360
596971
596971
598822
600173
602678
604243
605145
605145
607404
607404
607404
612709
615256
616390
618910
620961
620961
621476
623380
625310
626784
627102
629230
629230
631065
631631
634955
636869
638002
640766
640766
642452
644537
645030
645373
646731
649488
649488
650526
652368
654257
656343
657894
662091
662091
665420
666239
670500
671797
673846
674659
674659
674905
675138
676091
677213
679335
682214
682214
682674
686147
686278
689144
692604
693610
693610
696831
697995
700947
702951
707595
707981
707981
709949
712190
713134
714569
715588
716506
716506
719898
720492
721851
724115
724732
727268
727268
731219
731770
732486
736729
739022
739634
739634
740221
742328
747347
747669
748395
748395
750163
751117
754183
756315
759277
759277
759829
760744
762230
764503
770094
771424
771424
772339
772339
773933
776943
778357
779594
779594
780490
783033
785978
788094
790340
790340
791751
794577
795737
799804
800749
803197
803197
807045
811279
812906
816385
819001
819001
821239
821804
824539
825559
826230
826889
826889
830208
832036
835409
839473
841407
841786
844455
844455
847295
849800
850120
850120
851515
851968
851968
852360
854246
856247
857573
858605
860012
860012
861933
863296
866228
869374
871788
872071
872071
872439
877099
879755
882356
884226
885715
887060
887060
890747
891281
891891
893165
894635
896440
896440
896742
897376
898550
901443
901891
904611
904611
909641
912174
913423
916174
917226
919329
919329
920622
921727
921727
923566
925150
928879
930025
930025
931041
931665
932174
932180
