0 0.0
1 19.6488864294
2 2188.90599812
3 2321.41568222
4 2396.66289729
5 2487.88987
6 2585.49270585
7 2678.80486651
8 2745.6912799
9 4828.77398969
10 8231.47992205
11 9571.5740763
12 9658.12942601
13 9692.7154761
14 9713.1663579
15 9727.86292295
16 9736.64477219
17 9744.90532445
18 9749.45664814
19 9753.86762265
20 9757.4565519
21 9760.7447329
22 9763.59181644
23 9766.45894987
24 9769.68698121
25 9774.01775618
26 9779.65177361
27 9784.30334673
28 9790.31831196
29 9796.59392569
30 9804.31313107
31 9812.63383298
32 9819.71144207
33 9826.74895139
34 9832.06217068
35 9838.41798394
36 9843.69110347
37 9849.94666731
38 9856.1420815
39 9863.50038897
40 9870.83864655
41 9878.05660483
42 9884.4124181
43 9890.24693437
44 9895.54010378
45 9900.09142747
46 9905.4848463
47 9910.31686837
48 9915.81053662
49 9921.0034566
50 9926.03597751
51 9930.58730121
52 9934.83787664
53 9939.56964929
54 9943.29892773
55 9947.00815629
56 9949.67479088
57 9952.32137558
58 9954.74741156
59 9957.17344754
60 9959.51928398
61 9961.54432227
62 9963.83000906
63 9965.49414944
64 9967.98033507
65 9970.18582233
66 9972.05046155
67 9974.03540008
68 9975.07799405
69 9976.38123652
70 9977.76467852
71 9978.68697319
72 9979.56916809
73 9981.01275975
74 9981.99520407
75 9983.15809735
76 9983.89994306
77 9984.8623375
78 9985.66433286
79 9986.52647788
80 9987.16807417
81 9987.92996976
82 9988.75201501
83 9989.23321223
84 9989.99510783
85 9990.59660435
86 9991.19810087
87 9991.57904867
88 9992.10034566
89 9992.58154288
90 9993.08278998
91 9993.42363801
92 9993.96498488
93 9994.56648141
94 9994.74693036
95 9995.10782828
96 9995.40857654
97 9995.80957422
98 9996.11032248
99 9996.33087121
100 9996.57146982
101 9996.87221808
102 9997.0927668
103 9997.31331553
104 9997.57396402
105 9997.79451275
106 9998.01506147
107 9998.09526101
108 9998.13536078
109 9998.25566008
110 9998.47620881
111 9998.57645823
112 9998.65665776
113 9998.75690719
114 9998.77695707
115 9998.79700695
116 9998.85715661
117 9998.91730626
118 9998.93735614
119 9998.97745591
120 9999.01755568
121 9999.05765545
122 9999.09775521
123 9999.15790487
124 9999.25815429
125 9999.33835382
126 9999.39850348
127 9999.39850348
128 9999.39850348
129 9999.43860324
130 9999.4987529
131 9999.53885267
132 9999.53885267
133 9999.53885267
134 9999.53885267
135 9999.55890255
136 9999.55890255
137 9999.55890255
138 9999.55890255
139 9999.55890255
140 9999.55890255
141 9999.55890255
142 9999.59900232
143 9999.6190522
144 9999.63910209
145 9999.65915197
146 9999.65915197
147 9999.67920185
148 9999.67920185
149 9999.69925174
150 9999.69925174
151 9999.69925174
152 9999.71930162
153 9999.73935151
154 9999.73935151
155 9999.73935151
156 9999.73935151
157 9999.73935151
158 9999.73935151
159 9999.75940139
160 9999.75940139
161 9999.77945127
162 9999.77945127
163 9999.77945127
164 9999.77945127
165 9999.77945127
166 9999.77945127
167 9999.77945127
168 9999.77945127
169 9999.77945127
170 9999.77945127
185 9999.79950116
186 9999.79950116
187 9999.79950116
188 9999.79950116
189 9999.79950116
190 9999.79950116
191 9999.79950116
192 9999.81955104
193 9999.81955104
194 9999.81955104
195 9999.81955104
196 9999.81955104
197 9999.81955104
198 9999.81955104
199 9999.81955104
200 9999.81955104
201 9999.81955104
207 9999.83960093
208 9999.85965081
209 9999.85965081
210 9999.85965081
211 9999.85965081
212 9999.85965081
213 9999.85965081
214 9999.85965081
215 9999.85965081
216 9999.85965081
217 9999.85965081
241 9999.8797007
242 9999.8797007
243 9999.8797007
244 9999.8797007
245 9999.8797007
246 9999.8797007
247 9999.8797007
248 9999.8797007
249 9999.8797007
250 9999.8797007
356 9999.89975058
357 9999.89975058
358 9999.89975058
359 9999.91980046
360 9999.91980046
361 9999.91980046
362 9999.91980046
363 9999.91980046
364 9999.91980046
365 9999.93985035
366 9999.93985035
367 9999.93985035
368 9999.93985035
369 9999.93985035
370 9999.93985035
371 9999.93985035
372 9999.95990023
373 9999.95990023
374 9999.95990023
375 9999.95990023
376 9999.95990023
377 9999.95990023
378 9999.95990023
379 9999.95990023
380 9999.95990023
381 9999.95990023
410 9999.97995012
411 9999.97995012
412 9999.97995012
413 9999.97995012
414 9999.97995012
415 9999.97995012
416 9999.97995012
417 9999.97995012
418 9999.97995012
419 9999.97995012
482 10000.0
483 10000.0
484 10000.0
485 10000.0
486 10000.0
487 10000.0
488 10000.0
489 10000.0
490 10000.0
491 10000.0
1501 10000.0
