0
3426
3426
3426
3426
3426
3426
3426
3426
3426
3426
3426
3426
3426
3426
3845
3845
3845
3845
3845
3845
3845
3845
3845
3845
3845
3845
3845
3845
3845
3845
4586
4619
4619
4619
4648
4648
4649
4951
5059
5169
5169
5182
5182
5504
5928
6188
6377
6377
6592
6596
6995
10390
13679
15955
15955
19103
22655
25207
27595
30677
31718
33463
33463
35742
36662
37303
37481
38905
41963
41963
45720
45720
50021
52334
53391
55074
55074
58120
64084
66056
66684
68961
70246
71300
71300
75361
77923
79153
80065
81201
82680
82680
87158
87518
90136
91156
92882
96553
96553
97348
97645
99953
100584
105081
105202
105202
107212
110454
112915
115518
116077
118525
118525
119481
122555
124002
124650
126980
128500
130506
130506
133147
133513
136379
137294
138735
140975
140975
142807
144260
146887
151312
154857
155567
155567
155811
159652
162777
165248
166882
167434
167434
169590
171294
172045
174569
176558
180503
180503
183135
185115
185431
188885
190307
190809
190809
194952
196536
199495
200906
200906
204155
204155
207497
208242
209757
210266
211526
213147
213147
213600
216623
218739
220531
222725
224418
224418
227545
230142
230724
232702
237080
238413
238748
238748
241824
244322
247122
249485
252292
253270
253270
253948
254963
257893
259482
260474
262145
262145
262534
263013
266228
268410
269042
272671
272671
275937
277337
281027
283496
285390
288756
288756
290091
293583
297694
297970
301228
304907
304907
306862
307315
311028
314296
316495
317168
317486
317486
318654
319601
321379
323879
325787
326789
326789
330025
333137
333893
335786
337836
339537
342373
342595
342595
344950
345951
349224
350077
351740
352373
352373
353351
354732
357338
357815
358376
362442
362442
366550
368254
369734
372240
375751
376033
376033
377729
382993
384722
385604
390196
393659
393659
394871
397094
398481
399625
399991
399991
399991
401654
403277
404957
405419
409508
412639
413364
413364
416179
419407
422022
424633
426431
427752
427752
430134
433840
435606
438495
440741
441515
441515
443407
444810
445905
448772
451419
452849
452849
453212
455161
456888
459583
462822
463611
463611
463701
467558
471462
472964
474797
475607
477945
481714
481714
485522
487968
489899
492266
494662
494713
494713
496374
497933
498843
500010
501467
504939
504939
508397
509925
511981
512502
514839
517078
517078
518899
520885
521816
523011
525121
527604
527604
528862
531106
533216
536022
538189
538584
543155
543155
543155
546549
548485
553160
555739
556572
556572
558485
560622
561734
564594
566826
568401
572009
572009
573893
576321
578352
581091
583217
584177
584177
587979
589221
593315
593634
595818
596843
596843
604153
605312
606795
608765
609173
612148
612148
613467
614701
617646
622042
623497
624878
627318
627318
630039
633165
637310
637640
639718
641654
641654
643312
645591
646881
648749
649576
651272
651272
652373
654849
656155
657766
661971
664562
664562
665922
667835
670147
672586
675350
678466
680268
680268
685503
686954
687284
688510
690592
690656
690656
692568
693327
693349
694273
695856
697671
697671
699843
702448
706772
707876
709345
710611
710611
713303
717189
718693
721312
724330
725518
727295
727295
730942
732282
735396
738033
741132
742803
746925
746925
750109
752235
754219
756866
757823
758587
758587
761616
763537
765604
767890
770372
774336
774336
776278
777206
780167
781050
782147
783816
783816
785528
787659
787659
789319
793654
795311
795311
798760
799863
801399
801922
804422
807526
807526
808817
809028
811341
813158
815632
818547
821660
821660
822464
826382
829531
830337
832805
834529
834529
835491
837661
838909
840215
843517
843748
845794
845794
850313
854158
854978
857346
858892
861245
861245
865480
866293
868690
871353
874440
875751
875751
875751
878961
880026
880516
881673
883707
887103
889501
889501
891390
892652
895767
897089
899403
900256
900256
901773
907052
910145
911626
917876
919552
921650
924700
924700
926354
927801
928393
930469
931119
933740
934978
934978
936767
938092
941325
941811
943151
946751
946751
951392
955944
959767
960895
962057
963655
963655
964943
967321
971557
973375
977467
979732
979732
981463
983217
984394
985761
987299
987299
987299
989804
991864
992308
992534
994017
995728
995728
995911
997564
999491
1004109
1007100
1008751
1008751
1009442
1012822
1015116
1018831
1020532
1021392
1021392
1021643
1021643
