0 0.0
1 0.0
2 0.0
3 0.0
4 0.0
5 0.0
6 0.0
7 0.0
8 0.0
15 0.00974432831371
16 0.126676268078
17 0.370284475921
18 0.623637012077
19 0.935455518116
20 1.33497297898
21 1.72474611153
22 4.38494774117
23 18.6116670792
24 60.7461427076
25 178.477117394
26 386.041054804
27 702.195786942
28 1052.74799803
29 1339.08508553
30 1567.67728344
31 1784.25472454
32 2022.18198897
33 2251.50501151
34 2436.33543096
35 2567.53306738
36 2661.67302322
37 2732.33889215
38 2788.18363771
39 2832.01362647
40 2869.58775645
41 2901.91943779
42 2933.94904496
43 2965.47194705
44 2998.85601586
45 3034.48128017
46 3069.06390136
47 3104.8353306
48 3138.75533746
49 3168.56323777
50 3194.23954287
51 3218.07416993
52 3240.18405087
53 3261.02716914
54 3279.48292696
55 3296.24317166
56 3310.6063116
57 3324.29709288
58 3336.95497536
59 3348.37532814
60 3359.73721495
61 3370.37802147
62 3381.62297635
63 3393.2382157
64 3405.21399519
65 3417.37491693
66 3427.74288226
67 3438.17905788
68 3447.73824396
69 3458.10620928
70 3472.45960489
71 3490.17479376
72 3516.98144095
73 3567.60322654
74 3637.26542966
75 3763.6883452
76 3923.61226148
77 4184.66281701
78 4480.67602252
79 4904.20350835
80 5314.8002705
81 5792.40877847
82 6286.40724666
83 6736.42956117
84 7233.21490726
85 7604.92205512
86 7969.86663912
87 8218.25931217
88 8443.20713129
89 8591.46708658
90 8733.22757489
91 8834.82194189
92 8925.00570043
93 9020.74372611
94 9096.36945816
95 9180.52147747
96 9249.71595283
97 9328.11881844
98 9391.04769069
99 9460.00830217
100 9516.09665594
101 9575.19600716
102 9619.11369487
103 9656.9119444
104 9694.56402901
105 9721.56556276
106 9747.84601623
107 9765.6976257
108 9784.09491755
109 9796.48970317
110 9809.68352371
111 9819.61299426
112 9829.18192466
113 9837.36716044
114 9844.09074698
115 9850.90203247
116 9856.91428304
117 9863.09218719
118 9867.95460702
119 9873.46015252
120 9877.66970235
121 9882.58084382
122 9886.30317724
123 9889.83062409
124 9893.91349765
125 9897.67480838
126 9901.67972731
127 9904.4276279
128 9907.71146654
129 9910.48860011
130 9913.39240995
131 9916.11107755
132 9918.56664828
133 9920.58372424
134 9922.61054453
135 9924.83225139
136 9926.81035004
137 9928.79819301
138 9930.50345047
139 9932.4425718
140 9933.82626642
141 9935.40484761
142 9936.73982059
143 9937.85067402
144 9939.01999341
145 9940.16982415
146 9941.5632631
147 9942.70334952
148 9943.87266891
149 9944.8665904
150 9945.90923353
151 9946.85443338
152 9947.77040024
153 9948.54020218
154 9949.53412366
155 9950.29418127
156 9950.84960799
157 9951.59992127
158 9952.19432529
159 9953.08105917
160 9953.73392917
161 9954.47449812
162 9955.03966916
163 9955.86793707
164 9956.41361945
165 9956.90083587
166 9957.50498422
167 9957.92399034
168 9958.53788303
169 9958.98612213
170 9959.60001481
171 9960.02876526
172 9960.53547033
173 9960.92524346
174 9961.39297122
175 9961.84121032
176 9962.26996077
177 9962.7961545
178 9963.33209256
179 9963.84854196
180 9964.17984912
181 9964.55013359
182 9965.14453762
183 9965.68047568
184 9966.14820344
185 9966.58669821
186 9967.02519299
187 9967.41496612
188 9967.83397224
189 9968.27246701
190 9968.70121746
191 9969.04226895
192 9969.61718432
193 9969.99721312
194 9970.49417387
195 9970.82548103
196 9971.21525416
197 9971.76093655
198 9972.12147669
199 9972.5697158
200 9972.97897759
201 9973.62210325
202 9973.9144331
203 9974.37241653
204 9974.75244534
205 9975.19094011
206 9975.55148026
207 9975.98997504
208 9976.56489041
209 9976.97415219
210 9977.55881189
211 9977.99730667
212 9978.40656846
213 9978.82557457
214 9979.20560338
215 9979.69281979
216 9980.09233726
217 9980.54057636
218 9980.88162785
219 9981.242168
220 9981.59296382
221 9981.92427098
222 9982.29455545
223 9982.59662963
224 9982.89870381
225 9983.34694291
226 9983.63927276
227 9983.8926253
228 9984.30188709
229 9984.66242723
230 9984.97424574
231 9985.33478589
232 9985.69532604
233 9985.86097962
234 9986.32870738
235 9986.53333827
236 9986.78669081
237 9987.04978767
238 9987.40058349
239 9987.69291334
240 9987.90728856
241 9988.2288514
242 9988.4724596
243 9988.83299975
244 9989.10584095
245 9989.55408005
246 9989.83666557
247 9990.02180781
248 9990.37260363
249 9990.58697885
250 9990.82084273
251 9990.95726332
252 9991.20087153
253 9991.42499108
254 9991.67834362
255 9991.8439972
256 9992.02913944
257 9992.19479302
258 9992.3604466
259 9992.50661153
260 9992.75021973
261 9992.876896
262 9993.02306093
263 9993.20820317
264 9993.40308973
265 9993.60772063
266 9993.68567525
267 9993.83184018
268 9993.94877212
269 9994.12417003
270 9994.28982361
271 9994.36777823
272 9994.54317614
273 9994.66985241
274 9994.82576167
275 9994.96218226
276 9995.08885853
277 9995.19604614
278 9995.27400077
279 9995.38118838
280 9995.45914301
281 9995.58581927
282 9995.7319842
283 9995.82942748
284 9995.91712644
285 9996.10226867
286 9996.18996763
287 9996.28741091
288 9996.33613255
289 9996.39459852
290 9996.50178614
291 9996.54076345
292 9996.6284624
293 9996.71616136
294 9996.80386031
295 9996.93053658
296 9997.01823554
297 9997.08644583
298 9997.20337777
299 9997.26184374
300 9997.31056539
301 9997.38852001
302 9997.42749733
303 9997.47621897
304 9997.55417359
305 9997.62238389
306 9997.64187255
307 9997.7295715
308 9997.76854882
309 9997.7977818
310 9997.81727046
311 9997.8659921
312 9997.99266837
313 9998.04139001
314 9998.12908896
315 9998.16806628
316 9998.27525389
317 9998.30448687
318 9998.3142312
319 9998.35320851
320 9998.36295284
321 9998.42141881
322 9998.47014045
323 9998.48962911
324 9998.50911777
325 9998.56758374
326 9998.61630538
327 9998.66502702
328 9998.66502702
329 9998.70400433
330 9998.75272598
331 9998.77221463
332 9998.79170329
333 9998.82093627
334 9998.85991359
335 9998.85991359
336 9998.8988909
337 9998.91837956
338 9998.95735687
339 9998.95735687
340 9998.97684553
341 9999.02556717
342 9999.0353115
343 9999.06454448
344 9999.08403314
345 9999.08403314
346 9999.09377747
347 9999.11326612
348 9999.13275478
349 9999.14249911
350 9999.14249911
351 9999.16198777
352 9999.16198777
353 9999.16198777
354 9999.17173209
355 9999.17173209
356 9999.19122075
357 9999.20096508
358 9999.21070941
359 9999.23019806
360 9999.23019806
361 9999.23994239
362 9999.25943105
363 9999.26917538
364 9999.28866403
365 9999.33738567
366 9999.33738567
367 9999.34713
368 9999.37636299
369 9999.37636299
370 9999.37636299
371 9999.39585164
372 9999.39585164
373 9999.4153403
374 9999.42508463
375 9999.42508463
376 9999.46406194
377 9999.47380627
378 9999.4835506
379 9999.49329493
380 9999.50303926
381 9999.50303926
382 9999.50303926
383 9999.50303926
384 9999.52252791
385 9999.52252791
386 9999.53227224
387 9999.53227224
388 9999.53227224
389 9999.53227224
390 9999.53227224
391 9999.54201657
392 9999.5517609
393 9999.5517609
394 9999.5517609
395 9999.5517609
396 9999.5517609
397 9999.5517609
398 9999.5517609
399 9999.5517609
400 9999.57124955
401 9999.58099388
402 9999.58099388
403 9999.59073821
404 9999.59073821
405 9999.59073821
406 9999.60048254
407 9999.60048254
408 9999.60048254
409 9999.60048254
410 9999.6199712
411 9999.62971552
412 9999.62971552
413 9999.63945985
414 9999.64920418
415 9999.68818149
416 9999.69792582
417 9999.70767015
418 9999.71741448
419 9999.71741448
420 9999.72715881
421 9999.74664746
422 9999.74664746
423 9999.77588045
424 9999.78562478
425 9999.78562478
426 9999.79536911
427 9999.79536911
428 9999.80511343
429 9999.80511343
430 9999.81485776
431 9999.81485776
432 9999.82460209
433 9999.84409075
434 9999.84409075
435 9999.85383508
436 9999.85383508
437 9999.85383508
438 9999.85383508
439 9999.85383508
440 9999.8635794
441 9999.8635794
442 9999.8635794
443 9999.8635794
444 9999.8635794
445 9999.8635794
446 9999.8635794
447 9999.8635794
448 9999.87332373
449 9999.87332373
450 9999.87332373
451 9999.87332373
452 9999.87332373
453 9999.87332373
454 9999.87332373
455 9999.88306806
456 9999.88306806
457 9999.88306806
458 9999.88306806
459 9999.88306806
460 9999.89281239
461 9999.89281239
462 9999.89281239
463 9999.89281239
464 9999.89281239
465 9999.90255672
466 9999.90255672
467 9999.91230105
468 9999.91230105
469 9999.91230105
470 9999.91230105
471 9999.91230105
472 9999.91230105
473 9999.92204537
474 9999.92204537
475 9999.92204537
476 9999.92204537
477 9999.92204537
478 9999.92204537
479 9999.92204537
480 9999.92204537
481 9999.92204537
482 9999.92204537
494 9999.9317897
495 9999.9317897
496 9999.9317897
497 9999.9317897
498 9999.9317897
499 9999.9317897
500 9999.9317897
501 9999.9317897
502 9999.9317897
503 9999.9317897
555 9999.94153403
556 9999.94153403
557 9999.94153403
558 9999.94153403
559 9999.94153403
560 9999.94153403
561 9999.94153403
562 9999.94153403
563 9999.94153403
564 9999.95127836
565 9999.95127836
566 9999.95127836
567 9999.95127836
568 9999.95127836
569 9999.95127836
570 9999.95127836
571 9999.95127836
572 9999.95127836
573 9999.96102269
574 9999.96102269
575 9999.96102269
576 9999.96102269
577 9999.96102269
578 9999.96102269
579 9999.96102269
580 9999.96102269
581 9999.96102269
582 9999.96102269
628 9999.97076702
629 9999.97076702
630 9999.97076702
631 9999.97076702
632 9999.97076702
633 9999.97076702
634 9999.97076702
635 9999.97076702
636 9999.97076702
637 9999.97076702
1105 9999.98051134
1106 9999.98051134
1107 9999.98051134
1108 9999.98051134
1109 9999.98051134
1110 9999.98051134
1111 9999.98051134
1112 9999.98051134
1113 9999.98051134
1114 9999.98051134
1116 9999.99025567
1117 9999.99025567
1118 9999.99025567
1119 9999.99025567
1120 10000.0
1121 10000.0
1122 10000.0
1123 10000.0
1124 10000.0
1125 10000.0
1126 10000.0
1127 10000.0
1128 10000.0
1129 10000.0
1501 10000.0
