0 0.0
1 0.0
2 0.0
3 0.0
4 0.0
5 0.0
6 0.0
7 0.0
8 0.0
59 0.00938392646005
60 0.0938392646005
61 0.516115955302
62 1.69849068927
63 5.32068630285
64 13.8882111609
65 29.3247701876
66 52.2497025295
67 75.3623134006
68 107.089368762
69 139.858039961
70 169.117122663
71 193.196277959
72 211.523086336
73 226.124475908
74 237.38518766
75 246.346837429
76 253.206487671
77 258.555325754
78 263.059610454
79 266.972707788
80 270.304001682
81 273.38192956
82 276.178339646
83 278.899678319
84 281.724240183
85 284.473730636
86 287.223221089
87 289.794416939
88 292.703434142
89 295.096335389
90 297.658147313
91 300.191807457
92 302.275039131
93 304.161208349
94 305.80339548
95 307.276671934
96 308.599805565
97 309.688341034
98 310.49535871
99 311.377447797
100 311.996786944
101 312.644277869
102 313.394991986
103 313.986179353
104 314.539831014
105 315.271777278
106 315.881732498
107 316.594910909
108 317.157946497
109 317.59899104
110 317.91804454
111 318.302785525
112 318.725062215
113 319.194258538
114 319.550847744
115 320.179570817
116 320.751990331
117 321.352561624
118 322.037588256
119 322.750766667
120 323.407641519
121 323.951909254
122 324.590016253
123 325.237507179
124 326.072676634
125 326.804622898
126 327.395810265
127 327.686711985
128 327.902542293
129 328.221595793
130 328.625104631
131 328.991077763
132 329.319515189
133 329.657336541
134 330.088997159
135 330.520657776
136 330.792791643
137 331.22445226
138 331.693648583
139 332.237916318
140 332.707112641
141 333.21384467
142 333.551666022
143 333.936407007
144 334.311764066
145 334.715272903
146 334.978022844
147 335.437835241
148 335.822576226
149 336.151013652
150 336.498218931
151 336.732817092
152 336.948647401
153 337.164477709
154 337.389691944
155 337.530450841
156 337.643057959
157 337.849504341
158 338.046566797
159 338.177941767
160 338.35623637
161 338.637754164
162 338.928655884
163 339.200789751
164 339.510459324
165 339.782593192
166 340.017191353
167 340.298709147
168 340.533307309
169 340.861744735
170 341.133878602
171 341.443548175
172 341.69691419
173 341.865824866
174 341.997199836
175 342.166110513
176 342.344405115
177 342.522699718
178 342.738530027
179 342.860521071
180 343.038815673
181 343.170190644
182 343.33910132
183 343.442324511
184 343.63000304
185 343.780145864
186 343.930288687
187 344.071047584
188 344.183654702
189 344.286877893
190 344.437020716
191 344.587163539
192 344.71853851
193 344.859297407
194 344.934368818
195 345.112663421
196 345.30034195
197 345.450484774
198 345.563091891
199 345.713234715
200 345.863377538
201 346.032288214
202 346.173047111
203 346.341957787
204 346.567172022
205 346.773618405
206 347.017600492
207 347.28973436
208 347.599403933
209 347.8715378
210 348.106135962
211 348.387653756
212 348.753626888
213 349.138367872
214 349.504341004
215 350.076760518
216 350.658563959
217 351.174679914
218 351.709563722
219 352.338286795
220 352.769947412
221 353.257911588
222 353.717723985
223 354.177536381
224 354.599813072
225 355.00332191
226 355.256687924
227 355.519437865
228 355.810339586
229 356.054321673
230 356.298303761
231 356.51413407
232 356.786267937
233 357.12408929
234 357.368071378
235 357.518214201
236 357.743428436
237 357.978026598
238 358.146937274
239 358.240776539
240 358.372151509
241 358.494142553
242 358.663053229
243 358.831963906
244 358.982106729
245 359.151017405
246 359.301160229
247 359.441919126
248 359.582678022
249 359.742204772
250 359.901731522
251 360.173865389
252 360.492918889
253 360.933963433
254 361.769132888
255 362.632454122
256 363.664686033
257 364.903364325
258 366.386024706
259 368.835229512
260 371.087371862
261 373.789942683
262 376.595736695
263 379.955182367
264 382.807896011
265 386.683457639
266 390.014751532
267 394.106143469
268 398.807490625
269 403.264855694
270 407.787908248
271 412.254657243
272 417.856861339
273 423.224467274
274 429.830751502
275 435.367268114
276 441.138382887
277 445.886649676
278 450.578612906
279 454.979674415
280 458.451727206
281 461.848708584
282 464.16653842
283 466.662662858
284 468.605135635
285 470.763438721
286 472.33055444
287 473.925821938
288 475.324026981
289 476.675312391
290 478.111053139
291 479.284043947
292 480.466418681
293 481.573722003
294 482.662257472
295 483.610034045
296 484.60473025
297 485.392980072
298 486.068622777
299 486.716113703
300 487.250997511
301 487.804649173
302 488.320765128
303 488.84626501
304 489.146550656
305 489.437452377
306 489.756505876
307 490.113095082
308 490.479068214
309 490.788737787
310 490.96703239
311 491.295469816
312 491.595755462
313 491.83973755
314 492.102487491
315 492.3183178
316 492.47784455
317 492.703058785
318 492.975192652
319 493.172255108
320 493.444388975
321 493.688371063
322 493.885433519
323 494.12003168
324 494.345245915
325 494.542308371
326 494.673683341
327 494.833210091
328 495.002120767
329 495.142879664
330 495.236718929
331 495.396245679
332 495.555772429
333 495.771602737
334 495.968665193
335 496.146959796
336 496.306486545
337 496.456629369
338 496.616156119
339 496.700611457
340 496.831986427
341 497.057200662
342 497.216727412
343 497.404405941
344 497.507629132
345 497.704691588
346 497.958057602
347 498.145736131
348 498.314646808
349 498.464789631
350 498.558628896
351 498.661852087
352 498.765075278
353 498.868298469
354 499.065360925
355 499.187351969
356 499.309343013
357 499.478253689
358 499.58147688
359 499.778539336
360 499.994369644
361 500.097592835
362 500.304039217
363 500.435414188
364 500.604324864
365 500.735699834
366 500.820155173
367 500.96091407
368 501.045369408
369 501.129824746
370 501.204896157
371 501.317503275
372 501.448878245
373 501.589637142
374 501.721012113
375 501.843003157
376 501.964994201
377 502.040065612
378 502.218360215
379 502.359119112
380 502.518645862
381 502.631252979
382 502.76262795
383 502.931538626
384 503.100449302
385 503.269359979
386 503.438270655
387 503.635333111
388 503.813627713
389 503.926234831
390 504.11391336
391 504.245288331
392 504.329743669
393 504.461118639
394 504.583109683
395 504.714484654
396 504.85524355
397 504.939698889
398 505.099225638
399 505.239984535
400 505.3338238
401 505.474582697
402 505.662261226
403 505.840555829
404 506.009466505
405 506.178377181
406 506.337903931
407 506.450511049
408 506.600653872
409 506.694493137
410 506.835252033
411 506.994778783
412 507.098001974
413 507.219993018
414 507.370135842
415 507.482742959
416 507.632885783
417 507.707957194
418 507.820564312
419 507.951939282
420 508.0645464
421 508.214689223
422 508.35544812
423 508.552510576
424 508.67450162
425 508.80587659
426 508.984171193
427 509.087394384
428 509.209385428
429 509.368912178
430 509.481519295
431 509.678581751
432 509.819340648
433 509.960099545
434 510.157162
435 510.260385191
436 510.438679794
437 510.579438691
438 510.757733294
439 510.804652926
440 510.889108264
441 511.039251088
442 511.180009984
443 511.348920661
444 511.489679558
445 511.639822381
446 511.761813425
447 511.893188395
448 512.033947292
449 512.184090116
450 512.343616866
451 512.43745613
452 512.587598954
453 512.737741777
454 512.859732821
455 513.04741135
456 513.141250615
457 513.291393438
458 513.469688041
459 513.535375526
460 513.704286202
461 513.751205835
462 513.929500437
463 514.060875408
464 514.192250378
465 514.370544981
466 514.548839584
467 514.708366333
468 514.792821672
469 514.952348421
470 515.074339465
471 515.224482289
472 515.308937627
473 515.440312597
474 515.627991127
475 515.721830391
476 515.881357141
477 516.003348185
478 516.125339229
479 516.256714199
480 516.369321317
481 516.453776655
482 516.51946414
483 516.575767699
484 516.744678375
485 516.922972978
486 517.035580096
487 517.15757114
488 517.317097889
489 517.439088933
490 517.551696051
491 517.664303168
492 517.758142433
493 517.861365624
494 517.945820962
495 518.049044153
496 518.133499491
497 518.302410168
498 518.386865506
499 518.499472623
500 518.612079741
501 518.79975827
502 518.93113324
503 519.062508211
504 519.231418887
505 519.362793858
506 519.512936681
507 519.625543799
508 519.794454475
509 519.935213372
510 520.038436563
511 520.141659754
512 520.254266871
513 520.376257915
514 520.507632886
515 520.685927489
516 520.845454238
517 521.014364915
518 521.164507738
519 521.352186267
520 521.511713017
521 521.614936208
522 521.765079031
523 521.877686149
524 522.037212899
525 522.168587869
526 522.328114619
527 522.506409222
528 522.647168119
529 522.778543089
530 522.984989471
531 523.191435853
532 523.369730456
533 523.65124825
534 524.035989235
535 524.364426661
536 524.880542616
537 525.32158716
538 525.847087042
539 526.560265453
540 527.329747422
541 528.202452583
542 529.187764861
543 530.257532478
544 531.618201814
545 533.222853239
546 535.249781355
547 537.342396955
548 539.725914276
549 542.41910117
550 545.177975549
551 548.321590913
552 551.549661616
553 555.153089376
554 558.953579593
555 563.129426867
556 567.86830973
557 572.466433695
558 577.533753983
559 583.13595808
560 589.357501323
561 595.794874875
562 601.809971736
563 608.406872037
564 615.707566823
565 622.689208109
566 630.064974307
567 637.356285166
568 644.028256879
569 651.71369265
570 659.314673083
571 667.00949278
572 674.891991006
573 682.671266042
574 690.694523165
575 698.408110715
576 707.031939132
577 714.876901653
578 722.872006997
579 730.904648046
580 739.612931801
581 747.692492483
582 755.969115621
583 763.720238877
584 772.006245941
585 780.132726256
586 788.540724364
587 796.836115355
588 805.037667081
589 813.173531322
590 821.90058293
591 830.580714905
592 839.504828969
593 848.072353827
594 856.555423346
595 865.732903424
596 874.919767429
597 884.275542109
598 894.091129187
599 903.934868043
600 914.529321017
601 925.724345283
602 937.3979498
603 948.987098978
604 960.782694538
605 974.314316494
606 988.549732933
607 1003.19804214
608 1018.78474399
609 1034.47466903
610 1051.29066525
611 1069.19519693
612 1088.29148728
613 1107.84759002
614 1127.44122847
615 1147.79496496
616 1169.42491545
617 1191.04548201
618 1213.06955742
619 1235.66605233
620 1259.22909167
621 1283.46777372
622 1307.49062546
623 1331.94513781
624 1356.06182881
625 1378.88353797
626 1402.06183632
627 1425.52165247
628 1448.67179905
629 1470.73341016
630 1491.63141438
631 1512.90477567
632 1534.10306554
633 1553.23689159
634 1572.93375323
635 1589.45884773
636 1607.27892408
637 1625.11776828
638 1642.1495948
639 1658.87175175
640 1673.69835556
641 1687.96192378
642 1702.32871519
643 1716.74242623
644 1729.99253039
645 1742.24793835
646 1755.22590865
647 1767.92236115
648 1780.10269769
649 1792.12350749
650 1802.93379077
651 1813.46255626
652 1824.24468776
653 1834.46378367
654 1845.24591518
655 1855.83098422
656 1865.2899821
657 1875.18064058
658 1884.50826349
659 1893.93910958
660 1903.01336646
661 1911.41198065
662 1920.24225545
663 1929.48542301
664 1938.43768885
665 1947.41810647
666 1955.73226532
667 1964.86282576
668 1973.19575246
669 1981.97910763
670 1990.12435579
671 1998.00685402
672 2005.92688795
673 2014.22227894
674 2022.32060748
675 2030.15618607
676 2037.91669325
677 2045.64904866
678 2052.77144884
679 2060.72901848
680 2068.68658812
681 2076.32510426
682 2083.99177217
683 2091.59275261
684 2098.86529561
685 2106.53196353
686 2113.8983458
687 2121.11458525
688 2128.83755673
689 2136.28839434
690 2144.00198189
691 2151.23698919
692 2158.04033587
693 2165.13458427
694 2172.27575231
695 2179.91426845
696 2187.21496323
697 2194.33736342
698 2201.11255832
699 2208.8355298
700 2215.37612654
701 2222.55483028
702 2228.93590028
703 2235.70171125
704 2243.03055782
705 2250.02158303
706 2256.94692076
707 2263.4499818
708 2270.70375695
709 2277.64786253
710 2284.62950382
711 2291.18886841
712 2297.93591154
713 2304.3075976
714 2311.34554245
715 2317.97997845
716 2324.71763765
717 2331.62420753
718 2337.65807224
719 2344.46141892
720 2351.07708708
721 2357.9648891
722 2364.26150376
723 2370.76456479
724 2377.29577761
725 2383.69561545
726 2390.32066753
727 2396.62666612
728 2402.42593267
729 2408.42226168
730 2415.52589401
731 2421.55975872
732 2427.94082871
733 2433.646256
734 2440.13993311
735 2446.24886924
736 2452.46102855
737 2458.53242897
738 2464.97918645
739 2470.9192119
740 2477.80701392
741 2484.23500355
742 2490.73806458
743 2497.11913458
744 2503.74418666
745 2510.26601555
746 2516.844148
747 2523.32844118
748 2529.47491301
749 2535.61200092
750 2542.01183876
751 2548.43982839
752 2554.68952341
753 2561.14566481
754 2567.11384204
755 2573.65443878
756 2581.16157995
757 2587.73032847
758 2593.92371994
759 2599.85436146
760 2606.44187784
761 2612.58834967
762 2618.92250003
763 2625.43494499
764 2631.62833646
765 2638.00002252
766 2644.22156576
767 2650.5838679
768 2656.65526832
769 2662.02287426
770 2668.45086388
771 2674.74747854
772 2680.89395037
773 2686.70260085
774 2693.09305477
775 2699.24891053
776 2705.72381978
777 2712.06735407
778 2718.20444198
779 2724.46352092
780 2730.19709999
781 2736.56878606
782 2742.77156145
783 2749.19016715
784 2755.1301926
785 2761.18282516
786 2767.17915417
787 2773.10041177
788 2779.6034728
789 2785.88131961
790 2791.45537192
791 2797.9021294
792 2804.21751191
793 2810.47659086
794 2816.8764287
795 2822.75076667
796 2829.00046169
797 2835.40968346
798 2842.20364622
799 2848.77239474
800 2855.02208976
801 2861.75036503
802 2868.49740816
803 2875.18814773
804 2881.87888729
805 2888.44763581
806 2895.02576826
807 2901.53821323
808 2908.02250641
809 2914.57248708
810 2920.66265535
811 2926.71528792
812 2932.92744723
813 2939.60880287
814 2946.37461385
815 2952.59615709
816 2958.49864684
817 2964.40113658
818 2970.54760841
819 2977.08820516
820 2983.39420374
821 2989.25915777
822 2995.45254924
823 3001.73039604
824 3008.36483205
825 3014.49253602
826 3019.982133
827 3025.80955134
828 3031.98417495
829 3038.47785206
830 3044.81200242
831 3050.70510823
832 3056.65451761
833 3062.51947165
834 3069.01314876
835 3075.60066513
836 3080.97765499
837 3086.95521615
838 3093.89932173
839 3100.68390056
840 3107.06497055
841 3113.35220128
842 3119.99602122
843 3126.18941268
844 3132.42033985
845 3138.61373131
846 3145.02295308
847 3151.58231768
848 3158.05722694
849 3165.05763608
850 3171.54192926
851 3178.16698134
852 3184.61373882
853 3191.18248734
854 3197.77938764
855 3205.06131458
856 3212.28693795
857 3218.91199003
858 3226.02500629
859 3232.57498696
860 3239.27511045
861 3246.0315375
862 3252.85365204
863 3259.23472203
864 3265.8222384
865 3272.32529944
866 3279.08172649
867 3285.32203759
868 3291.77817899
869 3298.35631144
870 3304.95321174
871 3311.79409413
872 3318.42853014
873 3324.78144835
874 3331.5378754
875 3338.2755346
876 3344.94750632
877 3351.18781741
878 3357.2122982
879 3363.55583249
880 3370.27472383
881 3377.20944549
882 3384.13478321
883 3390.26248719
884 3397.0752178
885 3403.812877
886 3410.61622368
887 3417.37265073
888 3424.02585459
889 3430.57583526
890 3437.75453901
891 3445.11153735
892 3452.3653125
893 3459.49709661
894 3466.28167544
895 3473.20701317
896 3480.67661863
897 3487.76148311
898 3494.80881188
899 3502.11889059
900 3509.81371029
901 3517.60236925
902 3525.2784211
903 3532.78556227
904 3540.17071239
905 3548.42856767
906 3555.87940528
907 3563.91204633
908 3571.93530346
909 3579.48936426
910 3587.96304985
911 3596.37104796
912 3604.92918889
913 3612.8773746
914 3620.56281037
915 3629.1209513
916 3637.25681555
917 3645.73050114
918 3654.04465998
919 3661.89900643
920 3669.83780822
921 3678.37718129
922 3686.70072406
923 3695.14625788
924 3703.28212212
925 3711.42737029
926 3719.76029698
927 3728.32782184
928 3736.4355343
929 3744.54324676
930 3752.66034315
931 3760.43961819
932 3768.89453593
933 3777.5371322
934 3785.47593398
935 3793.36781614
936 3801.28785007
937 3809.10466081
938 3817.41881965
939 3825.76113028
940 3833.58732494
941 3841.78887667
942 3849.96227662
943 3858.49226577
944 3866.40291577
945 3874.1446551
946 3882.35559076
947 3890.2099372
948 3898.98390844
949 3907.16669232
950 3914.84274416
951 3923.22259049
952 3931.26461547
953 3939.08142621
954 3947.11406726
955 3955.47514573
956 3963.20750114
957 3972.17853483
958 3979.85458668
959 3987.56817423
960 3995.54451172
961 4003.90559019
962 4012.59510609
963 4021.50983623
964 4030.04920931
965 4038.51351098
966 4046.60245559
967 4054.86031087
968 4063.30584468
969 4072.31441409
970 4081.36051919
971 4089.65591018
972 4098.2797386
973 4107.16631696
974 4116.0810471
975 4124.95824153
976 4133.54453424
977 4142.28096977
978 4151.71181586
979 4161.05820662
980 4170.26383848
981 4179.20672039
982 4187.99007556
983 4196.87665392
984 4206.43887498
985 4215.47559616
986 4224.67184409
987 4233.7179492
988 4242.84850964
989 4252.40134678
990 4261.91664821
991 4271.53517283
992 4280.91909929
993 4290.1059633
994 4300.01538964
995 4309.76528923
996 4319.34627815
997 4328.6551332
998 4338.60209524
999 4348.6241287
1000 4358.58047468
1001 4368.25530286
1002 4376.81344379
1003 4386.13168276
1004 4395.53437708
1005 4404.97460709
1006 4414.69635491
1007 4424.41810272
1008 4433.65188636
1009 4443.35486632
1010 4452.96400701
1011 4462.13210316
1012 4471.49726177
1013 4480.75919719
1014 4490.46217715
1015 4499.90240716
1016 4509.62415498
1017 4518.08845664
1018 4527.10640997
1019 4536.34957754
1020 4545.55520939
1021 4554.87344837
1022 4563.91955348
1023 4572.77798005
1024 4582.15252259
1025 4590.71066352
1026 4599.68169721
1027 4608.1178471
1028 4616.98565761
1029 4625.49687891
1030 4633.69843063
1031 4642.84775893
1032 4651.76248907
1033 4660.30186215
1034 4668.89753878
1035 4677.17416192
1036 4685.63846359
1037 4693.88693495
1038 4702.25739735
1039 4710.88122577
1040 4719.57074167
1041 4728.49485573
1042 4737.18437163
1043 4745.61113759
1044 4754.42264454
1045 4763.20599971
1046 4771.86736383
1047 4780.66948685
1048 4789.36838668
1049 4797.8514562
1050 4807.08523983
1051 4815.90613071
1052 4824.37043237
1053 4832.26231453
1054 4839.81637533
1055 4848.3182127
1056 4857.05464823
1057 4865.79108377
1058 4874.49936752
1059 4882.59769606
1060 4890.32066753
1061 4898.62544245
1062 4907.30557443
1063 4915.26314407
1064 4923.183178
1065 4932.00406887
1066 4940.65604907
1067 4948.76376153
1068 4957.12484
1069 4965.06364179
1070 4973.92206837
1071 4982.35821826
1072 4991.18849305
1073 4999.66217865
1074 5008.20155173
1075 5016.90045155
1076 5025.17707469
1077 5033.7258317
1078 5042.26520478
1079 5050.27907797
1080 5058.53693326
1081 5067.29213664
1082 5075.55937586
1083 5083.82661507
1084 5092.54428275
1085 5101.13995939
1086 5110.05468952
1087 5118.35008051
1088 5126.9269893
1089 5134.80948753
1090 5143.14241422
1091 5151.97268902
1092 5160.652821
1093 5168.86375665
1094 5177.58142433
1095 5185.60468145
1096 5193.82500103
1097 5201.96086527
1098 5210.37824731
1099 5218.68302222
1100 5226.5467526
1101 5234.87967929
1102 5243.75687373
1103 5252.2962468
1104 5261.37050369
1105 5269.27176977
1106 5277.90498211
1107 5286.64141765
1108 5295.06818361
1109 5303.51371742
1110 5312.07185836
1111 5320.53616002
1112 5328.79401531
1113 5337.53045084
1114 5346.54840417
1115 5355.22853615
1116 5364.19018591
1117 5373.17998746
1118 5382.42315503
1119 5391.39418872
1120 5400.63735629
1121 5409.4394793
1122 5418.95478074
1123 5428.18856437
1124 5437.93846396
1125 5447.25670294
1126 5456.21835271
1127 5465.28322567
1128 5475.06127704
1129 5484.31382853
1130 5493.96988886
1131 5503.27874391
1132 5513.27262559
1133 5522.79731094
1134 5532.69735336
1135 5542.94460105
1136 5552.06577757
1137 5561.53415937
1138 5571.0494608
1139 5580.77120861
1140 5590.49295642
1141 5599.91441859
1142 5609.89891634
1143 5620.62474429
1144 5630.38402781
1145 5640.65942728
1146 5650.23103227
1147 5660.36567285
1148 5671.08211686
1149 5681.54519487
1150 5691.78305863
1151 5701.74878854
1152 5711.39546494
1153 5721.70840012
1154 5732.28408524
1155 5742.65332397
1156 5752.73166099
1157 5762.50032844
1158 5773.59212951
1159 5783.77368972
1160 5793.45790183
1161 5803.98666732
1162 5813.980549
1163 5824.38732344
1164 5834.89732108
1165 5845.48239012
1166 5856.21760199
1167 5866.05195692
1168 5876.28043677
1169 5887.08133612
1170 5898.08868186
1171 5908.89896514
1172 5919.26820388
1173 5929.93772826
1174 5940.66355621
1175 5951.53014305
1176 5961.89938179
1177 5972.55013832
1178 5983.22904663
1179 5995.02464219
1180 6006.01322008
1181 6017.02056581
1182 6028.20620615
1183 6039.40123042
1184 6050.94345997
1185 6062.87981442
1186 6074.52526716
1187 6086.25517524
1188 6098.06953865
1189 6110.19357164
1190 6122.58973849
1191 6135.53017308
1192 6148.43307196
1193 6160.97938164
1194 6173.74152162
1195 6187.59219708
1196 6201.28334578
1197 6215.59383363
1198 6228.50611644
1199 6242.61954184
1200 6257.35230638
1201 6271.09975865
1202 6286.11404098
1203 6301.50368038
1204 6316.70564124
1205 6332.39556628
1206 6348.83620544
1207 6364.6387376
1208 6380.8823143
1209 6397.01328389
1210 6413.62283372
1211 6431.86518676
1212 6449.48820065
1213 6466.29481294
1214 6483.02635382
1215 6501.18425152
1216 6519.32338137
1217 6537.91293968
1218 6556.98107825
1219 6574.79177067
1220 6593.9162128
1221 6613.13449419
1222 6632.37154343
1223 6651.7962712
1224 6669.2785262
1225 6688.65633434
1226 6707.89338358
1227 6726.98967393
1228 6745.93582145
1229 6763.77466565
1230 6782.61758998
1231 6801.08515726
1232 6819.38381385
1233 6837.22265805
1234 6852.90319917
1235 6869.21246336
1236 6885.31528116
1237 6901.57762572
1238 6917.05172045
1239 6931.41851186
1240 6946.02928536
1241 6960.39607677
1242 6974.30305578
1243 6987.7502224
1244 7000.21207674
1245 7011.71677058
1246 7022.82733951
1247 7033.29980144
1248 7043.68780803
1249 7052.8277524
1250 7061.23575051
1251 7069.30592726
1252 7077.61070218
1253 7085.23045047
1254 7092.15578819
1255 7098.23657254
1256 7104.13906228
1257 7109.72249853
1258 7114.78981882
1259 7119.33163922
1260 7123.5450222
1261 7127.1953696
1262 7131.03339552
1263 7134.35530548
1264 7137.68659938
1265 7140.61438443
1266 7143.12927672
1267 7145.49402619
1268 7148.01830241
1269 7150.12968586
1270 7151.90324796
1271 7153.67681007
1272 7155.4972918
1273 7157.01748789
1274 7158.71597857
1275 7160.19863896
1276 7161.39978154
1277 7162.91997763
1278 7164.3651023
1279 7165.65070023
1280 7166.69231607
1281 7167.84653902
1282 7168.90692271
1283 7170.23005634
1284 7171.32797574
1285 7172.38835943
1286 7173.43935919
1287 7174.21822509
1288 7175.38183197
1289 7176.23576928
1290 7177.15539407
1291 7177.99994745
1292 7179.05094721
1293 7179.91426845
1294 7180.93711643
1295 7181.95058049
1296 7182.87020528
1297 7183.56461584
1298 7184.42793708
1299 7185.30064224
1300 7186.05135635
1301 7186.89590973
1302 7187.74046312
1303 7188.61316828
1304 7189.57032878
1305 7190.30227504
1306 7191.12806057
1307 7191.96323002
1308 7192.78901555
1309 7193.5866493
1310 7194.29044378
1311 7195.01300612
1312 7195.68864883
1313 7196.27045227
1314 7196.9554789
1315 7197.51851449
1316 7198.06278222
1317 7198.73842493
1318 7199.39529978
1319 7200.26800494
1320 7200.83104053
1321 7201.45037967
1322 7202.29493306
1323 7202.8767365
1324 7203.53361135
1325 7204.41570044
1326 7205.11011099
1327 7205.72945014
1328 7206.22679824
1329 7206.88367309
1330 7207.5968515
1331 7208.31002992
1332 7208.93875299
1333 7209.55809214
1334 7210.25250269
1335 7210.88122577
1336 7211.46302921
1337 7212.00729694
1338 7212.5609486
1339 7213.23659131
1340 7213.95915364
1341 7214.49403745
1342 7215.15091231
1343 7215.7890193
1344 7216.38020667
1345 7217.00892974
1346 7217.65642067
1347 7218.24760804
1348 7218.8387954
1349 7219.55197382
1350 7220.42467898
1351 7221.06278598
1352 7221.59766978
1353 7222.24516071
1354 7223.09909802
1355 7223.83104428
1356 7224.53483877
1357 7225.06972257
1358 7225.79228491
1359 7226.43977584
1360 7227.19048995
1361 7227.81921303
1362 7228.41040039
1363 7229.0860431
1364 7229.74291795
1365 7230.48424814
1366 7231.0378998
1367 7231.66662288
1368 7232.42672092
1369 7233.07421184
1370 7233.71231884
1371 7234.38796155
1372 7235.08237211
1373 7235.70171125
1374 7236.34920218
1375 7236.96854132
1376 7237.61603225
1377 7238.31982674
1378 7239.051773
1379 7239.68049607
1380 7240.35613878
1381 7241.03178148
1382 7241.51974566
1383 7242.18600444
1384 7242.79595966
1385 7243.5560577
1386 7244.20354863
1387 7245.02933415
1388 7245.70497686
1389 7246.23986067
1390 7246.77474448
1391 7247.52545859
1392 7248.14479774
1393 7248.80167259
1394 7249.38347603
1395 7250.06850266
1396 7250.70660966
1397 7251.39163629
1398 7252.05789507
1399 7252.75230563
1400 7253.35287692
1401 7253.96283214
1402 7254.44141239
1403 7255.01383191
1404 7255.78331388
1405 7256.46834051
1406 7257.19090285
1407 7257.81962592
1408 7258.3075901
1409 7258.87062568
1410 7259.42427734
1411 7259.94977723
1412 7260.616036
1413 7261.04769662
1414 7261.60134828
1415 7262.16438387
1416 7262.75557124
1417 7263.31860682
1418 7263.9473299
1419 7264.51036549
1420 7265.36430279
1421 7266.08686513
1422 7266.72497213
1423 7267.36307913
1424 7267.86042723
1425 7268.55483779
1426 7269.17417694
1427 7269.71844467
1428 7270.33778382
1429 7270.98527474
1430 7271.52015855
1431 7272.28964052
1432 7272.82452433
1433 7273.44386348
1434 7274.06320262
1435 7274.60747036
1436 7275.19865772
1437 7275.84614865
1438 7276.39980031
1439 7277.05667516
1440 7277.66663038
1441 7278.25781775
1442 7278.74578193
1443 7279.47772819
1444 7280.11583519
1445 7280.67887078
1446 7281.22313851
1447 7281.83309373
1448 7282.43366502
1449 7283.00608454
1450 7283.5972719
1451 7284.24476283
1452 7284.95794124
1453 7285.55851254
1454 7286.12154812
1455 7286.85349439
1456 7287.51975317
1457 7288.00771734
1458 7288.51444937
1459 7289.07748496
1460 7289.67805625
1461 7290.19417221
1462 7290.71967209
1463 7291.26393982
1464 7291.62991295
1465 7292.20233247
1466 7292.60584131
1467 7293.12195726
1468 7293.65684107
1469 7294.27618022
1470 7294.70784083
1471 7295.31779605
1472 7295.82452808
1473 7296.32187618
1474 7296.77230465
1475 7297.2133492
1476 7297.7106973
1477 7298.14235792
1478 7298.58340246
1479 7299.06198271
1480 7299.64378615
1481 7300.0848307
1482 7300.48833953
1483 7301.00445549
1484 7301.36104469
1485 7301.69886605
1486 7302.06483918
1487 7302.43081231
1488 7302.97508004
1489 7303.41612459
1490 7303.83840128
1491 7304.31698153
1492 7304.72049037
1493 7305.18030276
1494 7305.59319553
1495 7305.98732044
1496 7306.46590069
1497 7306.91632916
1498 7307.38552548
1499 7307.72334683
1500 7308.12685567
1501 10000.0
