0 0.0
1 14.6252010965
2 3918.82263381
3 4269.43370471
4 4421.3670438
5 4577.23793702
6 4734.98385603
7 4855.73551636
8 4934.13034429
9 6356.65615402
10 8633.89371604
11 9636.92000765
12 9703.35217109
13 9734.49634932
14 9753.35910869
15 9767.74055643
16 9778.85945932
17 9787.4470774
18 9794.02841789
19 9799.54099369
20 9804.17230737
21 9808.31611435
22 9811.70991101
23 9814.691202
24 9817.59749197
25 9820.84128657
26 9824.6475889
27 9828.24763841
28 9832.61644848
29 9837.69776834
30 9843.24784466
31 9849.34167845
32 9854.62925115
33 9861.04183933
34 9865.31689811
35 9870.19196514
36 9873.51076077
37 9877.86082059
38 9881.19836648
39 9885.60467706
40 9890.08598868
41 9894.94230546
42 9900.15487713
43 9904.29868411
44 9908.29248902
45 9911.38628156
46 9915.13633312
47 9918.15512463
48 9921.00516382
49 9924.26770868
50 9928.41151566
51 9933.02407908
52 9936.24912343
53 9939.77417189
54 9942.73671263
55 9946.01800775
56 9948.81179616
57 9951.62433483
58 9953.64936268
59 9955.26188485
60 9956.63065367
61 9958.11192404
62 9959.70569595
63 9961.31821813
64 9963.09949262
65 9964.69326453
66 9966.38078774
67 9967.99330991
68 9969.86833569
69 9971.27460503
70 9972.92462771
71 9974.14339447
72 9975.26840994
73 9976.78718082
74 9977.818445
75 9979.11221279
76 9980.03097543
77 9981.23099193
78 9982.18725507
79 9983.12476797
80 9983.74352647
81 9984.47478653
82 9985.03729426
83 9985.7310538
84 9986.42481334
85 9987.19357391
86 9988.09358629
87 9988.61859351
88 9989.14360072
89 9989.81861001
90 9990.30611671
91 9990.73737264
92 9991.22487934
93 9991.89988862
94 9992.4436461
95 9992.78115074
96 9993.19365641
97 9993.71866363
98 9993.9999175
99 9994.39367291
100 9994.56242523
101 9994.93743039
102 9995.18118374
103 9995.57493916
104 9995.76244173
105 9995.9124438
106 9996.17494741
107 9996.49370179
108 9996.7562054
109 9996.83120643
110 9997.01870901
111 9997.20621159
112 9997.50621571
113 9997.67496803
114 9997.80621984
115 9997.89997112
116 9997.97497216
117 9998.14372448
118 9998.19997525
119 9998.34997731
120 9998.46247886
121 9998.59373066
122 9998.64998144
123 9998.81873376
124 9998.9312353
125 9998.98748608
126 9999.02498659
127 9999.04373685
128 9999.04373685
129 9999.09998762
130 9999.11873788
131 9999.13748814
132 9999.19373891
133 9999.19373891
134 9999.21248917
135 9999.24998969
136 9999.24998969
137 9999.26873995
138 9999.2874902
139 9999.30624046
140 9999.32499072
141 9999.34374098
142 9999.36249123
143 9999.41874201
144 9999.43749227
145 9999.45624252
146 9999.45624252
147 9999.45624252
148 9999.47499278
149 9999.49374304
150 9999.54999381
151 9999.54999381
152 9999.56874407
153 9999.58749433
154 9999.58749433
155 9999.58749433
156 9999.62499484
157 9999.66249536
158 9999.66249536
159 9999.66249536
160 9999.66249536
161 9999.66249536
162 9999.66249536
163 9999.66249536
164 9999.66249536
165 9999.68124562
166 9999.69999587
167 9999.69999587
168 9999.69999587
169 9999.69999587
170 9999.69999587
171 9999.71874613
172 9999.71874613
173 9999.71874613
174 9999.73749639
175 9999.73749639
176 9999.73749639
177 9999.73749639
178 9999.73749639
179 9999.73749639
180 9999.73749639
181 9999.73749639
182 9999.73749639
183 9999.73749639
220 9999.75624665
221 9999.75624665
222 9999.75624665
223 9999.75624665
224 9999.75624665
225 9999.75624665
226 9999.75624665
227 9999.75624665
228 9999.75624665
229 9999.75624665
240 9999.77499691
241 9999.77499691
242 9999.77499691
243 9999.77499691
244 9999.77499691
245 9999.77499691
246 9999.77499691
247 9999.77499691
248 9999.77499691
249 9999.77499691
252 9999.79374716
253 9999.79374716
254 9999.81249742
255 9999.81249742
256 9999.81249742
257 9999.81249742
258 9999.81249742
259 9999.81249742
260 9999.81249742
261 9999.81249742
262 9999.81249742
263 9999.81249742
321 9999.83124768
322 9999.83124768
323 9999.83124768
324 9999.83124768
325 9999.83124768
326 9999.83124768
327 9999.84999794
328 9999.84999794
329 9999.84999794
330 9999.84999794
331 9999.84999794
332 9999.84999794
333 9999.84999794
334 9999.84999794
335 9999.84999794
336 9999.84999794
340 9999.8687482
341 9999.8687482
342 9999.8687482
343 9999.8687482
344 9999.88749845
345 9999.88749845
346 9999.88749845
347 9999.88749845
348 9999.88749845
349 9999.88749845
350 9999.90624871
351 9999.90624871
352 9999.90624871
353 9999.90624871
354 9999.90624871
355 9999.90624871
356 9999.90624871
357 9999.90624871
358 9999.90624871
359 9999.92499897
360 9999.92499897
361 9999.92499897
362 9999.92499897
363 9999.92499897
364 9999.92499897
365 9999.92499897
366 9999.92499897
367 9999.92499897
368 9999.92499897
376 9999.94374923
377 9999.94374923
378 9999.94374923
379 9999.94374923
380 9999.94374923
381 9999.94374923
382 9999.94374923
383 9999.94374923
384 9999.94374923
385 9999.96249948
386 9999.96249948
387 9999.96249948
388 9999.96249948
389 9999.96249948
390 9999.96249948
391 9999.96249948
392 9999.96249948
393 9999.96249948
394 9999.96249948
472 9999.98124974
473 9999.98124974
474 9999.98124974
475 9999.98124974
476 9999.98124974
477 9999.98124974
478 9999.98124974
479 9999.98124974
480 9999.98124974
481 9999.98124974
500 10000.0
501 10000.0
502 10000.0
503 10000.0
504 10000.0
505 10000.0
506 10000.0
507 10000.0
508 10000.0
509 10000.0
1501 10000.0
