0
3426
3426
3426
3426
3426
3426
3426
3426
3426
3426
3426
3426
3426
3426
3834
3834
3855
3987
3987
4072
4160
4226
4226
4226
4229
4229
4962
5057
5078
5084
5084
6934
7246
7246
7797
8735
9204
10225
10225
10552
10552
11246
11400
12673
12737
13680
14091
14091
14688
15656
16229
16725
17060
17154
17154
18031
19669
21199
21615
22746
22995
24347
24347
25039
26320
27006
27791
29134
29276
29276
29866
30905
32227
32944
34301
35294
35294
35791
37105
37326
37963
38400
39008
39008
39177
39554
40892
41491
43416
44521
44521
44713
45814
46901
47590
48089
48815
48815
49050
51633
51695
51695
52341
52498
52498
52783
54367
55860
56593
56813
57430
57430
58753
58879
60214
61117
61479
61641
63722
63722
64529
65980
66677
69188
69411
70018
70018
71835
72553
73342
73750
73902
74414
75205
75205
75832
76385
77634
79403
80709
80709
81913
82487
83439
83915
84380
85113
85113
86587
87048
88729
89584
90097
90953
90953
91529
92404
94743
96215
96992
97754
97754
99082
100169
101974
103407
104275
106744
106744
108164
108262
109080
109174
109175
109941
110499
110499
110875
111109
111452
111969
112541
112541
112541
112692
113200
114131
114277
114990
115604
115604
117508
117659
118049
119235
120027
121693
121693
123045
123577
124093
124990
125928
126947
126947
128108
129246
129914
130492
130880
131157
131157
132298
133431
134081
135273
137209
138184
138184
139389
141108
143258
143704
144174
145816
145816
146807
148252
148900
148900
151049
151597
151597
152413
153331
155186
156515
156531
158483
158483
159111
159909
160040
160040
161523
162724
162724
164954
165819
165819
166789
167062
167587
167587
168215
169317
169813
170319
171513
171580
171580
172599
173059
173059
173224
175242
175627
175627
177252
178261
178691
178794
179392
179393
179393
180402
181291
182470
183742
184590
184767
184767
185218
186314
187082
188827
188919
189382
190285
190285
190732
192499
192837
193320
193320
194231
194231
195015
196761
197626
198708
199920
202443
202443
203278
203669
203669
203869
205294
205543
205543
206347
206907
207388
208861
209865
209865
209865
209961
210561
211664
212541
212637
213328
213328
213825
214007
215503
215619
216345
217034
217034
218213
219506
221252
222818
223393
224301
224301
225355
226765
227828
228302
229706
230915
230915
231013
231013
231908
233909
235259
236186
238563
238563
240059
241932
241968
242039
243464
246079
246079
246610
249050
249311
249430
250026
250592
250592
251373
252056
252770
253936
254443
256083
257096
257096
258019
258786
260342
261733
261953
262021
262021
262664
263805
264811
265531
266376
267412
267412
267797
267797
268229
272647
273344
274540
275012
275012
275665
276101
276457
276873
277474
279836
279836
282146
283223
283613
283613
284776
285443
285443
287118
287595
288732
289677
289794
290115
290115
290184
290408
292847
293649
294301
295862
295862
296230
296748
296962
297489
299421
299421
300601
301088
301376
302604
303248
303315
304033
304033
304400
306066
306766
307794
308588
310529
310529
310761
313040
313237
314982
316881
319917
319917
320506
320514
322669
322939
323693
325519
328404
328404
328892
329519
329952
331607
332216
333407
334142
334142
334306
334306
335025
336217
337819
338263
338263
338697
338722
340189
340487
340667
341316
342039
342039
342288
343236
344353
344623
344623
344698
344698
344881
345155
346167
346378
347732
349053
350808
350808
351523
353225
353691
354390
356037
357345
357345
357976
358619
358662
359685
360761
360996
361865
361865
362899
363961
364430
364674
367317
368265
368265
368701
369134
369577
371028
372455
373671
374738
374738
375748
377427
380234
381606
381659
382630
382630
384041
385151
385528
385780
386217
386496
386496
386681
387003
388365
388365
389022
390374
391235
391235
392113
392750
394226
395359
396295
396432
397092
397092
397896
398338
398592
399915
400492
400611
400611
401518
402184
402590
402854
403507
405234
405234
406766
407161
407201
407489
408470
409385
409385
410016
410904
411545
411604
411891
412682
412682
414427
415672
416222
417230
418294
419482
420569
420569
421745
422459
422480
422874
423387
423687
423687
425094
425729
426264
426324
426324
426324
