0 0.0
1 13.5361781644
2 3579.86919495
3 3953.38729935
4 4128.8598211
5 4267.84018503
6 4411.83678471
7 4549.0365764
8 4651.00784218
9 5751.8226933
10 8478.54889107
11 9602.49203529
12 9691.21431197
13 9725.48554099
14 9746.14400809
15 9760.59919128
16 9771.18689499
17 9780.37694523
18 9787.15460728
19 9792.53461586
20 9797.32110036
21 9801.55235265
22 9805.20922681
23 9808.21513908
24 9811.29763509
25 9814.64817424
26 9818.43906997
27 9822.15338194
28 9826.02086141
29 9830.67332435
30 9835.65126823
31 9841.96942777
32 9848.15356574
33 9854.70147653
34 9860.11977699
35 9865.55722338
36 9869.99908099
37 9874.30691704
38 9878.71048278
39 9883.61184291
40 9888.91526774
41 9894.71648695
42 9900.15393334
43 9904.11714251
44 9908.63558387
45 9912.04356084
46 9915.8536025
47 9919.41474697
48 9923.20564269
49 9926.74764122
50 9931.1703529
51 9934.71235143
52 9937.69911776
53 9941.27940816
54 9944.18959074
55 9947.90390271
56 9950.73750153
57 9954.04974881
58 9956.11751011
59 9958.54904423
60 9960.40620022
61 9962.03360495
62 9964.31197157
63 9966.09254381
64 9968.19859699
65 9969.73027203
66 9971.83632521
67 9973.69348119
68 9975.07198873
69 9976.08672344
70 9977.50352285
71 9978.55654944
72 9979.3415329
73 9980.39455949
74 9981.29441858
75 9982.3665911
76 9983.18986644
77 9984.07057959
78 9984.72154148
79 9985.56396275
80 9985.94688151
81 9986.5978434
82 9987.17222154
83 9987.72745374
84 9988.56987502
85 9989.29742066
86 9990.00582037
87 9990.58019851
88 9991.07799289
89 9991.65237103
90 9992.3416248
91 9992.7436895
92 9993.1457542
93 9993.52867296
94 9994.06475922
95 9994.54340767
96 9994.8114508
97 9995.2135155
98 9995.55814238
99 9996.0176449
100 9996.22825021
101 9996.55373116
102 9996.78348242
103 9996.91750398
104 9997.20469305
105 9997.31956868
106 9997.54931994
107 9997.6833415
108 9997.9322387
109 9998.06626026
110 9998.18113589
111 9998.25771964
112 9998.43003308
113 9998.6406384
114 9998.75551403
115 9998.85124372
116 9998.8895356
117 9999.06184904
118 9999.1958706
119 9999.32989217
120 9999.40647592
121 9999.42562186
122 9999.46391374
123 9999.50220561
124 9999.57878936
125 9999.67451905
126 9999.67451905
127 9999.67451905
128 9999.71281093
129 9999.71281093
130 9999.71281093
131 9999.71281093
132 9999.71281093
133 9999.71281093
134 9999.71281093
135 9999.71281093
136 9999.71281093
137 9999.73195687
138 9999.73195687
139 9999.73195687
140 9999.75110281
141 9999.78939468
142 9999.80854062
143 9999.80854062
144 9999.80854062
145 9999.80854062
146 9999.80854062
147 9999.82768656
148 9999.82768656
149 9999.82768656
150 9999.82768656
151 9999.82768656
152 9999.82768656
153 9999.82768656
154 9999.82768656
155 9999.82768656
156 9999.82768656
162 9999.8468325
163 9999.8468325
164 9999.8468325
165 9999.8468325
166 9999.86597843
167 9999.86597843
168 9999.86597843
169 9999.86597843
170 9999.86597843
171 9999.86597843
172 9999.86597843
173 9999.86597843
174 9999.86597843
175 9999.86597843
203 9999.88512437
204 9999.88512437
205 9999.88512437
206 9999.88512437
207 9999.88512437
208 9999.88512437
209 9999.88512437
210 9999.88512437
211 9999.88512437
212 9999.88512437
239 9999.90427031
240 9999.90427031
241 9999.90427031
242 9999.90427031
243 9999.90427031
244 9999.90427031
245 9999.90427031
246 9999.90427031
247 9999.90427031
248 9999.90427031
363 9999.92341625
364 9999.94256219
365 9999.94256219
366 9999.94256219
367 9999.94256219
368 9999.94256219
369 9999.94256219
370 9999.94256219
371 9999.94256219
372 9999.94256219
373 9999.94256219
381 9999.96170812
382 9999.96170812
383 9999.96170812
384 9999.96170812
385 9999.96170812
386 9999.96170812
387 9999.96170812
388 9999.96170812
389 9999.96170812
390 9999.96170812
487 10000.0
488 10000.0
489 10000.0
490 10000.0
491 10000.0
492 10000.0
493 10000.0
494 10000.0
495 10000.0
496 10000.0
1501 10000.0
