0 0.0
1 0.0
2 0.0
3 0.0
4 0.0
5 0.0
6 0.0
7 0.0
8 0.0
54 0.296432598363
55 1.11985648271
56 3.04117887951
57 8.01465914094
58 22.4081086393
59 55.7403074775
60 99.2061095856
61 138.40108648
62 213.354617926
63 274.891829549
64 333.431778233
65 379.89484328
66 409.636913983
67 428.894053891
68 445.845606924
69 458.811788356
70 468.670916998
71 476.213479778
72 482.405627389
73 487.423023591
74 492.407482837
75 497.446837009
76 501.816473089
77 506.164151198
78 511.346232177
79 516.561250111
80 521.567667328
81 526.837580188
82 531.986724211
83 536.828456651
84 541.011449984
85 544.502767253
86 547.467093237
87 549.454289544
88 551.397569911
89 552.901690873
90 554.438748791
91 555.844058887
92 557.073705221
93 558.918174722
94 560.158800041
95 561.739773899
96 563.518369489
97 564.802910749
98 566.383884606
99 567.756257747
100 568.963946111
101 570.138697519
102 571.313448927
103 572.543095261
104 573.915468402
105 575.803853843
106 577.648323344
107 579.339087053
108 580.974955837
109 582.369286948
110 583.87340791
111 585.871583203
112 587.452557061
113 589.055488889
114 590.51569391
115 592.206457619
116 593.831347418
117 595.873438651
118 597.882592929
119 600.62733921
120 604.107677495
121 608.367523723
122 613.319046014
123 619.423361743
124 626.987882494
125 638.021762544
126 650.779343259
127 666.215796344
128 683.573571826
129 702.918543616
130 729.081465168
131 759.087031513
132 793.824540447
133 831.10917393
134 873.202602898
135 924.320757638
136 979.040019499
137 1041.11520139
138 1107.45022952
139 1178.4623053
140 1255.57869682
141 1340.99520109
142 1431.75847111
143 1527.65990617
144 1622.06819926
145 1721.16451899
146 1824.05956758
147 1930.9180298
148 2038.23760939
149 2140.51783481
150 2246.60776807
151 2349.50281666
152 2452.7272348
153 2553.31669651
154 2644.54108391
155 2735.21652206
156 2824.23413345
157 2909.26637323
158 2988.54562482
159 3062.19265704
160 3130.05376409
161 3197.47571174
162 3262.03214427
163 3320.89048353
164 3375.92813595
165 3425.71783349
166 3474.38767455
167 3519.34661864
168 3561.60473238
169 3600.37152886
170 3634.02211826
171 3668.10088809
172 3698.75421456
173 3728.03516789
174 3755.08738723
175 3777.93465528
176 3800.41961681
177 3820.91738204
178 3840.0647321
179 3858.18005755
180 3874.33014467
181 3889.92030355
182 3903.80871973
183 3916.53336349
184 3928.6322051
185 3939.20496777
186 3949.27269713
187 3959.36238446
188 3968.7823537
189 3976.82994979
190 3984.74579807
191 3992.35423476
192 3999.52351205
193 4006.52810456
194 4013.1374536
195 4019.27470628
196 4024.41287132
197 4030.76970371
198 4036.47877597
199 4041.85847869
200 4047.09545459
201 4051.89327109
202 4056.14213833
203 4060.23729978
204 4063.98113371
205 4067.6810517
206 4070.68929362
207 4074.11473698
208 4077.4194115
209 4080.03240996
210 4083.04065189
211 4086.45511626
212 4089.36454732
213 4091.86775593
214 4094.67837612
215 4097.36822748
216 4099.89339405
217 4102.5942244
218 4104.96568518
219 4106.99679743
220 4108.9400778
221 4111.09195888
222 4113.41950373
223 4115.49453192
224 4117.646413
225 4120.19353755
226 4123.28961135
227 4126.83582355
228 4131.09566978
229 4135.97033917
230 4143.02982661
231 4150.14420897
232 4161.90270204
233 4179.3483094
234 4205.1818614
235 4226.89829398
236 4249.86633086
237 4272.98807353
238 4293.78227135
239 4321.55910372
240 4341.71652041
241 4358.81080025
242 4384.54554138
243 4415.55019537
244 4433.6106259
245 4461.62899594
246 4506.88437262
247 4556.41057452
248 4607.04565391
249 4650.92865746
250 4701.20143034
251 4737.6955769
252 4769.39190695
253 4788.29771934
254 4805.57864192
255 4818.2923067
256 4830.25940048
257 4839.94286536
258 4848.13318826
259 4857.24574592
260 4864.97495145
261 4874.59254241
262 4883.01342401
263 4892.37849832
264 4900.41511543
265 4908.74816514
266 4915.45632505
267 4921.52770382
268 4926.91838552
269 4931.68326506
270 4935.85527941
271 4938.98429017
272 4942.28896469
273 4945.35210154
274 4948.19565869
275 4950.66593034
276 4952.97151722
277 4955.43080989
278 4957.83520763
279 4960.33841624
280 4962.61106616
281 4964.97154796
282 4967.38692469
283 4969.85719634
284 4972.11886728
285 4974.35858024
286 4976.48850336
287 4978.72821632
288 4981.14359305
289 4983.47113789
290 4985.7547668
291 4988.13720657
292 4990.66237315
293 4992.9130651
294 4995.17473604
295 4997.03018452
296 4999.52241415
297 5001.80604305
298 5003.81519733
299 5005.87924653
300 5007.84448487
301 5009.8865761
302 5011.98356226
303 5014.10250639
304 5016.35319834
305 5018.58193232
306 5020.77772935
307 5022.98450536
308 5025.24617629
309 5027.46393129
310 5029.72560222
311 5031.96531519
312 5034.10621729
313 5036.15928751
314 5038.11354686
315 5040.04584824
316 5042.35143512
317 5044.14100969
318 5046.21603788
319 5048.22519216
320 5050.31119933
321 5052.11175289
322 5054.19776007
323 5056.10810348
324 5057.94159399
325 5059.90683233
326 5061.72934386
327 5063.76045611
328 5065.7586314
329 5067.59212192
330 5069.23896969
331 5071.02854426
332 5072.59853914
333 5074.25636589
334 5076.06789844
335 5077.76964113
336 5079.339636
337 5080.95354682
338 5082.56745763
339 5084.18136844
340 5085.45493072
341 5087.12373646
342 5088.56198351
343 5089.94533563
344 5091.48239355
345 5092.87672466
346 5094.49063547
347 5096.06063035
348 5097.60866725
349 5099.28845197
350 5100.57299323
351 5102.38452578
352 5103.89962573
353 5105.48059958
354 5107.03961547
355 5108.33513572
356 5109.77338277
357 5111.15673489
358 5112.7047718
359 5113.94539712
360 5115.63616082
361 5116.94266005
362 5118.12839045
363 5119.61055344
364 5121.00488455
365 5122.35529972
366 5123.59592504
367 5125.14396194
368 5126.58220899
369 5127.92164518
370 5129.07443862
371 5130.39191683
372 5131.80820591
373 5133.34526383
374 5134.53099422
375 5135.91434635
376 5137.33063543
377 5138.47244988
378 5139.76797013
379 5140.88782661
380 5142.04062005
381 5143.27026638
382 5144.69753445
383 5145.99305469
384 5147.12389016
385 5148.40843142
386 5149.76982558
387 5151.13121973
388 5152.22911824
389 5153.54659646
390 5154.68841091
391 5155.86316232
392 5157.02693474
393 5158.43224484
394 5159.76070204
395 5160.95741142
396 5162.18705775
397 5163.21908235
398 5164.26208594
399 5165.51369025
400 5166.61158876
401 5167.7643822
402 5168.88423868
403 5170.02605313
404 5171.25569947
405 5172.57317768
406 5173.84673996
407 5175.04344933
408 5176.36092755
409 5177.53567896
410 5178.80924123
411 5180.11574046
412 5181.30147085
413 5182.54209617
414 5183.74978454
415 5184.90257798
416 5186.16516126
417 5187.63634527
418 5188.96480247
419 5190.3481546
420 5191.63269586
421 5192.91723712
422 5194.10296751
423 5195.16792907
424 5196.36463845
425 5197.55036884
426 5198.90078401
427 5200.21826222
428 5201.57965638
429 5202.87517662
430 5204.3683186
431 5205.72971276
432 5207.03621199
433 5208.45250107
434 5210.26403361
435 5211.75717559
436 5213.23933858
437 5214.78737548
438 5216.1817066
439 5217.78463842
440 5219.26680142
441 5220.73798542
442 5222.1542745
443 5223.58154257
444 5225.07468455
445 5226.79838521
446 5228.40131704
447 5229.91641699
448 5231.27781114
449 5232.86976398
450 5234.30801104
451 5236.1085646
452 5237.85422323
453 5239.44617607
454 5240.99421298
455 5242.6739977
456 5244.52944619
457 5246.09944106
458 5247.84509969
459 5249.43705254
460 5251.20466914
461 5252.90641184
462 5254.55325961
463 5256.23304433
464 5257.82499717
465 5259.82317247
466 5261.47002023
467 5263.20469988
468 5264.68686288
469 5266.54231136
470 5268.27699101
471 5270.3520192
472 5272.13061479
473 5273.78844154
474 5275.665848
475 5277.45542258
476 5279.81590438
477 5281.80310068
478 5284.14162452
479 5286.22763169
480 5288.54419755
481 5290.58628878
482 5292.70523291
483 5294.6375343
484 5296.71256248
485 5299.11696023
486 5301.4225471
487 5303.76107093
488 5305.95686796
489 5308.49301352
490 5310.7986004
491 5313.7519474
492 5316.54060962
493 5319.16458706
494 5321.97520726
495 5324.66505861
496 5327.92581719
497 5331.34028157
498 5335.04019955
499 5337.83984076
500 5341.40801093
501 5344.62485357
502 5348.87372081
503 5352.07958447
504 5356.36138867
505 5360.544382
506 5364.81520721
507 5369.65693965
508 5373.96070182
509 5379.66977409
510 5384.59933841
511 5390.22057879
512 5395.66615541
513 5401.84732404
514 5407.96261875
515 5414.30847215
516 5421.45579147
517 5428.26276225
518 5436.03588371
519 5442.99656028
520 5451.2527571
521 5458.80629886
522 5467.20522248
523 5475.14302873
524 5485.13390519
525 5494.24646285
526 5503.51272629
527 5514.25017374
528 5523.68112196
529 5535.35178315
530 5545.2767857
531 5557.72695484
532 5569.24391023
533 5582.5504402
534 5594.75907166
535 5608.95489943
536 5622.30534534
537 5635.1727159
538 5651.88273126
539 5666.66044524
540 5684.32563231
541 5699.00453542
542 5717.78957897
543 5733.55540161
544 5753.38344874
545 5770.63143437
546 5789.87759529
547 5809.05788231
548 5828.09544251
549 5850.81096274
550 5870.06810264
551 5893.26669821
552 5914.6098453
553 5940.21283861
554 5962.59898927
555 5989.39869196
556 6012.19106508
557 6034.55525778
558 6063.21040896
559 6087.95704143
560 6116.89764622
561 6142.59945039
562 6173.68095728
563 6199.96464767
564 6231.7488096
565 6260.38200281
566 6293.87888642
567 6322.84144918
568 6352.59449887
569 6387.49669258
570 6418.30372484
571 6454.28185909
572 6485.09987034
573 6520.73765605
574 6552.57671291
575 6591.22274055
576 6624.01696912
577 6661.03810696
578 6697.62008539
579 6732.42346824
580 6772.38697409
581 6809.25440614
582 6851.21608729
583 6886.37079766
584 6928.63989039
585 6963.97026452
586 7006.16250435
587 7043.4690958
588 7081.65400607
589 7126.18476973
590 7163.62310901
591 7208.17583064
592 7245.65808586
593 7290.21080749
594 7328.79096122
595 7372.50927999
596 7409.29985914
597 7453.97334961
598 7492.54252435
599 7531.07876214
600 7576.14749608
601 7614.66177589
602 7658.91806493
603 7696.58696289
604 7739.89905921
605 7777.6228521
606 7821.91207809
607 7859.31748041
608 7900.70825433
609 7940.67176018
610 7976.86947414
611 8020.13765452
612 8056.86235976
613 8098.94480974
614 8134.12147808
615 8177.34574251
616 8212.87373838
617 8253.68262609
618 8288.51894589
619 8322.42205195
620 8362.52828461
621 8395.98125229
622 8433.84777198
623 8467.67402515
624 8504.40970938
625 8536.04016552
626 8571.33760269
627 8602.18855089
628 8637.43109314
629 8668.64434785
630 8698.45229247
631 8733.06903256
632 8761.87788953
633 8794.01337899
634 8821.98783309
635 8852.59724362
636 8878.7382072
637 8909.54523946
638 8935.10431683
639 8962.11262023
640 8988.73665916
641 9012.85748948
642 9040.42572113
643 9063.78900147
644 9091.15961139
645 9113.01877077
646 9137.2823279
647 9158.32904238
648 9181.69232273
649 9202.28889882
650 9221.01904744
651 9243.74554665
652 9262.26709455
653 9283.68709453
654 9301.00095407
655 9321.07053888
656 9337.64880642
657 9356.99377821
658 9373.19876025
659 9391.75324511
660 9407.35438298
661 9422.19797086
662 9439.5886833
663 9454.28954438
664 9470.25298875
665 9483.38385496
666 9498.6336653
667 9511.59984673
668 9525.94938029
669 9538.21290668
670 9551.00342435
671 9563.47555145
672 9574.28985179
673 9586.88274773
674 9597.6092162
675 9609.6421839
676 9618.83159445
677 9629.48121002
678 9639.32935967
679 9649.83624844
680 9658.26810901
681 9665.84360875
682 9675.14280915
683 9682.38893933
684 9691.65520278
685 9698.97818585
686 9707.26731962
687 9714.28289112
688 9721.26552566
689 9727.9517276
690 9735.13198387
691 9741.19238366
692 9747.53823706
693 9754.08171219
694 9759.56022577
695 9765.77433135
696 9770.84662248
697 9776.5886317
698 9781.59504892
699 9787.02964655
700 9791.9372529
701 9796.72409042
702 9801.43407504
703 9805.3755307
704 9810.16236821
705 9814.13676083
706 9818.19898532
707 9821.84400838
708 9825.98308578
709 9829.36461319
710 9833.38292175
711 9836.41312164
712 9839.36646864
713 9842.98953373
714 9846.19539739
715 9849.53300887
716 9852.59614572
717 9856.05452603
718 9858.63458754
719 9861.81849322
720 9864.22289096
721 9866.82491044
722 9869.16343427
723 9871.39216825
724 9873.9392928
725 9876.04725794
726 9878.40773975
727 9880.43885199
728 9882.31625845
729 9884.07289607
730 9886.1918402
731 9887.87162492
732 9889.69413645
733 9891.57154291
734 9893.04272692
735 9894.81034352
736 9896.35838042
737 9897.89543834
738 9899.23487453
739 9900.79389041
740 9902.1333266
741 9903.41786786
742 9904.73534607
743 9905.85520256
744 9907.1507228
745 9908.38036914
746 9909.65393141
747 9910.53225022
748 9911.54231685
749 9912.47553059
750 9913.48559722
751 9914.44076892
752 9915.4947515
753 9916.28523843
754 9917.22943115
755 9918.28341372
756 9919.22760644
757 9920.24865206
758 9921.15990782
759 9922.00528968
760 9922.81773457
761 9923.54234759
762 9924.2779396
763 9924.98059464
764 9925.79303954
765 9926.53961053
766 9927.20932862
767 9927.78023585
768 9928.55974379
769 9929.19652493
770 9929.91015896
771 9930.55791909
772 9931.27155312
773 9932.00714512
774 9932.52315742
775 9933.19287552
776 9933.77476173
777 9934.63112257
778 9935.25692472
779 9935.80587398
780 9936.36580222
781 9936.94768843
782 9937.39782682
783 9937.97971303
784 9938.44083041
785 9938.82509489
786 9939.30817023
787 9939.65949776
788 9940.05474122
789 9940.37313179
790 9940.90012307
791 9941.37221943
792 9941.88823174
793 9942.25053824
794 9942.66773968
795 9942.93123532
796 9943.22766792
797 9943.54605849
798 9943.78759616
799 9944.10598673
800 9944.51220918
801 9944.98430554
802 9945.25878017
803 9945.69793957
804 9946.17003593
805 9946.44451056
806 9946.74094316
807 9947.03737576
808 9947.39968227
809 9947.70709385
810 9948.08037935
811 9948.29995905
812 9948.6293286
813 9948.90380323
814 9949.1453409
815 9949.45275249
816 9949.79310103
817 9950.24323942
818 9950.49575607
819 9950.75925172
820 9951.03372634
821 9951.35211691
822 9951.62659154
823 9951.86812921
824 9952.14260384
825 9952.32924659
826 9952.52686832
827 9952.74644802
828 9953.09777555
829 9953.38322916
830 9953.7235777
831 9953.96511537
832 9954.22861102
833 9954.55798057
834 9954.85441317
835 9955.06301389
836 9955.23867765
837 9955.50217329
838 9955.69979502
839 9955.90839574
840 9956.07308052
841 9956.28168123
842 9956.51223992
843 9956.72084064
844 9956.92944136
845 9957.17097903
846 9957.33566381
847 9957.45643264
848 9957.7089493
849 9957.96146596
850 9958.14810871
851 9958.24691957
852 9958.49943623
853 9958.65314202
854 9958.82880578
855 9959.00446954
856 9959.18013331
857 9959.38873402
858 9959.65222967
859 9959.72908256
860 9959.87180937
861 9960.03649415
862 9960.10236806
863 9960.29998979
864 9960.50859051
865 9960.69523325
866 9960.89285499
867 9961.05753976
868 9961.15635063
869 9961.28809845
870 9961.46376221
871 9961.66138394
872 9961.7711738
873 9961.88096365
874 9962.07858538
875 9962.23229117
876 9962.40795493
877 9962.51774478
878 9962.62753464
879 9962.82515637
880 9962.91298825
881 9963.06669404
882 9963.18746288
883 9963.33018968
884 9963.47291649
885 9963.60466431
886 9963.71445416
887 9963.835223
888 9963.94501285
889 9964.06578169
890 9964.16459255
891 9964.3512353
892 9964.47200414
893 9964.68060485
894 9964.79039471
895 9964.92214253
896 9965.04291136
897 9965.13074324
898 9965.21857513
899 9965.30640701
900 9965.40521787
901 9965.6028396
902 9965.66871352
903 9965.70165047
904 9965.80046134
905 9965.91025119
906 9966.02004104
907 9966.09689394
908 9966.25059973
909 9966.36038958
910 9966.50311638
911 9966.60192725
912 9966.70073812
913 9966.75563304
914 9966.85444391
915 9966.89835985
916 9966.97521275
917 9967.15087651
918 9967.23870839
919 9967.32654027
920 9967.42535114
921 9967.54611997
922 9967.59003591
923 9967.69982576
924 9967.76569967
925 9967.88646851
926 9968.02919532
927 9968.09506923
928 9968.22681705
929 9968.30366995
930 9968.4134598
931 9968.49031269
932 9968.58912356
933 9968.64401848
934 9968.8526192
935 9968.90751413
936 9968.98436702
937 9969.06121992
938 9969.17100977
939 9969.24786267
940 9969.35765252
941 9969.41254744
942 9969.47842135
943 9969.63212715
944 9969.6650641
945 9969.75289598
946 9969.82974888
947 9969.89562279
948 9969.9614967
949 9970.06030757
950 9970.13716046
951 9970.27988727
952 9970.32380321
953 9970.41163509
954 9970.57631987
955 9970.60925682
956 9970.66415175
957 9970.7739416
958 9970.83981551
959 9970.87275246
960 9970.89471043
961 9971.00450029
962 9971.0703742
963 9971.10331115
964 9971.18016405
965 9971.24603796
966 9971.30093288
967 9971.41072274
968 9971.48757563
969 9971.60834447
970 9971.71813432
971 9971.77302924
972 9971.87184011
973 9971.91575605
974 9972.0255459
975 9972.11337778
976 9972.20120966
977 9972.30002053
978 9972.35491546
979 9972.3988314
980 9972.46470531
981 9972.51960023
982 9972.65134805
983 9972.76113791
984 9972.78309588
985 9972.80505385
986 9972.85994877
987 9972.93680167
988 9973.03561253
989 9973.09050746
990 9973.16736036
991 9973.24421325
992 9973.28812919
993 9973.36498209
994 9973.41987701
995 9973.52966686
996 9973.62847773
997 9973.67239367
998 9973.7272886
999 9973.78218352
1000 9973.83707845
1001 9973.90295236
1002 9973.96882627
1003 9974.03470018
1004 9974.12253206
1005 9974.18840597
1006 9974.25427988
1007 9974.32015379
1008 9974.33113278
1009 9974.42994364
1010 9974.48483857
1011 9974.52875451
1012 9974.59462842
1013 9974.72637624
1014 9974.81420812
1015 9974.85812406
1016 9974.88008203
1017 9974.90204001
1018 9974.93497696
1019 9974.98987189
1020 9975.04476681
1021 9975.08868275
1022 9975.13259869
1023 9975.20945159
1024 9975.30826245
1025 9975.39609434
1026 9975.45098926
1027 9975.51686317
1028 9975.58273708
1029 9975.61567404
1030 9975.63763201
1031 9975.75840084
1032 9975.82427476
1033 9975.89014867
1034 9975.93406461
1035 9975.98895953
1036 9976.06581243
1037 9976.15364431
1038 9976.18658126
1039 9976.23049721
1040 9976.29637112
1041 9976.34028706
1042 9976.40616097
1043 9976.45007691
1044 9976.47203488
1045 9976.50497183
1046 9976.54888777
1047 9976.59280371
1048 9976.66965661
1049 9976.71357255
1050 9976.73553052
1051 9976.81238342
1052 9976.85629936
1053 9976.87825733
1054 9976.97706819
1055 9977.02098413
1056 9977.05392109
1057 9977.08685805
1058 9977.16371094
1059 9977.1966479
1060 9977.22958485
1061 9977.26252181
1062 9977.29545876
1063 9977.3393747
1064 9977.36133267
1065 9977.39426963
1066 9977.40524861
1067 9977.43818557
1068 9977.47112252
1069 9977.52601745
1070 9977.56993339
1071 9977.59189136
1072 9977.60287035
1073 9977.64678629
1074 9977.65776527
1075 9977.65776527
1076 9977.72363918
1077 9977.75657614
1078 9977.75657614
1079 9977.77853411
1080 9977.80049208
1081 9977.81147106
1082 9977.83342903
1083 9977.855387
1084 9977.86636599
1085 9977.89930294
1086 9977.91028193
1087 9977.97615584
1088 9977.98713483
1089 9978.0090928
1090 9978.02007178
1091 9978.04202975
1092 9978.05300874
1093 9978.06398772
1094 9978.06398772
1095 9978.09692468
1096 9978.1518196
1097 9978.18475656
1098 9978.19573554
1099 9978.19573554
1100 9978.2286725
1101 9978.25063047
1102 9978.26160945
1103 9978.31650438
1104 9978.34944133
1105 9978.38237829
1106 9978.39335727
1107 9978.39335727
1108 9978.42629423
1109 9978.4482522
1110 9978.4482522
1111 9978.45923119
1112 9978.45923119
1113 9978.45923119
1114 9978.49216814
1115 9978.5251051
1116 9978.54706307
1117 9978.55804205
1118 9978.56902104
1119 9978.59097901
1120 9978.59097901
1121 9978.61293698
1122 9978.61293698
1123 9978.61293698
1124 9978.62391596
1125 9978.62391596
1126 9978.63489495
1127 9978.64587393
1128 9978.65685292
1129 9978.6678319
1130 9978.67881089
1131 9978.67881089
1132 9978.71174784
1133 9978.72272683
1134 9978.7446848
1135 9978.7446848
1136 9978.75566378
1137 9978.76664277
1138 9978.76664277
1139 9978.76664277
1140 9978.83251668
1141 9978.83251668
1142 9978.83251668
1143 9978.84349566
1144 9978.84349566
1145 9978.85447465
1146 9978.88741161
1147 9978.93132755
1148 9978.94230653
1149 9978.9642645
1150 9978.97524349
1151 9978.97524349
1152 9978.99720146
1153 9978.99720146
1154 9979.00818044
1155 9979.00818044
1156 9979.01915943
1157 9979.0411174
1158 9979.05209638
1159 9979.07405435
1160 9979.08503334
1161 9979.09601232
1162 9979.11797029
1163 9979.11797029
1164 9979.11797029
1165 9979.12894928
1166 9979.12894928
1167 9979.13992826
1168 9979.13992826
1169 9979.15090725
1170 9979.15090725
1171 9979.16188623
1172 9979.17286522
1173 9979.19482319
1174 9979.19482319
1175 9979.19482319
1176 9979.19482319
1177 9979.20580217
1178 9979.21678116
1179 9979.21678116
1180 9979.21678116
1181 9979.22776014
1182 9979.23873913
1183 9979.23873913
1184 9979.24971811
1185 9979.24971811
1186 9979.2606971
1187 9979.2606971
1188 9979.2606971
1189 9979.2606971
1190 9979.2606971
1191 9979.27167608
1192 9979.29363406
1193 9979.29363406
1194 9979.30461304
1195 9979.30461304
1196 9979.30461304
1197 9979.30461304
1198 9979.31559203
1199 9979.33755
1200 9979.35950797
1201 9979.35950797
1202 9979.37048695
1203 9979.37048695
1204 9979.38146594
1205 9979.39244492
1206 9979.40342391
1207 9979.40342391
1208 9979.40342391
1209 9979.40342391
1210 9979.41440289
1211 9979.41440289
1212 9979.42538188
1213 9979.42538188
1214 9979.43636086
1215 9979.45831883
1216 9979.45831883
1217 9979.46929782
1218 9979.49125579
1219 9979.49125579
1220 9979.49125579
1221 9979.49125579
1222 9979.51321376
1223 9979.51321376
1224 9979.52419274
1225 9979.52419274
1226 9979.53517173
1227 9979.53517173
1228 9979.53517173
1229 9979.54615071
1230 9979.5571297
1231 9979.56810868
1232 9979.56810868
1233 9979.56810868
1234 9979.56810868
1235 9979.56810868
1236 9979.56810868
1237 9979.56810868
1238 9979.56810868
1239 9979.57908767
1240 9979.57908767
1241 9979.60104564
1242 9979.61202462
1243 9979.61202462
1244 9979.62300361
1245 9979.63398259
1246 9979.65594056
1247 9979.68887752
1248 9979.68887752
1249 9979.72181447
1250 9979.72181447
1251 9979.73279346
1252 9979.73279346
1253 9979.75475143
1254 9979.7767094
1255 9979.78768839
1256 9979.79866737
1257 9979.82062534
1258 9979.83160433
1259 9979.83160433
1260 9979.83160433
1261 9979.84258331
1262 9979.8535623
1263 9979.86454128
1264 9979.87552027
1265 9979.87552027
1266 9979.90845722
1267 9979.90845722
1268 9979.91943621
1269 9979.91943621
1270 9979.91943621
1271 9979.91943621
1272 9979.91943621
1273 9979.91943621
1274 9979.91943621
1275 9979.95237316
1276 9979.98531012
1277 9979.9962891
1278 9980.00726809
1279 9980.00726809
1280 9980.00726809
1281 9980.00726809
1282 9980.01824707
1283 9980.02922606
1284 9980.02922606
1285 9980.02922606
1286 9980.04020504
1287 9980.04020504
1288 9980.04020504
1289 9980.04020504
1290 9980.05118403
1291 9980.06216301
1292 9980.06216301
1293 9980.08412098
1294 9980.08412098
1295 9980.09509997
1296 9980.09509997
1297 9980.11705794
1298 9980.14999489
1299 9980.16097388
1300 9980.16097388
1301 9980.18293185
1302 9980.20488982
1303 9980.20488982
1304 9980.22684779
1305 9980.24880576
1306 9980.24880576
1307 9980.25978475
1308 9980.25978475
1309 9980.25978475
1310 9980.25978475
1311 9980.31467967
1312 9980.32565866
1313 9980.32565866
1314 9980.34761663
1315 9980.38055358
1316 9980.39153257
1317 9980.39153257
1318 9980.39153257
1319 9980.39153257
1320 9980.40251155
1321 9980.40251155
1322 9980.40251155
1323 9980.42446952
1324 9980.42446952
1325 9980.42446952
1326 9980.42446952
1327 9980.43544851
1328 9980.43544851
1329 9980.43544851
1330 9980.43544851
1331 9980.46838546
1332 9980.46838546
1333 9980.46838546
1334 9980.47936445
1335 9980.49034343
1336 9980.50132242
1337 9980.50132242
1338 9980.50132242
1339 9980.5123014
1340 9980.52328039
1341 9980.54523836
1342 9980.55621734
1343 9980.55621734
1344 9980.55621734
1345 9980.56719633
1346 9980.5891543
1347 9980.61111227
1348 9980.63307024
1349 9980.64404923
1350 9980.64404923
1351 9980.65502821
1352 9980.65502821
1353 9980.6660072
1354 9980.6660072
1355 9980.6660072
1356 9980.67698618
1357 9980.67698618
1358 9980.67698618
1359 9980.67698618
1360 9980.69894415
1361 9980.70992314
1362 9980.72090212
1363 9980.73188111
1364 9980.74286009
1365 9980.74286009
1366 9980.75383908
1367 9980.77579705
1368 9980.78677603
1369 9980.79775502
1370 9980.79775502
1371 9980.808734
1372 9980.83069197
1373 9980.83069197
1374 9980.83069197
1375 9980.83069197
1376 9980.84167096
1377 9980.85264994
1378 9980.86362893
1379 9980.87460791
1380 9980.87460791
1381 9980.8855869
1382 9980.8855869
1383 9980.89656588
1384 9980.89656588
1385 9980.89656588
1386 9980.89656588
1387 9980.91852385
1388 9980.92950284
1389 9980.92950284
1390 9980.94048182
1391 9980.94048182
1392 9980.94048182
1393 9980.94048182
1394 9980.94048182
1395 9980.95146081
1396 9980.96243979
1397 9980.97341878
1398 9980.97341878
1399 9980.97341878
1400 9980.98439776
1401 9980.98439776
1402 9980.98439776
1403 9980.98439776
1404 9980.98439776
1405 9980.99537675
1406 9980.99537675
1407 9981.0283137
1408 9981.03929269
1409 9981.03929269
1410 9981.05027168
1411 9981.05027168
1412 9981.05027168
1413 9981.06125066
1414 9981.07222965
1415 9981.07222965
1416 9981.09418762
1417 9981.11614559
1418 9981.12712457
1419 9981.12712457
1420 9981.13810356
1421 9981.14908254
1422 9981.14908254
1423 9981.14908254
1424 9981.16006153
1425 9981.16006153
1426 9981.1820195
1427 9981.1820195
1428 9981.21495645
1429 9981.21495645
1430 9981.21495645
1431 9981.22593544
1432 9981.24789341
1433 9981.25887239
1434 9981.25887239
1435 9981.25887239
1436 9981.25887239
1437 9981.26985138
1438 9981.28083036
1439 9981.28083036
1440 9981.29180935
1441 9981.31376732
1442 9981.31376732
1443 9981.31376732
1444 9981.31376732
1445 9981.31376732
1446 9981.33572529
1447 9981.33572529
1448 9981.34670427
1449 9981.34670427
1450 9981.35768326
1451 9981.36866224
1452 9981.37964123
1453 9981.39062021
1454 9981.39062021
1455 9981.39062021
1456 9981.39062021
1457 9981.41257818
1458 9981.42355717
1459 9981.42355717
1460 9981.43453615
1461 9981.44551514
1462 9981.44551514
1463 9981.46747311
1464 9981.47845209
1465 9981.47845209
1466 9981.47845209
1467 9981.50041007
1468 9981.51138905
1469 9981.52236804
1470 9981.52236804
1471 9981.52236804
1472 9981.53334702
1473 9981.54432601
1474 9981.56628398
1475 9981.56628398
1476 9981.56628398
1477 9981.58824195
1478 9981.58824195
1479 9981.58824195
1480 9981.59922093
1481 9981.61019992
1482 9981.63215789
1483 9981.65411586
1484 9981.65411586
1485 9981.66509484
1486 9981.66509484
1487 9981.67607383
1488 9981.67607383
1489 9981.68705281
1490 9981.6980318
1491 9981.6980318
1492 9981.6980318
1493 9981.70901078
1494 9981.71998977
1495 9981.74194774
1496 9981.75292672
1497 9981.75292672
1498 9981.75292672
1499 9981.75292672
1500 9981.77488469
1501 10000.0
