0 0.0
1 0.0
2 0.0
3 0.0
4 0.0
5 0.0
6 0.0
7 0.0
8 0.0
32 0.0234710379128
33 0.0469420758255
34 0.0938841516511
35 0.0938841516511
36 0.0938841516511
37 0.117355189564
38 0.140826227477
39 0.140826227477
40 0.140826227477
41 0.164297265389
42 0.234710379128
43 0.234710379128
44 0.281652454953
45 0.328594530779
46 0.328594530779
47 0.328594530779
48 0.352065568692
49 0.352065568692
50 0.352065568692
51 0.352065568692
52 0.352065568692
53 0.352065568692
54 0.352065568692
55 0.352065568692
56 0.399007644517
57 0.399007644517
58 0.399007644517
59 0.516362834081
60 0.563304909906
61 0.610246985732
62 0.633718023645
63 0.633718023645
64 0.704131137383
65 0.751073213209
66 0.821486326947
67 0.821486326947
68 0.84495736486
69 1.03272566816
70 1.24396500938
71 1.61950161598
72 2.06545133632
73 2.5818141704
74 3.28594530779
75 4.67073654464
76 7.39337694252
77 10.8201484778
78 16.0776609702
79 23.5649220644
80 33.7748235565
81 48.0686856453
82 67.0802263547
83 93.086136362
84 126.978315108
85 170.70485874
86 222.411555261
87 279.633945693
88 350.117472545
89 433.15800468
90 529.107607668
91 638.130578772
92 756.635849194
93 888.402256036
94 1036.08202658
95 1196.67086798
96 1362.07127215
97 1531.13315824
98 1699.02149243
99 1875.66452376
100 2050.57069829
101 2217.66101719
102 2378.8131635
103 2526.63376027
104 2672.57667401
105 2806.5963005
106 2929.3028867
107 3041.75262934
108 3136.2000859
109 3230.24853482
110 3313.42989318
111 3383.91342004
112 3444.39828474
113 3494.57936379
114 3541.00507679
115 3582.4314587
116 3618.38908878
117 3650.098461
118 3676.55032073
119 3699.45805373
120 3720.04215398
121 3738.67815809
122 3754.40375349
123 3768.62720246
124 3781.48933124
125 3793.55344473
126 3804.23276698
127 3814.51308158
128 3822.96265523
129 3830.56727152
130 3837.18610421
131 3843.66411067
132 3849.1328625
133 3854.55467226
134 3859.08458258
135 3863.66143497
136 3868.00357699
137 3872.62737145
138 3876.6174479
139 3880.04421944
140 3883.51793305
141 3887.41412534
142 3890.9817231
143 3894.54932087
144 3897.50667164
145 3900.93344318
146 3904.12550433
147 3906.84814473
148 3909.59425617
149 3912.17607034
150 3915.03953696
151 3917.62135113
152 3920.34399153
153 3923.34828438
154 3926.02398271
155 3929.02827556
156 3931.53967662
157 3934.47355636
158 3937.38396506
159 3940.5056131
160 3943.65073218
161 3946.74890918
162 3949.70625996
163 3952.59319762
164 3955.5505484
165 3958.83649371
166 3962.31020732
167 3965.38491329
168 3968.60044548
169 3971.98027494
170 3974.77332845
171 3977.75415027
172 3981.13397973
173 3984.11480154
174 3987.40074685
175 3990.63975008
176 3993.87875331
177 3997.07081447
178 4000.61494119
179 4003.83047339
180 4006.8112952
181 4009.74517494
182 4013.45359893
183 4016.45789178
184 4019.32135841
185 4022.46647749
186 4024.93093647
187 4027.39539545
188 4030.49357246
189 4032.91108936
190 4035.61025872
191 4037.93389147
192 4040.18711111
193 4042.69851217
194 4046.99371211
195 4061.45187146
196 4176.22524686
197 4247.48331796
198 4488.81252978
199 4562.93406751
200 4598.91516863
201 4611.16705042
202 4618.56042736
203 4624.12306335
204 4630.38983047
205 4636.30453202
206 4641.37427621
207 4645.66947615
208 4650.19938647
209 4657.00598746
210 4664.84531412
211 4671.04166813
212 4676.22876751
213 4680.78214887
214 4684.42015974
215 4688.31635204
216 4691.32064489
217 4694.23105359
218 4696.55468634
219 4698.26807211
220 4699.7467475
221 4700.94377043
222 4702.42244582
223 4703.80723706
224 4705.05120207
225 4706.17781189
226 4707.16359548
227 4708.73615502
228 4710.05053314
229 4711.64656372
230 4713.28953638
231 4715.68358224
232 4717.3265549
233 4719.01646963
234 4720.68291332
235 4722.53712531
236 4723.96885863
237 4725.98736789
238 4727.67728262
239 4729.48455254
240 4731.08058311
241 4733.35727379
242 4735.18801475
243 4737.20652401
244 4739.50668573
245 4741.22007149
246 4743.19163868
247 4745.56221351
248 4748.19096975
249 4754.64550518
250 4759.83260456
251 4765.04317497
252 4767.4137498
253 4769.64349841
254 4771.73242078
255 4773.91522731
256 4776.35621525
257 4778.44513762
258 4780.13505235
259 4782.17703265
260 4784.19554191
261 4785.93239872
262 4788.18561836
263 4790.06330139
264 4791.70627404
265 4793.63089915
266 4796.02494502
267 4797.9965122
268 4800.0384925
269 4802.03353072
270 4803.91121376
271 4805.46030226
272 4807.36145633
273 4809.16872625
274 4810.99946721
275 4812.83020816
276 4814.56706497
277 4816.46821904
278 4818.13466273
279 4820.15317199
280 4822.26556541
281 4824.58919816
282 4826.67812053
283 4828.74357187
284 4830.38654452
285 4832.1703434
286 4834.07149748
287 4835.97265155
288 4837.68603731
289 4839.82190176
290 4841.37099027
291 4843.50685472
292 4845.05594322
293 4846.60503172
294 4848.55312787
295 4850.50122401
296 4852.63708846
297 4854.30353216
298 4856.60369387
299 4858.34055068
300 4860.68765447
301 4862.49492439
302 4863.97359978
303 4865.87475385
304 4867.56466858
305 4869.51276472
306 4870.99144011
307 4872.32928927
308 4874.019204
309 4876.0611843
310 4878.54911432
311 4880.56762358
312 4882.96166945
313 4884.98017871
314 4887.5150508
315 4889.62744422
316 4891.83372178
317 4893.96958623
318 4896.69222663
319 4899.25056976
320 4901.97321016
321 4904.81320574
322 4907.84096964
323 4911.69021985
324 4914.78839686
325 4918.89582849
326 4923.37879673
327 4928.495483
328 4932.50903048
329 4937.17976703
330 4941.9913298
331 4946.80289257
332 4953.46866734
333 4959.31295578
334 4966.72980376
335 4973.20781022
336 4980.6246582
337 4987.6190275
338 4996.02165907
339 5004.14263819
340 5014.70460525
341 5025.92376137
342 5039.32572402
343 5051.36636647
344 5062.60899363
345 5076.19872458
346 5088.92002713
347 5102.39240289
348 5115.09023441
349 5130.41682216
350 5145.69646784
351 5160.20156927
352 5177.71096356
353 5194.18763217
354 5213.4573543
355 5230.89633547
356 5250.56506524
357 5270.09296878
358 5293.4466515
359 5317.29322602
360 5342.33682348
361 5369.23463292
362 5391.34435064
363 5419.22794368
364 5444.15418594
365 5472.76538116
366 5498.67740701
367 5530.24595301
368 5556.6743417
369 5587.96123523
370 5617.91027961
371 5648.72775239
372 5683.62918577
373 5714.68136892
374 5752.70445034
375 5784.69547502
376 5822.8828537
377 5856.79850349
378 5897.80240672
379 5935.68466191
380 5977.51005147
381 6016.0964378
382 6054.77670828
383 6099.72374588
384 6138.59178467
385 6186.91865173
386 6228.18073638
387 6275.14628324
388 6317.76968809
389 6367.15275186
390 6411.16094795
391 6458.52550246
392 6506.57071706
393 6550.86056561
394 6604.72659761
395 6650.80024504
396 6704.43156667
397 6749.89496711
398 6804.27736195
399 6850.53877768
400 6905.97736923
401 6951.06523306
402 6997.13888048
403 7052.4366458
404 7097.59492275
405 7150.54558428
406 7195.39873773
407 7248.91270417
408 7295.08023574
409 7348.21866558
410 7391.89826713
411 7443.39372431
412 7486.86208653
413 7532.53672631
414 7583.53929169
415 7626.444349
416 7674.63038983
417 7715.58735099
418 7764.61834919
419 7804.51911364
420 7849.56003539
421 7889.97716268
422 7929.38503534
423 7971.60943254
424 8009.93763745
425 8050.87112757
426 8088.11966474
427 8127.26935598
428 8162.24120247
429 8200.96841502
430 8234.39117301
431 8273.82251671
432 8303.88891627
433 8333.90837376
434 8367.89443666
435 8395.30860894
436 8428.33235929
437 8455.30058185
438 8485.90681529
439 8511.6076018
440 8538.95136097
441 8562.28157265
442 8589.93045531
443 8612.5800069
444 8633.28146234
445 8656.98721063
446 8676.20999068
447 8699.07078161
448 8716.34546551
449 8737.96229143
450 8755.23697533
451 8774.36587123
452 8789.55163276
453 8806.68549044
454 8821.96513612
455 8836.14164302
456 8850.50591822
457 8862.82821313
458 8877.02819106
459 8888.43511549
460 8902.63509343
461 8913.47871294
462 8925.42547124
463 8935.16595197
464 8943.82676496
465 8953.42641947
466 8961.38310132
467 8970.93581375
468 8978.0240672
469 8985.91033594
470 8993.13941562
471 8999.99295869
472 9005.8841892
473 9011.89277491
474 9016.75127976
475 9022.24350263
476 9027.97043588
477 9032.14828063
478 9037.4527352
479 9041.7244641
480 9046.1839613
481 9050.00974048
482 9054.56312184
483 9058.06030648
484 9061.51054906
485 9064.39748672
486 9067.58954788
487 9070.80508007
488 9073.64507566
489 9076.43812917
490 9078.85564608
491 9081.48440232
492 9083.36208535
493 9085.45100773
494 9087.3521618
495 9089.2063738
496 9091.20141202
497 9093.71281307
498 9096.99875838
499 9100.14387746
500 9102.30321295
501 9103.73494626
502 9105.00238231
503 9105.9881659
504 9107.58419648
505 9108.68733526
506 9109.95477131
507 9111.17526528
508 9112.32534614
509 9113.26418766
510 9114.29691332
511 9115.32963899
512 9116.12765428
513 9117.13690891
514 9117.65327175
515 9118.54517119
516 9119.46054166
517 9120.14120176
518 9120.91574602
519 9121.66681923
520 9122.41789244
521 9123.14549462
522 9123.77921264
523 9124.13127821
524 9124.55375689
525 9125.07011973
526 9125.6099536
527 9126.14978747
528 9126.64267927
529 9127.11210002
530 9127.58152078
531 9128.00399946
532 9128.54383334
533 9129.03672513
534 9129.60003004
535 9130.0694508
536 9130.49192948
537 9130.9378792
538 9131.19606062
539 9131.71242346
540 9132.04101799
541 9132.27572836
542 9132.69820705
543 9133.00333054
544 9133.30845403
545 9133.6605196
546 9133.91870102
547 9134.22382451
548 9134.36465074
549 9134.62283216
550 9134.95142669
551 9135.30349226
552 9135.58514471
553 9136.05456547
554 9136.26580481
555 9136.54745727
556 9136.80563868
557 9137.15770425
558 9137.48629878
559 9137.79142227
560 9137.90877746
561 9138.19042992
562 9138.51902445
563 9138.70679275
564 9139.1058004
565 9139.41092389
566 9139.71604738
567 9139.92728672
568 9140.23241022
569 9140.53753371
570 9140.79571513
571 9141.07736758
572 9141.26513589
573 9141.57025938
574 9141.87538287
575 9142.25091948
576 9142.62645608
577 9142.90810854
578 9143.28364515
579 9143.47141345
580 9143.87042109
581 9143.98777628
582 9144.29289978
583 9144.59802327
584 9144.95008884
585 9145.30215441
586 9146.64000357
587 9154.24461985
588 9163.46873775
589 9170.86211469
590 9174.38277038
591 9176.02574303
592 9176.94111351
593 9177.76259984
594 9178.4197889
595 9179.21780419
596 9179.87499325
597 9180.39135609
598 9180.76689269
599 9180.954661
600 9181.30672656
601 9181.54143694
602 9181.77614732
603 9182.19862601
604 9182.5037495
605 9182.80887299
606 9183.23135167
607 9183.53647517
608 9183.98242489
609 9184.45184565
610 9184.80391121
611 9185.01515055
612 9185.2263899
613 9185.50804235
614 9185.78969481
615 9186.14176037
616 9186.47035491
617 9186.91630463
618 9187.08060189
619 9187.31531227
620 9187.59696473
621 9187.76126199
622 9187.94903029
623 9188.11332756
624 9188.37150898
625 9188.55927728
626 9188.70010351
627 9188.93481389
628 9189.1929953
629 9189.4981188
630 9189.6858871
631 9190.03795267
632 9190.22572097
633 9190.39001824
634 9190.67167069
635 9190.95332315
636 9191.2349756
637 9191.63398325
638 9191.89216466
639 9192.15034608
640 9192.45546957
641 9192.87794826
642 9193.0891876
643 9193.34736901
644 9193.58207939
645 9193.93414496
646 9194.80257336
647 9199.37942576
648 9201.79694266
649 9203.08784975
650 9203.51032843
651 9203.97974919
652 9204.7308224
653 9205.29412731
654 9205.55230873
655 9205.81049015
656 9206.13908468
657 9206.51462128
658 9206.89015789
659 9206.98404204
660 9207.17181034
661 9207.38304969
662 9207.66470214
663 9207.87594148
664 9208.15759394
665 9208.39230432
666 9208.60354366
667 9208.69742781
668 9208.90866715
669 9209.02602234
670 9209.16684857
671 9209.37808791
672 9209.58932725
673 9209.84750867
674 9210.12916112
675 9210.38734254
676 9210.5516398
677 9210.69246603
678 9210.78635018
679 9210.97411849
680 9211.06800264
681 9211.27924198
682 9211.51395236
683 9211.77213378
684 9212.05378623
685 9212.26502557
686 9212.49973595
687 9212.82833048
688 9213.0865119
689 9213.29775124
690 9213.67328785
691 9213.97841134
692 9214.26006379
693 9214.42436106
694 9214.58865833
695 9214.87031078
696 9215.19890531
697 9215.43361569
698 9215.5040288
699 9215.71526814
700 9215.94997852
701 9216.04386268
702 9216.1846889
703 9216.25510202
704 9216.37245721
705 9216.63063862
706 9216.70105174
707 9216.84187796
708 9216.95923315
709 9217.07658834
710 9217.19394353
711 9217.33476976
712 9217.47559599
713 9217.80419052
714 9217.99195882
715 9218.13278505
716 9218.4144375
717 9218.64914788
718 9218.95427138
719 9219.07162657
720 9219.21245279
721 9219.42369214
722 9219.56451836
723 9219.89311289
724 9220.33906261
725 9220.50335988
726 9220.69112818
727 9220.97278064
728 9221.16054894
729 9221.25443309
730 9221.39525932
731 9221.51261451
732 9221.53608555
733 9221.6299697
734 9221.72385385
735 9221.88815112
736 9221.93509319
737 9221.98203527
738 9222.00550631
739 9222.02897734
740 9222.09939046
741 9222.19327461
742 9222.28715876
743 9222.38104291
744 9222.61575329
745 9222.73310848
746 9222.87393471
747 9223.08517405
748 9223.22600028
749 9223.34335547
750 9223.50765273
751 9223.57806585
752 9223.81277622
753 9224.00054453
754 9224.09442868
755 9224.23525491
756 9224.28219698
757 9224.39955217
758 9224.56384944
759 9224.86897293
760 9225.19756746
761 9225.57310407
762 9225.73740133
763 9225.92516964
764 9226.0894669
765 9226.13640898
766 9226.27723521
767 9226.41806143
768 9226.55888766
769 9226.67624285
770 9226.88748219
771 9227.07525049
772 9227.40384503
773 9227.54467125
774 9227.89673682
775 9228.15491824
776 9228.27227343
777 9228.53045485
778 9228.64781003
779 9228.90599145
780 9229.11723079
781 9229.37541221
782 9229.46929636
783 9229.63359363
784 9229.84483297
785 9230.05607231
786 9230.24384061
787 9230.26731165
788 9230.50202203
789 9230.76020345
790 9230.94797175
791 9231.06532694
792 9231.27656628
793 9231.41739251
794 9231.69904496
795 9231.86334223
796 9231.98069742
797 9232.23887884
798 9232.42664714
799 9232.77871271
800 9232.91953893
801 9233.20119139
802 9233.43590177
803 9234.18697498
804 9238.69341426
805 9242.51919344
806 9267.49237778
807 9385.66905367
808 9562.00696151
809 9686.26263622
810 9776.50877699
811 9821.71399601
812 9850.16089396
813 9865.62830795
814 9879.42927824
815 9888.51256991
816 9894.87322119
817 9901.32775661
818 9905.97502212
819 9909.94162753
820 9912.68773896
821 9915.31649521
822 9917.31153343
823 9920.29235525
824 9922.75681423
825 9925.94887539
826 9928.31945021
827 9931.04209061
828 9933.43613648
829 9935.0556381
830 9936.34654518
831 9937.19150255
832 9938.03645991
833 9938.71712001
834 9939.58554841
835 9939.86720087
836 9940.24273747
837 9940.61827408
838 9940.78257135
839 9941.18157899
840 9941.36934729
841 9941.58058664
842 9941.81529701
843 9942.28471777
844 9943.12967514
845 9944.279756
846 9945.47677893
847 9946.55644667
848 9947.98817999
849 9948.83313735
850 9949.70156575
851 9950.42916793
852 9951.22718322
853 9951.72007501
854 9952.18949577
855 9952.61197445
856 9953.12833729
857 9953.8794105
858 9954.16106296
859 9954.48965749
860 9954.91213617
861 9955.45197004
862 9955.7336225
863 9956.1091591
864 9956.32039844
865 9956.64899298
866 9956.95411647
867 9957.18882685
868 9957.32965307
869 9957.51742138
870 9957.65824761
871 9957.84601591
872 9958.03378421
873 9958.17461044
874 9958.3389077
875 9958.52667601
876 9958.62056016
877 9958.71444431
878 9958.76138639
879 9958.8317995
880 9958.94915469
881 9959.04303884
882 9959.13692299
883 9959.23080715
884 9959.27774922
885 9959.30122026
886 9959.34816234
887 9959.41857545
888 9959.53593064
889 9959.60634375
890 9959.74716998
891 9959.86452517
892 9959.91146725
893 9960.0053514
894 9960.0053514
895 9960.07576451
896 9960.14617762
897 9960.1931197
898 9960.24006178
899 9960.31047489
900 9960.40435904
901 9960.45130112
902 9960.52171423
903 9960.59212734
904 9960.66254046
905 9960.70948253
906 9960.77989565
907 9960.82683772
908 9960.96766395
909 9961.10849018
910 9961.15543225
911 9961.22584537
912 9961.29625848
913 9961.41361367
914 9961.50749782
915 9961.57791094
916 9961.67179509
917 9961.7422082
918 9961.78915028
919 9961.95344754
920 9962.02386066
921 9962.09427377
922 9962.16468688
923 9962.21162896
924 9962.28204207
925 9962.35245519
926 9962.37592623
927 9962.4228683
928 9962.49328142
929 9962.6106366
930 9962.72799179
931 9962.82187595
932 9962.89228906
933 9962.98617321
934 9963.19741255
935 9963.24435463
936 9963.2912967
937 9963.40865189
938 9963.47906501
939 9963.54947812
940 9963.61989124
941 9963.76071746
942 9963.92501473
943 9964.06584096
944 9964.15972511
945 9964.20666718
946 9964.30055133
947 9964.37096445
948 9964.48831964
949 9964.51179068
950 9964.6526169
951 9964.74650106
952 9964.76997209
953 9964.91079832
954 9965.05162455
955 9965.05162455
956 9965.12203766
957 9965.26286389
958 9965.38021908
959 9965.49757427
960 9965.61492946
961 9965.68534257
962 9965.87311087
963 9965.99046606
964 9965.99046606
965 9966.13129229
966 9966.22517644
967 9966.29558956
968 9966.45988682
969 9966.55377097
970 9966.62418409
971 9966.71806824
972 9966.81195239
973 9966.90583654
974 9967.02319173
975 9967.14054692
976 9967.187489
977 9967.21096004
978 9967.30484419
979 9967.39872834
980 9967.42219938
981 9967.46914145
982 9967.53955457
983 9967.5630256
984 9967.65690976
985 9967.77426495
986 9967.84467806
987 9967.96203325
988 9968.03244636
989 9968.10285948
990 9968.19674363
991 9968.26715674
992 9968.38451193
993 9968.47839608
994 9968.5488092
995 9968.61922231
996 9968.64269335
997 9968.71310646
998 9968.76004854
999 9968.80699061
1000 9968.85393269
1001 9969.01822996
1002 9969.06517203
1003 9969.20599826
1004 9969.29988241
1005 9969.34682449
1006 9969.4172376
1007 9969.4172376
1008 9969.51112175
1009 9969.65194798
1010 9969.69889005
1011 9969.69889005
1012 9969.86318732
1013 9969.93360043
1014 9969.93360043
1015 9969.95707147
1016 9970.07442666
1017 9970.0978977
1018 9970.16831081
1019 9970.21525289
1020 9970.285666
1021 9970.35607912
1022 9970.44996327
1023 9970.47343431
1024 9970.54384742
1025 9970.5907895
1026 9970.5907895
1027 9970.63773157
1028 9970.70814468
1029 9970.80202884
1030 9970.84897091
1031 9970.9663261
1032 9971.03673922
1033 9971.06021025
1034 9971.10715233
1035 9971.13062337
1036 9971.20103648
1037 9971.27144959
1038 9971.36533375
1039 9971.41227582
1040 9971.4592179
1041 9971.50615997
1042 9971.62351516
1043 9971.67045724
1044 9971.8347545
1045 9971.95210969
1046 9972.04599385
1047 9972.09293592
1048 9972.11640696
1049 9972.18682007
1050 9972.23376215
1051 9972.35111734
1052 9972.46847253
1053 9972.5154146
1054 9972.53888564
1055 9972.63276979
1056 9972.67971187
1057 9972.77359602
1058 9972.89095121
1059 9972.96136432
1060 9973.03177744
1061 9973.05524848
1062 9973.14913263
1063 9973.1960747
1064 9973.36037197
1065 9973.45425612
1066 9973.47772716
1067 9973.5011982
1068 9973.57161131
1069 9973.59508235
1070 9973.66549546
1071 9973.82979273
1072 9973.94714792
1073 9974.04103207
1074 9974.11144518
1075 9974.1818583
1076 9974.25227141
1077 9974.39309764
1078 9974.48698179
1079 9974.53392386
1080 9974.62780802
1081 9974.69822113
1082 9974.83904736
1083 9974.88598943
1084 9975.00334462
1085 9975.07375774
1086 9975.16764189
1087 9975.21458396
1088 9975.28499708
1089 9975.42582331
1090 9975.49623642
1091 9975.61359161
1092 9975.80135991
1093 9975.89524406
1094 9975.98912822
1095 9976.17689652
1096 9976.27078067
1097 9976.36466482
1098 9976.52896209
1099 9976.71673039
1100 9976.83408558
1101 9976.90449869
1102 9976.99838285
1103 9977.02185388
1104 9977.20962219
1105 9977.49127464
1106 9977.63210087
1107 9977.7729271
1108 9977.89028229
1109 9977.98416644
1110 9978.05457955
1111 9978.21887682
1112 9978.38317408
1113 9978.43011616
1114 9978.59441342
1115 9978.61788446
1116 9978.89953692
1117 9979.06383418
1118 9979.20466041
1119 9979.29854456
1120 9979.53325494
1121 9979.67408117
1122 9979.79143636
1123 9979.90879155
1124 9980.16697296
1125 9980.33127023
1126 9980.44862542
1127 9980.58945165
1128 9980.70680684
1129 9980.84763306
1130 9980.94151721
1131 9981.01193033
1132 9981.0588724
1133 9981.22316967
1134 9981.27011175
1135 9981.48135109
1136 9981.64564835
1137 9981.76300354
1138 9981.88035873
1139 9981.95077185
1140 9982.11506911
1141 9982.25589534
1142 9982.4201926
1143 9982.46713468
1144 9982.56101883
1145 9982.65490298
1146 9982.81920025
1147 9983.00696855
1148 9983.12432374
1149 9983.21820789
1150 9983.4059762
1151 9983.42944723
1152 9983.49986035
1153 9983.57027346
1154 9983.61721554
1155 9983.68762865
1156 9983.80498384
1157 9983.89886799
1158 9983.99275214
1159 9984.03969422
1160 9984.11010733
1161 9984.18052045
1162 9984.36828875
1163 9984.55605705
1164 9984.72035432
1165 9984.83770951
1166 9985.00200677
1167 9985.02547781
1168 9985.11936196
1169 9985.21324612
1170 9985.30713027
1171 9985.35407234
1172 9985.51836961
1173 9985.56531168
1174 9985.68266687
1175 9985.84696414
1176 9985.98779037
1177 9986.12861659
1178 9986.26944282
1179 9986.3163849
1180 9986.55109528
1181 9986.62150839
1182 9986.80927669
1183 9987.02051603
1184 9987.16134226
1185 9987.39605264
1186 9987.56034991
1187 9987.79506029
1188 9988.00629963
1189 9988.07671274
1190 9988.26448104
1191 9988.3583652
1192 9988.45224935
1193 9988.71043076
1194 9988.78084388
1195 9989.01555426
1196 9989.10943841
1197 9989.25026464
1198 9989.43803294
1199 9989.62580124
1200 9989.69621436
1201 9989.76662747
1202 9989.97786681
1203 9990.07175096
1204 9990.25951927
1205 9990.42381653
1206 9990.54117172
1207 9990.70546899
1208 9990.84629521
1209 9991.05753456
1210 9991.10447663
1211 9991.17488974
1212 9991.24530286
1213 9991.40960012
1214 9991.55042635
1215 9991.85554984
1216 9991.99637607
1217 9991.99637607
1218 9992.16067334
1219 9992.25455749
1220 9992.34844164
1221 9992.48926787
1222 9992.51273891
1223 9992.65356513
1224 9992.88827551
1225 9993.0056307
1226 9993.09951485
1227 9993.16992797
1228 9993.38116731
1229 9993.47505146
1230 9993.52199354
1231 9993.61587769
1232 9993.66281976
1233 9993.70976184
1234 9993.75670392
1235 9993.89753014
1236 9994.06182741
1237 9994.1791826
1238 9994.22612467
1239 9994.27306675
1240 9994.46083505
1241 9994.50777713
1242 9994.5547192
1243 9994.62513232
1244 9994.71901647
1245 9994.83637166
1246 9994.90678477
1247 9995.00066892
1248 9995.047611
1249 9995.09455308
1250 9995.16496619
1251 9995.2353793
1252 9995.25885034
1253 9995.32926346
1254 9995.35273449
1255 9995.39967657
1256 9995.51703176
1257 9995.51703176
1258 9995.56397383
1259 9995.7282711
1260 9995.77521318
1261 9995.9160394
1262 9995.93951044
1263 9996.03339459
1264 9996.15074978
1265 9996.2211629
1266 9996.24463393
1267 9996.33851809
1268 9996.38546016
1269 9996.47934431
1270 9996.57322846
1271 9996.64364158
1272 9996.66711262
1273 9996.76099677
1274 9996.85488092
1275 9996.901823
1276 9996.94876507
1277 9996.97223611
1278 9996.99570715
1279 9997.04264922
1280 9997.11306234
1281 9997.13653337
1282 9997.18347545
1283 9997.30083064
1284 9997.39471479
1285 9997.44165687
1286 9997.46512791
1287 9997.51206998
1288 9997.60595413
1289 9997.65289621
1290 9997.69983828
1291 9997.74678036
1292 9997.84066451
1293 9997.86413555
1294 9997.91107763
1295 9997.93454866
1296 9997.9580197
1297 9997.98149074
1298 9997.98149074
1299 9998.02843282
1300 9998.09884593
1301 9998.16925904
1302 9998.21620112
1303 9998.26314319
1304 9998.31008527
1305 9998.38049838
1306 9998.42744046
1307 9998.42744046
1308 9998.47438254
1309 9998.47438254
1310 9998.49785357
1311 9998.54479565
1312 9998.54479565
1313 9998.54479565
1314 9998.61520876
1315 9998.66215084
1316 9998.75603499
1317 9998.80297707
1318 9998.80297707
1319 9998.87339018
1320 9998.87339018
1321 9998.89686122
1322 9998.89686122
1323 9998.92033226
1324 9998.94380329
1325 9998.94380329
1326 9998.94380329
1327 9998.96727433
1328 9998.99074537
1329 9999.01421641
1330 9999.03768745
1331 9999.03768745
1332 9999.08462952
1333 9999.1315716
1334 9999.20198471
1335 9999.22545575
1336 9999.22545575
1337 9999.24892679
1338 9999.29586886
1339 9999.3193399
1340 9999.34281094
1341 9999.34281094
1342 9999.34281094
1343 9999.41322405
1344 9999.41322405
1345 9999.46016613
1346 9999.46016613
1347 9999.46016613
1348 9999.5071082
1349 9999.53057924
1350 9999.53057924
1351 9999.53057924
1352 9999.53057924
1353 9999.53057924
1354 9999.55405028
1355 9999.60099236
1356 9999.60099236
1357 9999.60099236
1358 9999.60099236
1359 9999.60099236
1360 9999.60099236
1361 9999.60099236
1362 9999.60099236
1363 9999.60099236
1364 9999.60099236
1365 9999.62446339
1366 9999.62446339
1367 9999.62446339
1368 9999.62446339
1369 9999.62446339
1370 9999.62446339
1371 9999.62446339
1372 9999.62446339
1373 9999.62446339
1374 9999.64793443
1375 9999.69487651
1376 9999.69487651
1377 9999.69487651
1378 9999.69487651
1379 9999.69487651
1380 9999.69487651
1381 9999.69487651
1382 9999.69487651
1383 9999.69487651
1384 9999.69487651
1386 9999.71834755
1387 9999.74181858
1388 9999.74181858
1389 9999.74181858
1390 9999.74181858
1391 9999.76528962
1392 9999.76528962
1393 9999.76528962
1394 9999.76528962
1395 9999.76528962
1396 9999.76528962
1397 9999.76528962
1398 9999.76528962
1399 9999.76528962
1400 9999.76528962
1406 9999.78876066
1407 9999.78876066
1408 9999.8122317
1409 9999.8122317
1410 9999.8122317
1411 9999.8122317
1412 9999.8122317
1413 9999.8122317
1414 9999.8122317
1415 9999.8122317
1416 9999.85917377
1417 9999.85917377
1418 9999.85917377
1419 9999.85917377
1420 9999.85917377
1421 9999.88264481
1422 9999.88264481
1423 9999.88264481
1424 9999.88264481
1425 9999.88264481
1426 9999.88264481
1427 9999.88264481
1428 9999.88264481
1429 9999.88264481
1430 9999.88264481
1437 9999.90611585
1438 9999.90611585
1439 9999.90611585
1440 9999.90611585
1441 9999.90611585
1442 9999.90611585
1443 9999.90611585
1444 9999.90611585
1445 9999.90611585
1446 9999.92958689
1447 9999.92958689
1448 9999.92958689
1449 9999.92958689
1450 9999.92958689
1451 9999.92958689
1452 9999.92958689
1453 9999.92958689
1454 9999.92958689
1455 9999.92958689
1488 9999.95305792
1489 9999.95305792
1490 9999.95305792
1491 9999.95305792
1492 9999.97652896
1493 9999.97652896
1494 9999.97652896
1495 9999.97652896
1496 9999.97652896
1497 9999.97652896
1498 9999.97652896
1499 9999.97652896
1500 9999.97652896
1501 10000.0
