0 0.0
1 0.0
2 0.0
3 0.0
4 0.0
5 0.0
6 0.0
7 0.0
8 0.0
53 0.0107273117357
54 0.386183222484
55 1.77000643639
56 4.33383394121
57 9.72967174426
58 24.8444539798
59 58.3887577773
60 105.363655868
61 145.537438318
62 217.346063077
63 278.159193306
64 330.068654795
65 369.083887578
66 394.057069298
67 410.802402918
68 423.396266896
69 433.769577344
70 441.600514911
71 447.854537653
72 452.735464493
73 457.316026604
74 461.660587857
75 465.972967174
76 470.296073804
77 474.479725381
78 479.821926625
79 485.367946793
80 491.868697704
81 497.103625831
82 501.877279554
83 505.68547522
84 509.64385325
85 512.583136666
86 514.889508689
87 516.841879425
88 518.504612744
89 520.060072946
90 521.712078953
91 522.859901309
92 524.136451405
93 525.295001073
94 526.056640206
95 526.914825145
96 527.805192019
97 528.845741257
98 529.961381678
99 530.712293499
100 531.27011371
101 531.763570049
102 532.192662519
103 532.6324823
104 533.050847458
105 533.651576915
106 534.617034971
107 535.056854752
108 535.700493456
109 536.118858614
110 536.440677966
111 537.08431667
112 537.449045269
113 537.82450118
114 538.350139455
115 538.81141386
116 539.111778588
117 539.508689123
118 540.098691268
119 540.527783737
120 540.91396696
121 541.418150611
122 542.179789745
123 542.76979189
124 543.724522635
125 544.74361725
126 545.719802617
127 546.728169921
128 547.564900236
129 548.326539369
130 549.270542802
131 549.828363012
132 550.815275692
133 552.048916542
134 552.896374169
135 553.82965029
136 554.355288565
137 554.69856254
138 554.870199528
139 555.320746621
140 555.610384038
141 555.878566831
142 556.307659301
143 556.6723879
144 557.112207681
145 557.680755203
146 558.152756919
147 558.678395194
148 559.386397769
149 560.062218408
150 560.802402918
151 561.360223128
152 562.35786312
153 563.1624115
154 563.870414074
155 564.825144819
156 565.522420082
157 565.940785239
158 566.305513838
159 566.702424372
160 566.981334478
161 567.281699206
162 567.539154688
163 567.850246728
164 568.054065651
165 568.375885003
166 568.526067368
167 568.72988629
168 568.955159837
169 569.180433383
170 569.512980047
171 569.974254452
172 570.328255739
173 570.714438962
174 571.19716799
175 571.465350783
176 571.830079382
177 572.194807981
178 572.420081528
179 572.795537438
180 573.460630766
181 573.900450547
182 574.254451834
183 574.715726239
184 575.101909461
185 575.455910749
186 575.917185153
187 576.475005364
188 577.075734821
189 577.665736966
190 578.212829865
191 578.770650075
192 579.264106415
193 579.811199313
194 580.733748123
195 581.345204892
196 581.688478867
197 582.621754988
198 583.479939927
199 584.198669813
200 585.314310234
201 586.290495602
202 586.944861618
203 587.363226775
204 587.803046557
205 588.31795752
206 588.650504184
207 588.929414289
208 589.197597082
209 589.412143317
210 589.658871487
211 589.851963098
212 590.045054709
213 590.195237074
214 590.409783308
215 590.60287492
216 590.795966531
217 590.956876207
218 591.203604377
219 591.385968676
220 591.579060287
221 591.71851534
222 591.857970393
223 591.997425445
224 592.179789745
225 592.501609097
226 593.01652006
227 593.402703283
228 594.057069298
229 595.076163913
230 596.738897232
231 598.723449903
232 601.673460631
233 605.985839949
234 612.518772796
235 618.815704784
236 625.209182579
237 631.924479725
238 637.88886505
239 646.10598584
240 652.617464064
241 658.678395194
242 665.887148681
243 675.71336623
244 681.441750697
245 688.553958378
246 699.324179361
247 712.432954302
248 727.515554602
249 739.787599228
250 753.690195237
251 764.202960738
252 773.653722377
253 779.113924051
254 783.61939498
255 787.202317099
256 790.377601373
257 793.166702424
258 795.322892083
259 797.790173782
260 799.549452907
261 801.85582493
262 804.054923836
263 806.436387041
264 808.420939713
265 810.491310877
266 812.046771079
267 813.462776228
268 814.481870843
269 815.425874276
270 816.294786526
271 816.831152113
272 817.442608882
273 817.796610169
274 818.204248015
275 818.493885432
276 818.84788672
277 819.180433383
278 819.437888865
279 819.738253594
280 820.038618322
281 820.317528427
282 820.596438533
283 820.843166702
284 821.164986054
285 821.486805407
286 821.81935207
287 822.108989487
288 822.355717657
289 822.580991204
290 822.892083244
291 823.170993349
292 823.428448831
293 823.621540442
294 823.889723235
295 824.136451405
296 824.393906887
297 824.586998498
298 824.790817421
299 824.930272474
300 825.230637202
301 825.488092684
302 825.71336623
303 825.89573053
304 826.078094829
305 826.324822999
306 826.475005364
307 826.603733104
308 826.764642781
309 826.957734392
310 827.097189444
311 827.322462991
312 827.50482729
313 827.730100837
314 827.880283201
315 828.019738254
316 828.234284488
317 828.438103411
318 828.599013087
319 828.684831581
320 828.899377816
321 828.995923622
322 829.113924051
323 829.264106415
324 829.339197597
325 829.489379961
326 829.671744261
327 829.843381249
328 829.961381678
329 830.090109419
330 830.208109848
331 830.3475649
332 830.454838018
333 830.605020382
334 830.862475864
335 830.980476293
336 831.15211328
337 831.280841021
338 831.420296074
339 831.624114997
340 831.763570049
341 831.956661661
342 832.149753272
343 832.32139026
344 832.493027247
345 832.621754988
346 832.804119288
347 833.007938211
348 833.329757563
349 833.447757992
350 833.694486162
351 833.812486591
352 834.016305514
353 834.155760566
354 834.284488307
355 834.413216048
356 834.563398412
357 834.702853465
358 834.810126582
359 834.9173997
360 835.013945505
361 835.207037116
362 835.367946793
363 835.496674533
364 835.689766145
365 835.818493885
366 835.936494315
367 836.043767432
368 836.161767861
369 836.322677537
370 836.515769148
371 836.580133019
372 836.77322463
373 836.934134306
374 837.052134735
375 837.170135164
376 837.298862905
377 837.406136022
378 837.491954516
379 837.663591504
380 837.770864621
381 837.856683115
382 837.974683544
383 838.146320532
384 838.253593649
385 838.403776014
386 838.586140313
387 838.661231495
388 838.81141386
389 838.897232354
390 839.015232783
391 839.133233212
392 839.272688264
393 839.347779446
394 839.530143746
395 839.744689981
396 839.894872345
397 840.034327398
398 840.227419009
399 840.366874061
400 840.581420296
401 840.688693413
402 840.785239219
403 841.031967389
404 841.139240506
405 841.300150182
406 841.525423729
407 841.65415147
408 841.825788457
409 842.008152757
410 842.158335121
411 842.287062862
412 842.490881785
413 842.748337267
414 842.909246943
415 843.059429307
416 843.177429736
417 843.26324823
418 843.413430594
419 843.542158335
420 843.681613388
421 843.874704999
422 843.981978116
423 844.089251234
424 844.25016091
425 844.443252521
426 844.582707573
427 844.818708432
428 844.968890796
429 845.065436602
430 845.247800901
431 845.451619824
432 845.569620253
433 845.719802617
434 845.891439605
435 846.095258528
436 846.288350139
437 846.374168633
438 846.620896803
439 846.728169921
440 846.931988844
441 847.049989273
442 847.253808196
443 847.479081742
444 847.661446042
445 847.833083029
446 847.983265394
447 848.176357005
448 848.315812057
449 848.465994422
450 848.605449474
451 848.798541086
452 848.916541515
453 849.227633555
454 849.377815919
455 849.495816348
456 849.656726024
457 849.924908818
458 850.139455053
459 850.321819352
460 850.482729028
461 850.632911392
462 850.868912251
463 851.05127655
464 851.180004291
465 851.340913967
466 851.469641708
467 851.60909676
468 851.812915683
469 851.984552671
470 852.091825788
471 852.252735464
472 852.402917829
473 852.585282128
474 852.703282557
475 852.853464922
476 852.982192663
477 853.175284274
478 853.346921262
479 853.518558249
480 853.690195237
481 853.851104913
482 853.979832654
483 854.097833083
484 854.269470071
485 854.430379747
486 854.580562111
487 854.69856254
488 854.870199528
489 855.041836516
490 855.19201888
491 855.331473933
492 855.492383609
493 855.674747908
494 855.792748337
495 855.99656726
496 856.189658871
497 856.318386612
498 856.457841665
499 856.661660588
500 856.73675177
501 856.940570693
502 857.101480369
503 857.208753486
504 857.262390045
505 857.423299721
506 857.562754774
507 857.734391761
508 857.852392191
509 858.002574555
510 858.163484231
511 858.302939283
512 858.442394336
513 858.614031324
514 858.774941
515 858.892941429
516 859.010941858
517 859.043123793
518 859.246942716
519 859.343488522
520 859.547307445
521 859.654580562
522 859.89058142
523 860.105127655
524 860.276764643
525 860.448401631
526 860.544947436
527 860.6951298
528 860.888221412
529 861.059858399
530 861.252950011
531 861.392405063
532 861.628405921
533 861.810770221
534 861.939497962
535 862.100407638
536 862.261317314
537 862.379317743
538 862.497318172
539 862.690409783
540 862.904956018
541 863.065865694
542 863.22677537
543 863.398412358
544 863.527140099
545 863.698777086
546 863.848959451
547 863.977687192
548 864.149324179
549 864.331688479
550 864.503325467
551 864.664235143
552 864.782235572
553 864.889508689
554 864.975327183
555 865.125509547
556 865.286419223
557 865.404419652
558 865.533147393
559 865.769148251
560 865.919330616
561 866.080240292
562 866.262604591
563 866.466423514
564 866.670242437
565 866.87406136
566 867.024243725
567 867.163698777
568 867.335335765
569 867.506972753
570 867.67860974
571 867.839519416
572 868.032611028
573 868.268611886
574 868.472430809
575 868.60115855
576 868.783522849
577 869.019523707
578 869.126796825
579 869.330615748
580 869.459343489
581 869.706071658
582 869.974254452
583 870.14589144
584 870.263891869
585 870.510620039
586 870.639347779
587 870.907530573
588 871.036258314
589 871.250804548
590 871.465350783
591 871.679897018
592 871.905170564
593 872.06608024
594 872.291353787
595 872.505900021
596 872.731173568
597 872.956447114
598 873.181720661
599 873.396266896
600 873.739540871
601 873.986269041
602 874.190087964
603 874.426088822
604 874.629907745
605 875.016090968
606 875.284273761
607 875.563183866
608 875.917185153
609 876.185367947
610 876.571551169
611 876.871915898
612 877.376099549
613 877.805192019
614 878.127011371
615 878.727740828
616 879.285561038
617 880.047200172
618 880.798111993
619 881.656296932
620 882.707573482
621 883.705213474
622 884.842308517
623 886.129585926
624 887.567045698
625 889.143960523
626 890.956876207
627 893.027247372
628 895.290710148
629 898.047629264
630 900.590002145
631 903.733104484
632 906.929843381
633 910.276764643
634 913.816777516
635 917.539154688
636 921.81935207
637 926.292641064
638 931.677751555
639 937.288135593
640 942.834155761
641 949.527998284
642 956.661660588
643 964.567689337
644 973.246084531
645 981.849388543
646 990.892512336
647 1001.04054924
648 1011.16713152
649 1022.38789959
650 1034.19866981
651 1046.33125939
652 1060.52349281
653 1074.14717872
654 1089.04741472
655 1104.22656082
656 1120.06007295
657 1137.50268183
658 1154.99892727
659 1173.78245012
660 1192.14760781
661 1211.34949582
662 1231.70993349
663 1252.9285561
664 1276.6037331
665 1299.31345205
666 1321.7549882
667 1344.86161768
668 1369.85625402
669 1396.29907745
670 1422.60244583
671 1447.10362583
672 1473.99699635
673 1501.50182364
674 1528.85646857
675 1556.66166059
676 1583.84466853
677 1611.91804334
678 1641.51469642
679 1671.56189659
680 1700.43981978
681 1729.38210684
682 1758.58184939
683 1789.06886934
684 1820.04934563
685 1850.63291139
686 1880.20810985
687 1910.18021884
688 1941.17142244
689 1971.77644282
690 2001.823643
691 2031.58120575
692 2061.68204248
693 2092.97361081
694 2125.27354645
695 2156.18965887
696 2186.84831581
697 2216.99206179
698 2248.5410856
699 2280.73374812
700 2312.89422871
701 2344.28234284
702 2375.17700064
703 2405.86783952
704 2437.76013731
705 2469.23406994
706 2500.53636559
707 2530.35829221
708 2561.32804119
709 2592.93070157
710 2625.46663806
711 2656.98347994
712 2687.77086462
713 2718.41879425
714 2751.14782236
715 2782.18193521
716 2814.00986913
717 2845.94507616
718 2878.23428449
719 2910.25531002
720 2942.5981549
721 2975.60609311
722 3009.18257885
723 3040.93542158
724 3074.27590646
725 3107.29457198
726 3141.47178717
727 3175.78845741
728 3210.00858185
729 3245.53743832
730 3282.20338983
731 3318.52606737
732 3356.41493242
733 3392.21197168
734 3430.8088393
735 3469.89916327
736 3508.39948509
737 3548.55181292
738 3587.11649861
739 3627.16155331
740 3667.27097189
741 3708.15275692
742 3751.88800687
743 3792.21197168
744 3835.52885647
745 3879.21046986
746 3924.59772581
747 3971.12207681
748 4015.96223986
749 4061.14567689
750 4107.88457413
751 4157.71293714
752 4207.61639133
753 4257.23020811
754 4305.63183866
755 4357.72366445
756 4409.7833083
757 4462.96931989
758 4513.88114139
759 4562.69040978
760 4615.47951083
761 4670.02789101
762 4724.57627119
763 4777.04355289
764 4827.67646428
765 4880.8088393
766 4933.79103197
767 4987.97468354
768 5039.75541729
769 5091.87942502
770 5143.78888651
771 5196.524351
772 5248.94872345
773 5299.51727097
774 5348.40163055
775 5395.55889294
776 5444.90452693
777 5493.25252092
778 5541.24651362
779 5586.78395194
780 5630.1652006
781 5673.73954087
782 5716.4556962
783 5758.57112208
784 5799.52799828
785 5836.91267968
786 5876.12100408
787 5913.97768719
788 5951.28727741
789 5986.42995065
790 6019.24479725
791 6052.37073589
792 6086.5586784
793 6116.84187943
794 6145.58034756
795 6170.68225703
796 6195.7948938
797 6219.63098048
798 6241.56833298
799 6261.7893156
800 6280.18665522
801 6297.4361725
802 6314.58914396
803 6329.47865265
804 6343.63870414
805 6357.5842094
806 6370.61789316
807 6382.39648144
808 6393.98197812
809 6404.19437889
810 6413.02295645
811 6421.16498605
812 6429.53228921
813 6437.14868054
814 6444.19652435
815 6450.52563828
816 6456.60802403
817 6462.35786312
818 6467.51770006
819 6472.3986269
820 6476.82900665
821 6480.98047629
822 6485.18558249
823 6488.83286848
824 6492.20124437
825 6495.41943789
826 6498.76635915
827 6502.14546235
828 6505.35292856
829 6508.4102124
830 6511.13494958
831 6513.85968676
832 6516.69169706
833 6519.53443467
834 6522.45226346
835 6525.30572838
836 6527.73010084
837 6530.24029178
838 6532.61102768
839 6535.22849174
840 6537.94250161
841 6540.18450976
842 6542.39433598
843 6544.87234499
844 6546.83544304
845 6548.97017807
846 6550.9118215
847 6552.58528213
848 6554.50547093
849 6556.39347779
850 6558.37803047
851 6560.27676464
852 6562.22913538
853 6563.92405063
854 6565.57605664
855 6567.28169921
856 6569.22334263
857 6570.72516627
858 6572.4844454
859 6573.83608668
860 6575.55245655
861 6577.0542802
862 6578.59901309
863 6580.21883716
864 6581.95666166
865 6583.56575842
866 6584.98176357
867 6586.42995065
868 6588.12486591
869 6589.60523493
870 6591.10705857
871 6592.52306372
872 6593.92834156
873 6595.20489165
874 6597.00708003
875 6598.51963098
876 6599.89272688
877 6601.57691483
878 6602.82128299
879 6604.21583351
880 6605.96438533
881 6607.54130015
882 6608.85003218
883 6610.22312808
884 6611.47822356
885 6612.91568333
886 6614.34241579
887 6615.88714868
888 6617.29242652
889 6618.65479511
890 6620.08152757
891 6621.17571337
892 6622.85990131
893 6624.24372452
894 6625.83136666
895 6627.32246299
896 6628.974469
897 6630.29392834
898 6631.9030251
899 6633.31903025
900 6634.83158121
901 6636.35485947
902 6637.95322892
903 6639.5837803
904 6640.92469427
905 6642.36215404
906 6643.90688693
907 6645.36580133
908 6646.84617035
909 6648.29435743
910 6649.78545377
911 6651.22291354
912 6652.53164557
913 6654.21583351
914 6655.69620253
915 6657.23020811
916 6658.75348638
917 6660.15876421
918 6661.58549667
919 6663.01222914
920 6664.40677966
921 6665.83351212
922 6667.33533576
923 6668.76206823
924 6670.27461918
925 6671.52971465
926 6672.83844669
927 6674.30808839
928 6675.75627548
929 6677.20446256
930 6678.73846814
931 6680.36901952
932 6681.73138811
933 6683.16884789
934 6684.58485304
935 6685.93649431
936 6687.47049989
937 6688.83286848
938 6690.28105557
939 6691.67560609
940 6693.11306587
941 6694.64707144
942 6696.11671315
943 6697.42544518
944 6698.8092684
945 6700.25745548
946 6701.67346063
947 6703.06801116
948 6704.58056211
949 6706.06093113
950 6707.35893585
951 6708.86075949
952 6710.34112851
953 6711.83222484
954 6713.13022956
955 6714.59987127
956 6716.14460416
957 6717.77515555
958 6719.45934349
959 6720.86462133
960 6722.31280841
961 6723.84681399
962 6725.4130015
963 6727.01137095
964 6728.68483158
965 6730.47629264
966 6732.09611671
967 6733.81248659
968 6735.38940142
969 6736.96631624
970 6738.62904956
971 6740.25960094
972 6741.84724308
973 6743.47779446
974 6745.26925552
975 6746.91053422
976 6748.42308517
977 6750.1823643
978 6751.70564257
979 6753.0143746
980 6754.76292641
981 6756.31838661
982 6757.99184724
983 6759.28985196
984 6760.77022098
985 6762.0682257
986 6763.61295859
987 6765.12550955
988 6766.58442394
989 6768.16133877
990 6769.39497962
991 6770.78953014
992 6772.42008153
993 6773.71808625
994 6775.15554602
995 6776.71100622
996 6778.03046557
997 6779.30701566
998 6780.58356576
999 6782.10684402
1000 6783.60866767
1001 6784.81012658
1002 6786.06522206
1003 6787.32031753
1004 6788.80068655
1005 6790.05578202
1006 6791.12851319
1007 6792.27633555
1008 6793.57434027
1009 6794.97961811
1010 6796.12744046
1011 6797.20017164
1012 6798.40163055
1013 6799.74254452
1014 6801.02982193
1015 6802.20982622
1016 6803.42201244
1017 6804.43037975
1018 6805.54602017
1019 6806.60802403
1020 6807.62711864
1021 6808.74275906
1022 6809.8691268
1023 6811.10276765
1024 6812.14331688
1025 6813.26968462
1026 6814.54623471
1027 6815.68332976
1028 6816.723879
1029 6817.95751985
1030 6819.12679682
1031 6820.28534649
1032 6821.2937138
1033 6822.55953658
1034 6823.73954087
1035 6824.98390903
1036 6826.07809483
1037 6827.20446256
1038 6828.30937567
1039 6829.51083458
1040 6830.88393049
1041 6832.2677537
1042 6833.53357649
1043 6834.5526711
1044 6835.81849389
1045 6836.93413431
1046 6838.16777516
1047 6839.3048702
1048 6840.37760137
1049 6841.34305943
1050 6842.53379103
1051 6843.77815919
1052 6844.97961811
1053 6846.22398627
1054 6847.40399056
1055 6848.66981334
1056 6849.93563613
1057 6850.98691268
1058 6852.32782665
1059 6853.6580133
1060 6854.85947222
1061 6856.20038618
1062 6857.75584638
1063 6858.89294143
1064 6860.10512766
1065 6861.28513195
1066 6862.40077237
1067 6863.37695773
1068 6864.61059858
1069 6865.87642137
1070 6866.99206179
1071 6868.44024887
1072 6869.60952585
1073 6870.89680326
1074 6871.88371594
1075 6873.33190303
1076 6874.51190732
1077 6875.67045698
1078 6876.8719159
1079 6877.94464707
1080 6879.27483373
1081 6880.32611028
1082 6881.64556962
1083 6882.67539155
1084 6883.98412358
1085 6885.34649217
1086 6886.45140528
1087 6887.69577344
1088 6889.10105128
1089 6890.3132375
1090 6891.31087749
1091 6892.45869985
1092 6893.46706715
1093 6894.73288994
1094 6896.1596224
1095 6897.18944433
1096 6898.21926625
1097 6899.3563613
1098 6900.49345634
1099 6901.48036902
1100 6902.43509976
1101 6903.50783094
1102 6904.52692555
1103 6905.58892941
1104 6906.60802403
1105 6907.74511907
1106 6908.78566831
1107 6909.90130873
1108 6910.96331259
1109 6912.05749839
1110 6913.03368376
1111 6913.83823214
1112 6914.70714439
1113 6915.58678395
1114 6916.71315168
1115 6917.63570049
1116 6918.65479511
1117 6919.59879854
1118 6920.43552886
1119 6921.26153186
1120 6922.3020811
1121 6923.18172066
1122 6924.12572409
1123 6925.10190946
1124 6925.99227634
1125 6926.92555246
1126 6927.6013731
1127 6928.58828578
1128 6929.4357434
1129 6930.20810985
1130 6931.09847672
1131 6931.84938854
1132 6932.71830079
1133 6933.40484874
1134 6934.06994207
1135 6934.87449045
1136 6935.45376529
1137 6936.1081313
1138 6937.07358936
1139 6937.83522849
1140 6938.55395838
1141 6939.1225059
1142 6939.92705428
1143 6940.69942073
1144 6941.48251448
1145 6942.14760781
1146 6942.88779232
1147 6943.61724952
1148 6944.38961596
1149 6945.10834585
1150 6945.7948938
1151 6946.51362369
1152 6947.17871701
1153 6947.68290067
1154 6948.50890367
1155 6949.30272474
1156 6949.84981764
1157 6950.51491096
1158 6951.16927698
1159 6951.70564257
1160 6952.33855396
1161 6952.91782879
1162 6953.58292212
1163 6954.21583351
1164 6954.81656297
1165 6955.36365587
1166 6956.10384038
1167 6956.81184295
1168 6957.48766359
1169 6958.17421154
1170 6958.69984982
1171 6959.15039691
1172 6959.70821712
1173 6960.3304012
1174 6961.00622184
1175 6961.80004291
1176 6962.47586355
1177 6963.17313881
1178 6963.95623257
1179 6964.72859901
1180 6965.45805621
1181 6966.10169492
1182 6966.79897018
1183 6967.49624544
1184 6968.25788457
1185 6969.16970607
1186 6970.03861832
1187 6970.72516627
1188 6971.49753272
1189 6972.36644497
1190 6973.25681184
1191 6974.11499678
1192 6974.91954516
1193 6975.97082171
1194 6976.65736966
1195 6977.53700923
1196 6978.40592148
1197 6979.14610599
1198 6980.12229135
1199 6981.00193092
1200 6981.73138811
1201 6982.80411929
1202 6983.63012229
1203 6984.48830723
1204 6985.32503755
1205 6986.16176786
1206 6987.30959022
1207 6988.06050204
1208 6988.76850461
1209 6989.63741686
1210 6990.43123793
1211 6991.21433169
1212 6992.02960738
1213 6992.95215619
1214 6993.6923407
1215 6994.58270757
1216 6995.44089251
1217 6996.36344132
1218 6997.27526282
1219 6998.04762926
1220 6998.73417722
1221 6999.29199743
1222 7000.13945505
1223 7000.87963956
1224 7001.65200601
1225 7002.60673675
1226 7003.2932847
1227 7004.17292427
1228 7004.87019953
1229 7005.55674748
1230 7006.3076593
1231 7007.14438962
1232 7007.85239219
1233 7008.65694057
1234 7009.38639777
1235 7010.11585497
1236 7010.78094829
1237 7011.59622399
1238 7012.41149968
1239 7013.02295645
1240 7013.84895945
1241 7014.57841665
1242 7015.34005578
1243 7016.15533147
1244 7016.80969749
1245 7017.57133662
1246 7018.33297576
1247 7019.0087964
1248 7019.66316241
1249 7020.45698348
1250 7021.13280412
1251 7021.7549882
1252 7022.4844454
1253 7023.19244797
1254 7023.94335979
1255 7024.49045269
1256 7025.17700064
1257 7025.6811843
1258 7026.13173139
1259 7026.75391547
1260 7027.40828148
1261 7027.95537438
1262 7028.62046771
1263 7029.17828792
1264 7029.76829007
1265 7030.35829221
1266 7030.92683973
1267 7031.49538726
1268 7031.95666166
1269 7032.54666381
1270 7033.0937567
1271 7033.65157691
1272 7034.22012444
1273 7034.88521776
1274 7035.53958378
1275 7036.09740399
1276 7036.67667882
1277 7037.22377172
1278 7037.86741043
1279 7038.3930487
1280 7038.97232354
1281 7039.50868912
1282 7040.02360009
1283 7040.52778374
1284 7041.13924051
1285 7041.60051491
1286 7042.15833512
1287 7042.82342845
1288 7043.40270328
1289 7043.88543231
1290 7044.45397983
1291 7045.00107273
1292 7045.50525638
1293 7045.94507616
1294 7046.4385325
1295 7047.01780734
1296 7047.55417292
1297 7048.00472002
1298 7048.60544947
1299 7049.25981549
1300 7049.92490882
1301 7050.4612744
1302 7051.0941858
1303 7051.61982407
1304 7052.08109848
1305 7052.77837374
1306 7053.44346707
1307 7054.09783308
1308 7054.91310877
1309 7055.82493027
1310 7056.56511478
1311 7057.2194808
1312 7058.01330187
1313 7058.66766788
1314 7059.18257885
1315 7059.93349067
1316 7060.50203819
1317 7061.15640421
1318 7061.84295216
1319 7062.48659086
1320 7063.28041193
1321 7063.8060502
1322 7064.39605235
1323 7065.03969105
1324 7065.76914825
1325 7066.36987771
1326 7067.12078953
1327 7067.78588286
1328 7068.62261317
1329 7069.37352499
1330 7070.03861832
1331 7070.89680326
1332 7071.60480584
1333 7072.42008153
1334 7073.06372023
1335 7073.79317743
1336 7074.55481656
1337 7075.20918258
1338 7075.85282128
1339 7076.55009655
1340 7077.3331903
1341 7078.13773868
1342 7078.83501395
1343 7079.53228921
1344 7080.36901952
1345 7081.15211328
1346 7081.82793392
1347 7082.47157262
1348 7083.37266681
1349 7084.16648788
1350 7085.08903669
1351 7085.8292212
1352 7086.50504184
1353 7087.54559107
1354 7088.33941214
1355 7088.97232354
1356 7089.72323536
1357 7090.48487449
1358 7091.41815061
1359 7092.21197168
1360 7093.00579275
1361 7093.84252306
1362 7094.6041622
1363 7095.45161982
1364 7096.27762283
1365 7097.03926196
1366 7097.87599228
1367 7098.68054066
1368 7099.6352714
1369 7100.34327398
1370 7101.34091397
1371 7102.19909891
1372 7102.97146535
1373 7104.01201459
1374 7104.91310877
1375 7105.64256597
1376 7106.54366016
1377 7107.41257241
1378 7108.20639348
1379 7108.93585068
1380 7109.98712723
1381 7110.74876636
1382 7111.61767861
1383 7112.4329543
1384 7113.23750268
1385 7114.04205106
1386 7114.8036902
1387 7115.61896589
1388 7116.60587857
1389 7117.63570049
1390 7118.62261317
1391 7119.68461703
1392 7120.59643853
1393 7121.56189659
1394 7122.4844454
1395 7123.50354001
1396 7124.41536151
1397 7125.40227419
1398 7126.33555031
1399 7127.06500751
1400 7127.77301008
1401 7128.78137739
1402 7129.67174426
1403 7130.73374812
1404 7131.69920618
1405 7132.62175499
1406 7133.65157691
1407 7134.60630766
1408 7135.70049346
1409 7136.56940571
1410 7137.43831796
1411 7138.45741257
1412 7139.39068869
1413 7140.10941858
1414 7141.11778588
1415 7141.93306157
1416 7142.79124651
1417 7143.76743188
1418 7144.76507187
1419 7145.83780305
1420 7146.68526067
1421 7147.63999142
1422 7148.4445398
1423 7149.22763356
1424 7150.07509118
1425 7150.89036687
1426 7151.86655224
1427 7152.47800901
1428 7153.2932847
1429 7154.00128728
1430 7154.89165415
1431 7155.85711221
1432 7156.56511478
1433 7157.30529929
1434 7158.2278481
1435 7158.97875992
1436 7159.6867625
1437 7160.49131088
1438 7161.45676893
1439 7162.14331688
1440 7163.00150182
1441 7163.69877709
1442 7164.47114353
1443 7165.32932847
1444 7166.04805836
1445 7166.75606093
1446 7167.43188157
1447 7168.11842952
1448 7168.95515984
1449 7169.53443467
1450 7170.24243725
1451 7171.01480369
1452 7171.69062433
1453 7172.45226346
1454 7173.20317528
1455 7173.92190517
1456 7174.74790817
1457 7175.54172924
1458 7176.38918687
1459 7177.10791676
1460 7177.67646428
1461 7178.48101266
1462 7179.09246943
1463 7179.84338125
1464 7180.51920189
1465 7181.21647715
1466 7181.82793392
1467 7182.42866338
1468 7182.97575628
1469 7183.52284917
1470 7184.11285132
1471 7184.64921691
1472 7185.33576486
1473 7185.91503969
1474 7186.66595151
1475 7187.36322678
1476 7188.03904741
1477 7188.72559537
1478 7189.28341558
1479 7189.96996353
1480 7190.57069298
1481 7191.11778588
1482 7191.78287921
1483 7192.40506329
1484 7192.97361081
1485 7193.61724952
1486 7194.3359794
1487 7194.87234499
1488 7195.50525638
1489 7196.21325896
1490 7196.81398841
1491 7197.38253594
1492 7197.98326539
1493 7198.59472216
1494 7199.19545162
1495 7199.80690839
1496 7200.37545591
1497 7201.01909461
1498 7201.5554602
1499 7202.14546235
1500 7202.71400987
1501 10000.0
