0 0.0
1 0.0
2 0.0
3 0.0
4 0.0
5 0.0
6 0.0
7 0.0
8 0.0
53 0.00978796334995
54 0.146819450249
55 0.783037067996
56 1.90865285324
57 5.02122519852
58 13.6150570198
59 32.6330698087
60 56.7114596496
61 76.3167502396
62 114.930265655
63 144.352883485
64 169.498161331
65 188.291050963
66 201.211162585
67 209.863722186
68 216.265050217
69 221.423306903
70 225.641919106
71 228.705551635
72 231.602788787
73 234.177023148
74 236.526134352
75 239.012277042
76 241.22435676
77 243.133009613
78 245.354877293
79 247.772504241
80 250.180343225
81 252.803517403
82 255.064536936
83 257.247252763
84 258.823114863
85 260.173853805
86 261.21137792
87 261.886747391
88 262.826391873
89 263.589853014
90 264.216282669
91 264.872076213
92 265.400626234
93 265.890024401
94 266.516454056
95 267.064580003
96 267.691009658
97 268.082528192
98 268.513198579
99 269.031960637
100 269.472418987
101 269.922665302
102 270.363123652
103 270.686126443
104 271.185312574
105 272.027077422
106 272.761174673
107 273.348452474
108 274.082549725
109 274.836222903
110 275.599684045
111 276.979786877
112 277.939007285
113 279.123350851
114 280.082571259
115 281.149459264
116 282.53935006
117 284.232667719
118 286.229412243
119 288.744918824
120 291.945582839
121 296.173983006
122 301.665030445
123 308.066358476
124 316.630826408
125 327.397586092
126 341.061582929
127 357.730484514
128 377.26725936
129 399.427208385
130 428.262548414
131 460.318128385
132 497.884331722
133 539.561479666
134 585.222328694
135 640.220894757
136 700.074290642
137 766.250710851
138 837.409204405
139 912.796098126
140 995.905694931
141 1086.84566242
142 1181.55399579
143 1280.12857469
144 1377.86138874
145 1481.33973727
146 1587.17698497
147 1696.51832356
148 1804.99832136
149 1908.56476157
150 2012.5520842
151 2117.47905131
152 2221.76001284
153 2322.17472885
154 2414.86674177
155 2505.06282404
156 2595.17081464
157 2678.94599295
158 2761.46831196
159 2834.82909727
160 2904.40194076
161 2971.18521469
162 3036.10877559
163 3096.56902521
164 3151.51865145
165 3201.81899511
166 3249.40807292
167 3293.96288209
168 3336.45243099
169 3374.61570009
170 3408.50162921
171 3441.21300272
172 3471.56547707
173 3499.39265687
174 3524.35196342
175 3547.22643377
176 3568.17267533
177 3588.60015485
178 3607.37346855
179 3624.16961366
180 3638.73410312
181 3652.66237497
182 3665.72930604
183 3677.92510838
184 3689.41617735
185 3698.79304624
186 3708.1503392
187 3717.36081271
188 3726.11125195
189 3734.20589764
190 3741.15535162
191 3747.36092038
192 3753.25327432
193 3758.94008102
194 3764.38218865
195 3769.23701847
196 3773.84714921
197 3778.37897624
198 3782.94016716
199 3787.22729511
200 3790.98587303
201 3794.61720744
202 3798.09193442
203 3801.48835771
204 3804.76732543
205 3807.95820148
206 3810.81628678
207 3813.54712855
208 3816.31712218
209 3818.73474913
210 3821.33834738
211 3823.91258174
212 3826.09529757
213 3828.50313655
214 3830.57818478
215 3832.62386912
216 3834.31718678
217 3836.40202298
218 3838.3987675
219 3840.30742035
220 3842.04967783
221 3843.93875476
222 3845.81804372
223 3847.8539401
224 3849.59619757
225 3851.36781894
226 3853.47223106
227 3855.73325059
228 3858.40536459
229 3861.66475638
230 3866.10849174
231 3870.32710395
232 3876.31733752
233 3885.31247584
234 3899.79866159
235 3911.73997688
236 3922.86889121
237 3934.05653332
238 3944.80371708
239 3959.21159913
240 3970.09581437
241 3979.9425055
242 3992.45152266
243 4010.32434374
244 4020.25912654
245 4033.3554215
246 4055.72091776
247 4081.86456787
248 4109.18277358
249 4130.6477772
250 4154.69680315
251 4172.23683348
252 4187.52563223
253 4197.62681041
254 4207.21901449
255 4213.79652586
256 4221.10813448
257 4226.68727359
258 4232.06086547
259 4237.53233698
260 4242.47525848
261 4248.20121704
262 4253.59438484
263 4258.8407332
264 4264.01856581
265 4269.13767064
266 4273.57161804
267 4277.97620155
268 4281.65647577
269 4284.84735182
270 4288.21441121
271 4291.12143632
272 4293.92079384
273 4296.56354395
274 4299.0594746
275 4301.39879784
276 4303.83600072
277 4306.16553599
278 4308.39719164
279 4310.63863524
280 4312.71368347
281 4315.13131042
282 4317.3531781
283 4319.63377356
284 4321.90458106
285 4324.30263208
286 4326.61259143
287 4328.74636744
288 4331.04653883
289 4333.30755836
290 4335.38260659
291 4337.69256594
292 4339.85570584
293 4341.96990593
294 4343.99601434
295 4346.17873017
296 4348.49847748
297 4350.4169183
298 4352.66814987
299 4354.84107773
300 4357.07273338
301 4359.15756957
302 4361.48710485
303 4363.93409569
304 4366.23426707
305 4368.40719494
306 4370.59969873
307 4372.90965808
308 4375.16088965
309 4377.84279161
310 4380.28978244
311 4382.55080198
312 4385.14461226
313 4387.30775216
314 4389.8624106
315 4392.24088569
316 4394.54105708
317 4396.79228865
318 4398.98479244
319 4401.16750827
320 4403.54598336
321 4405.92445846
322 4408.18547799
323 4410.68140864
324 4412.98158003
325 4415.48729865
326 4417.60149873
327 4419.81357845
328 4422.16268965
329 4424.54116475
330 4427.15455096
331 4429.25896308
332 4431.33401131
333 4433.51672714
334 4435.93435409
335 4438.01919028
336 4440.06487462
337 4442.13992285
338 4444.24433497
339 4446.46620265
340 4448.78594997
341 4451.03718154
342 4453.13180569
343 4455.06003447
344 4457.27211419
345 4459.31779853
346 4461.15793564
347 4463.10574035
348 4465.05354505
349 4467.05028958
350 4469.01767021
351 4471.23953789
352 4473.09925093
353 4474.99811582
354 4477.07316405
355 4478.91330116
356 4480.73386234
357 4482.38802815
358 4484.296681
359 4486.07809033
360 4488.13356263
361 4490.05200345
362 4491.79426093
363 4493.48757859
364 4495.513687
365 4497.383188
366 4499.15480936
367 4500.98515851
368 4502.98190303
369 4504.7535244
370 4505.95744389
371 4507.63118563
372 4509.34407921
373 4510.78290982
374 4512.61325897
375 4514.12060533
376 4515.83349891
377 4517.19402582
378 4518.76988792
379 4520.36532594
380 4521.88246026
381 4523.22341124
382 4524.83842519
383 4526.02276876
384 4527.35393178
385 4528.90042999
386 4530.43714023
387 4531.54318009
388 4533.00158663
389 4534.32296168
390 4535.63454877
391 4536.52525343
392 4537.97387201
393 4539.04076002
394 4540.28383136
395 4541.22347584
396 4542.2218481
397 4543.4257676
398 4544.43392782
399 4545.44208805
400 4546.53833994
401 4547.61501591
402 4548.76999559
403 4549.67048821
404 4550.60034473
405 4551.5693531
406 4552.61666518
407 4553.69334115
408 4554.65256156
409 4555.87605698
410 4556.93315702
411 4557.94131724
412 4558.66562653
413 4559.60527101
414 4560.56449142
415 4561.52371183
416 4562.43399242
417 4563.54982024
418 4564.51882862
419 4565.63465644
420 4566.76027222
421 4567.58246114
422 4568.58083341
423 4569.55962974
424 4570.57757793
425 4571.67382982
426 4572.77986968
427 4573.79781787
428 4574.93322162
429 4576.00010963
430 4577.06699763
431 4578.19261342
432 4579.15183382
433 4580.11105423
434 4581.16815427
435 4582.21546635
436 4583.26277843
437 4584.48627385
438 4585.76849705
439 4586.66898968
440 4587.82396935
441 4588.98873699
442 4590.19265648
443 4591.25954449
444 4592.43410009
445 4593.5792918
446 4595.09642612
447 4596.3297095
448 4597.59235678
449 4599.01161146
450 4600.50916985
451 4601.72287731
452 4603.16170792
453 4604.55159872
454 4606.078521
455 4607.62501921
456 4609.38685261
457 4610.60056007
458 4612.02960272
459 4613.52716111
460 4615.04429543
461 4616.57121771
462 4618.05898814
463 4619.68379006
464 4621.18134845
465 4622.66911888
466 4624.19604116
467 4625.72296344
468 4627.24988573
469 4628.71808023
470 4630.382034
471 4631.82086461
472 4633.44566653
473 4635.27601567
474 4637.01827315
475 4638.58434728
476 4640.34618069
477 4642.25483354
478 4644.23200214
479 4646.1112911
480 4648.35273471
481 4650.58439035
482 4652.73774229
483 4654.79321459
484 4657.0346582
485 4659.04119069
486 4661.2532704
487 4663.56322975
488 4666.05916041
489 4668.72148644
490 4671.39360043
491 4674.01677461
492 4676.58122101
493 4679.4686702
494 4682.24845179
495 4685.32187228
496 4688.48338444
497 4691.65468457
498 4695.45241435
499 4698.87820152
500 4702.91084242
501 4706.8162398
502 4710.87824459
503 4714.76406604
504 4719.51122826
505 4723.84729603
506 4728.4476388
507 4733.83101864
508 4739.00885126
509 4745.21442002
510 4750.47055634
511 4757.29276679
512 4763.37109203
513 4770.71206455
514 4776.56526663
515 4784.18030212
516 4791.9030052
517 4799.40058512
518 4808.60127067
519 4816.15757838
520 4825.90638988
521 4834.51000966
522 4844.67970358
523 4854.27190766
524 4865.26379051
525 4875.45306035
526 4885.62275427
527 4898.0338918
528 4909.78923579
529 4922.49401221
530 4934.87578585
531 4949.52836699
532 4962.46805453
533 4978.43222276
534 4992.27240294
535 5009.49921843
536 5025.18932368
537 5041.76034563
538 5060.87623806
539 5077.79962669
540 5097.45385709
541 5115.50286151
542 5137.40832349
543 5155.75096681
544 5178.64501308
545 5199.26825186
546 5221.4771407
547 5244.4984305
548 5266.29622488
549 5292.35178332
550 5315.25561756
551 5342.53467141
552 5367.42546221
553 5396.72083652
554 5422.74703107
555 5454.18596935
556 5480.96583707
557 5508.52874186
558 5541.89590892
559 5569.59584521
560 5604.20608361
561 5634.66622556
562 5670.16716863
563 5701.18522448
564 5738.72206393
565 5771.64877264
566 5810.99638531
567 5843.99160976
568 5877.46644441
569 5917.9298849
570 5953.57764742
571 5994.38366663
572 6030.06079304
573 6073.21592345
574 6111.22258514
575 6154.99435724
576 6194.01896712
577 6236.51830398
578 6278.01926858
579 6316.98515068
580 6364.68189609
581 6404.73424211
582 6452.41141159
583 6493.22721876
584 6543.32201519
585 6585.8605039
586 6634.18367896
587 6676.2621334
588 6718.90828972
589 6768.61156761
590 6811.37517949
591 6862.09640557
592 6905.59411469
593 6956.88304265
594 7000.00880917
595 7052.03183437
596 7095.59805924
597 7147.44490111
598 7192.0192862
599 7235.15484069
600 7284.91684636
601 7328.28731196
602 7378.14719727
603 7420.38225912
604 7471.37754817
605 7515.37444343
606 7564.05977313
607 7607.47917855
608 7652.74850905
609 7697.80250435
610 7740.07671806
611 7788.52713664
612 7829.28421603
613 7877.51929942
614 7917.22906673
615 7965.15093529
616 8005.4479804
617 8051.45140815
618 8090.38792635
619 8128.95250195
620 8172.27402774
621 8208.8712227
622 8252.22211238
623 8288.84867124
624 8330.78030623
625 8367.38728916
626 8408.63376671
627 8442.53927176
628 8482.91462057
629 8516.99630896
630 8550.26559639
631 8587.44028119
632 8620.43550564
633 8656.67054596
634 8689.01976483
635 8724.39346438
636 8754.87318225
637 8789.03317434
638 8817.24208472
639 8847.87841
640 8878.75943437
641 8905.58824192
642 8935.2359829
643 8960.58680798
644 8990.31285267
645 9015.2232194
646 9044.16622702
647 9067.82373444
648 9094.78957347
649 9117.89895494
650 9140.37211879
651 9165.48803275
652 9187.10964379
653 9212.06895033
654 9232.62367336
655 9256.25181689
656 9276.10180656
657 9298.7120019
658 9315.98775722
659 9336.84590711
660 9354.92427542
661 9372.51324556
662 9392.4806908
663 9409.08107664
664 9427.95226998
665 9442.95721779
666 9460.4483083
667 9475.35537648
668 9491.63275953
669 9504.96396561
670 9519.35227174
671 9533.26096766
672 9546.91517653
673 9560.95111597
674 9572.91200719
675 9586.32151698
676 9597.5580989
677 9609.83220494
678 9620.08020257
679 9631.96279008
680 9641.78011732
681 9651.23528991
682 9661.71819866
683 9670.55672957
684 9680.49151237
685 9688.70361362
686 9698.61882049
687 9706.90922545
688 9715.77712024
689 9723.20618443
690 9731.22252641
691 9737.96643316
692 9744.62224824
693 9752.35473928
694 9757.99260617
695 9764.7952407
696 9770.44289555
697 9777.34340972
698 9782.74636548
699 9788.9910861
700 9793.65015666
701 9798.98459668
702 9804.03518577
703 9808.63552855
704 9813.83293708
705 9818.21794466
706 9822.97489485
707 9827.29138669
708 9831.30445166
709 9834.8476944
710 9838.68457603
711 9842.43336599
712 9845.77106149
713 9849.46112368
714 9852.43666454
715 9855.80372393
716 9858.99459998
717 9862.39102326
718 9864.84780206
719 9867.67652347
720 9870.18224209
721 9873.15778295
722 9875.69286546
723 9878.27688778
724 9880.59663509
725 9882.4367722
726 9884.93270286
727 9887.02732701
728 9889.33728637
729 9891.32424293
730 9893.30141152
731 9895.01430511
732 9897.15786908
733 9899.08609786
734 9900.98496275
735 9902.83488783
736 9904.42053789
737 9906.50537408
738 9907.94420469
739 9909.67667421
740 9911.066565
741 9912.40751598
742 9913.8169827
743 9915.22644943
744 9916.73379578
745 9918.02580694
746 9919.22972644
747 9920.34555426
748 9921.76480894
749 9923.04703214
750 9924.31946738
751 9925.48423502
752 9926.51197117
753 9927.4124638
754 9928.36189624
755 9929.48751203
756 9930.43694447
757 9931.55277229
758 9932.38474918
759 9933.47121311
760 9934.28361407
761 9935.22325855
762 9935.91820395
763 9936.71102898
764 9937.40597438
765 9938.13028366
766 9939.01120037
767 9939.67678187
768 9940.58706247
769 9941.31137175
770 9942.07483289
771 9942.76977829
772 9943.4353598
773 9944.12051724
774 9944.83503856
775 9945.45168025
776 9946.06832194
777 9946.80241919
778 9947.33096921
779 9948.00633869
780 9948.58382852
781 9949.27877392
782 9949.68986838
783 9950.23799433
784 9950.82527213
785 9951.16785085
786 9951.59852123
787 9952.0879194
788 9952.53816572
789 9953.00798796
790 9953.40929445
791 9953.8791167
792 9954.45660653
793 9954.97536859
794 9955.50391861
795 9956.00310474
796 9956.5218668
797 9957.03084089
798 9957.37341961
799 9957.74536222
800 9958.13688075
801 9958.51861132
802 9958.870978
803 9959.26249654
804 9959.50719562
805 9959.83019841
806 9960.1532012
807 9960.57408363
808 9960.87751049
809 9961.15157346
810 9961.42563644
811 9961.8367309
812 9962.20867351
813 9962.47294852
814 9962.86446705
815 9963.1972578
816 9963.54962448
817 9963.85305135
818 9964.06838654
819 9964.39138933
820 9964.68502823
821 9965.02760695
822 9965.33103381
823 9965.64424864
824 9966.03576718
825 9966.38813386
826 9966.59368109
827 9966.90689591
828 9967.18095889
829 9967.43544593
830 9967.72908484
831 9967.93463207
832 9968.218483
833 9968.46318209
834 9968.65894135
835 9968.9134284
836 9969.15812748
837 9969.33431082
838 9969.56922194
839 9969.80413307
840 9970.06840808
841 9970.24459142
842 9970.52844235
843 9970.74377755
844 9970.94932478
845 9971.22338775
846 9971.41914702
847 9971.5855424
848 9971.75193777
849 9971.98684889
850 9972.21197205
851 9972.32942761
852 9972.50561095
853 9972.72094614
854 9972.9460693
855 9973.03416097
856 9973.14182857
857 9973.38652765
858 9973.59207488
859 9973.72910637
860 9973.84656193
861 9974.09126101
862 9974.32617213
863 9974.48277955
864 9974.69811474
865 9974.96238975
866 9975.07005735
867 9975.28539254
868 9975.42242403
869 9975.68669904
870 9975.89224627
871 9976.03906572
872 9976.21524906
873 9976.3914324
874 9976.61655556
875 9976.73401112
876 9976.88083057
877 9976.96892224
878 9977.0863778
879 9977.26256114
880 9977.41916855
881 9977.61492782
882 9977.74217134
883 9977.81068709
884 9977.99665839
885 9978.12390191
886 9978.32944914
887 9978.41754081
888 9978.5545723
889 9978.69160379
890 9978.80905935
891 9978.88736305
892 9978.99503065
893 9979.09291028
894 9979.21036584
895 9979.38654918
896 9979.50400475
897 9979.61167234
898 9979.77806772
899 9979.88573532
900 9979.99340291
901 9980.1304344
902 9980.22831403
903 9980.41428534
904 9980.5317409
905 9980.66877238
906 9980.76665202
907 9980.87431961
908 9980.94283536
909 9981.00156314
910 9981.1190187
911 9981.27562611
912 9981.39308167
913 9981.45180945
914 9981.53011316
915 9981.60841687
916 9981.75523632
917 9981.79438817
918 9981.83354002
919 9981.90205577
920 9981.98035947
921 9982.04887522
922 9982.11739096
923 9982.16633078
924 9982.23484652
925 9982.31315023
926 9982.41102986
927 9982.48933357
928 9982.62636505
929 9982.70466876
930 9982.79276043
931 9982.83191228
932 9982.92000395
933 9982.96894377
934 9983.03745951
935 9983.11576322
936 9983.18427896
937 9983.25279471
938 9983.37025027
939 9983.44855398
940 9983.50728176
941 9983.60516139
942 9983.66388917
943 9983.80092066
944 9983.8694364
945 9983.94774011
946 9984.02604381
947 9984.09455956
948 9984.15328734
949 9984.21201512
950 9984.29031882
951 9984.36862253
952 9984.46650216
953 9984.49586605
954 9984.59374569
955 9984.63289754
956 9984.7503531
957 9984.84823273
958 9984.91674848
959 9985.05377996
960 9985.13208367
961 9985.18102349
962 9985.24953923
963 9985.35720683
964 9985.42572257
965 9985.52360221
966 9985.60190591
967 9985.69978555
968 9985.77808925
969 9985.81724111
970 9985.91512074
971 9985.99342445
972 9986.07172815
973 9986.16960779
974 9986.33600316
975 9986.38494298
976 9986.44367076
977 9986.46324669
978 9986.5121865
979 9986.57091428
980 9986.6198541
981 9986.69815781
982 9986.77646151
983 9986.79603744
984 9986.83518929
985 9986.84497726
986 9986.95264485
987 9986.99179671
988 9987.00158467
989 9987.0994643
990 9987.13861616
991 9987.14840412
992 9987.19734394
993 9987.23649579
994 9987.28543561
995 9987.36373932
996 9987.41267913
997 9987.48119488
998 9987.48119488
999 9987.51055877
1000 9987.54971062
1001 9987.57907451
1002 9987.61822636
1003 9987.65737822
1004 9987.70631803
1005 9987.74546989
1006 9987.80419767
1007 9987.86292545
1008 9987.93144119
1009 9987.98038101
1010 9988.04889675
1011 9988.07826064
1012 9988.11741249
1013 9988.15656435
1014 9988.20550416
1015 9988.27401991
1016 9988.31317176
1017 9988.33274769
1018 9988.36211158
1019 9988.3816875
1020 9988.42083936
1021 9988.42083936
1022 9988.49914306
1023 9988.52850695
1024 9988.64596251
1025 9988.6753264
1026 9988.69490233
1027 9988.72426622
1028 9988.76341807
1029 9988.782994
1030 9988.80256993
1031 9988.87108567
1032 9988.88087363
1033 9988.91023752
1034 9988.92981345
1035 9988.98854123
1036 9989.02769308
1037 9989.0766329
1038 9989.16472457
1039 9989.20387643
1040 9989.25281624
1041 9989.25281624
1042 9989.25281624
1043 9989.2919681
1044 9989.34090791
1045 9989.3702718
1046 9989.41921162
1047 9989.43878755
1048 9989.4779394
1049 9989.51709125
1050 9989.56603107
1051 9989.61497089
1052 9989.62475885
1053 9989.6639107
1054 9989.69327459
1055 9989.73242645
1056 9989.74221441
1057 9989.7715783
1058 9989.7715783
1059 9989.7715783
1060 9989.7715783
1061 9989.78136626
1062 9989.80094219
1063 9989.81073015
1064 9989.83030608
1065 9989.88903386
1066 9989.91839775
1067 9989.92818571
1068 9989.9575496
1069 9989.96733757
1070 9989.96733757
1071 9989.96733757
1072 9989.96733757
1073 9989.99670146
1074 9990.00648942
1075 9990.01627738
1076 9990.03585331
1077 9990.04564127
1078 9990.08479313
1079 9990.10436905
1080 9990.12394498
1081 9990.14352091
1082 9990.18267276
1083 9990.20224869
1084 9990.21203665
1085 9990.21203665
1086 9990.23161258
1087 9990.2511885
1088 9990.27076443
1089 9990.30012832
1090 9990.30012832
1091 9990.30991628
1092 9990.30991628
1093 9990.32949221
1094 9990.34906814
1095 9990.34906814
1096 9990.3588561
1097 9990.3588561
1098 9990.36864406
1099 9990.37843203
1100 9990.37843203
1101 9990.37843203
1102 9990.37843203
1103 9990.38821999
1104 9990.40779592
1105 9990.42737184
1106 9990.44694777
1107 9990.47631166
1108 9990.48609962
1109 9990.49588759
1110 9990.52525148
1111 9990.55461537
1112 9990.56440333
1113 9990.56440333
1114 9990.58397926
1115 9990.60355518
1116 9990.62313111
1117 9990.62313111
1118 9990.63291907
1119 9990.64270704
1120 9990.66228296
1121 9990.67207093
1122 9990.67207093
1123 9990.67207093
1124 9990.69164685
1125 9990.70143482
1126 9990.71122278
1127 9990.73079871
1128 9990.7601626
1129 9990.7601626
1130 9990.7601626
1131 9990.76995056
1132 9990.77973852
1133 9990.77973852
1134 9990.77973852
1135 9990.77973852
1136 9990.77973852
1137 9990.78952649
1138 9990.78952649
1139 9990.79931445
1140 9990.79931445
1141 9990.79931445
1142 9990.80910241
1143 9990.80910241
1144 9990.80910241
1145 9990.80910241
1146 9990.80910241
1147 9990.81889038
1148 9990.81889038
1149 9990.82867834
1150 9990.82867834
1151 9990.8384663
1152 9990.8384663
1153 9990.84825427
1154 9990.85804223
1155 9990.85804223
1156 9990.85804223
1157 9990.85804223
1158 9990.87761816
1159 9990.87761816
1160 9990.89719408
1161 9990.89719408
1162 9990.89719408
1163 9990.89719408
1164 9990.89719408
1165 9990.90698205
1166 9990.90698205
1167 9990.90698205
1168 9990.90698205
1169 9990.90698205
1170 9990.90698205
1171 9990.90698205
1172 9990.90698205
1173 9990.90698205
1174 9990.90698205
1177 9990.92655797
1178 9990.92655797
1179 9990.92655797
1180 9990.92655797
1181 9990.92655797
1182 9990.92655797
1183 9990.93634594
1184 9990.93634594
1185 9990.9461339
1186 9990.95592186
1187 9990.95592186
1188 9990.95592186
1189 9990.96570983
1190 9990.96570983
1191 9990.97549779
1192 9990.97549779
1193 9990.97549779
1194 9990.97549779
1195 9990.98528575
1196 9990.98528575
1197 9990.98528575
1198 9990.99507372
1199 9990.99507372
1200 9991.01464964
1201 9991.01464964
1202 9991.01464964
1203 9991.01464964
1204 9991.01464964
1205 9991.01464964
1206 9991.01464964
1207 9991.01464964
1208 9991.01464964
1209 9991.01464964
1211 9991.02443761
1212 9991.03422557
1213 9991.03422557
1214 9991.03422557
1215 9991.03422557
1216 9991.03422557
1217 9991.03422557
1218 9991.03422557
1219 9991.04401353
1220 9991.04401353
1221 9991.04401353
1222 9991.04401353
1223 9991.04401353
1224 9991.04401353
1225 9991.04401353
1226 9991.04401353
1227 9991.04401353
1228 9991.04401353
1230 9991.06358946
1231 9991.06358946
1232 9991.07337742
1233 9991.07337742
1234 9991.07337742
1235 9991.07337742
1236 9991.07337742
1237 9991.08316539
1238 9991.08316539
1239 9991.09295335
1240 9991.09295335
1241 9991.09295335
1242 9991.09295335
1243 9991.09295335
1244 9991.09295335
1245 9991.09295335
1246 9991.09295335
1247 9991.09295335
1248 9991.10274131
1249 9991.10274131
1250 9991.10274131
1251 9991.10274131
1252 9991.10274131
1253 9991.11252928
1254 9991.1321052
1255 9991.14189317
1256 9991.14189317
1257 9991.14189317
1258 9991.14189317
1259 9991.14189317
1260 9991.14189317
1261 9991.14189317
1262 9991.14189317
1263 9991.14189317
1264 9991.14189317
1271 9991.15168113
1272 9991.1614691
1273 9991.1614691
1274 9991.17125706
1275 9991.17125706
1276 9991.17125706
1277 9991.17125706
1278 9991.17125706
1279 9991.17125706
1280 9991.17125706
1281 9991.17125706
1282 9991.18104502
1283 9991.18104502
1284 9991.18104502
1285 9991.18104502
1286 9991.18104502
1287 9991.18104502
1288 9991.19083299
1289 9991.20062095
1290 9991.20062095
1291 9991.20062095
1292 9991.20062095
1293 9991.20062095
1294 9991.20062095
1295 9991.20062095
1296 9991.20062095
1297 9991.20062095
1298 9991.20062095
1301 9991.21040891
1302 9991.21040891
1303 9991.21040891
1304 9991.21040891
1305 9991.21040891
1306 9991.21040891
1307 9991.21040891
1308 9991.21040891
1309 9991.21040891
1310 9991.21040891
1318 9991.22019688
1319 9991.22019688
1320 9991.22019688
1321 9991.22998484
1322 9991.2397728
1323 9991.2397728
1324 9991.2397728
1325 9991.2397728
1326 9991.2397728
1327 9991.2397728
1328 9991.2397728
1329 9991.2397728
1330 9991.2397728
1331 9991.2397728
1336 9991.24956077
1337 9991.24956077
1338 9991.25934873
1339 9991.25934873
1340 9991.25934873
1341 9991.25934873
1342 9991.25934873
1343 9991.25934873
1344 9991.25934873
1345 9991.25934873
1346 9991.25934873
1347 9991.25934873
1348 9991.26913669
1349 9991.26913669
1350 9991.26913669
1351 9991.27892466
1352 9991.27892466
1353 9991.27892466
1354 9991.27892466
1355 9991.27892466
1356 9991.27892466
1357 9991.28871262
1358 9991.28871262
1359 9991.29850058
1360 9991.29850058
1361 9991.29850058
1362 9991.29850058
1363 9991.29850058
1364 9991.29850058
1365 9991.29850058
1366 9991.29850058
1367 9991.29850058
1368 9991.29850058
1383 9991.30828855
1384 9991.30828855
1385 9991.30828855
1386 9991.30828855
1387 9991.30828855
1388 9991.30828855
1389 9991.30828855
1390 9991.30828855
1391 9991.30828855
1392 9991.30828855
1407 9991.31807651
1408 9991.31807651
1409 9991.31807651
1410 9991.31807651
1411 9991.31807651
1412 9991.32786447
1413 9991.32786447
1414 9991.32786447
1415 9991.32786447
1416 9991.32786447
1417 9991.33765244
1418 9991.33765244
1419 9991.3474404
1420 9991.3474404
1421 9991.3474404
1422 9991.3474404
1423 9991.3474404
1424 9991.3474404
1425 9991.3474404
1426 9991.3474404
1427 9991.3474404
1428 9991.3474404
1447 9991.35722836
1448 9991.35722836
1449 9991.35722836
1450 9991.35722836
1451 9991.35722836
1452 9991.35722836
1453 9991.35722836
1454 9991.35722836
1455 9991.35722836
1456 9991.35722836
1462 9991.36701633
1463 9991.36701633
1464 9991.36701633
1465 9991.36701633
1466 9991.36701633
1467 9991.36701633
1468 9991.36701633
1469 9991.36701633
1470 9991.36701633
1471 9991.36701633
1476 9991.37680429
1477 9991.38659225
1478 9991.38659225
1479 9991.38659225
1480 9991.40616818
1481 9991.41595614
1482 9991.41595614
1483 9991.41595614
1484 9991.41595614
1485 9991.41595614
1486 9991.41595614
1487 9991.41595614
1488 9991.41595614
1489 9991.41595614
1490 9991.41595614
1499 9991.42574411
1500 9991.42574411
1501 10000.0
