0 0.0
1 0.0
2 0.0
3 0.0
4 0.0
5 0.0
6 0.0
7 0.0
8 0.0
15 0.376503661498
16 1.27592907508
17 2.19627135874
18 2.92836181165
19 3.63953539448
20 4.03695592606
21 5.12463317039
22 12.57103892
23 83.0608911005
24 265.455998226
25 538.421152812
26 868.614863946
27 1389.13117597
28 1982.96111763
29 2513.45477668
30 2969.27520953
31 3356.17455546
32 3711.00833956
33 4018.4026623
34 4278.79677797
35 4492.06518533
36 4657.66404578
37 4788.83373807
38 4891.01264843
39 4971.0196765
40 5035.92472437
41 5090.41317093
42 5140.61365913
43 5191.02331604
44 5245.86734939
45 5298.43144391
46 5350.82820347
47 5410.79687
48 5468.25551212
49 5520.54768733
50 5565.12153747
51 5604.4661701
52 5640.35951916
53 5672.90616901
54 5703.86313674
55 5731.34790403
56 5754.83754913
57 5775.54525051
58 5794.99793969
59 5812.10793942
60 5826.56149664
61 5838.83969938
62 5851.66174074
63 5863.12418555
64 5874.90038341
65 5887.09491866
66 5897.17685004
67 5906.73585967
68 5917.08971036
69 5926.37680068
70 5936.2913971
71 5946.85441649
72 5961.83089547
73 5986.13629851
74 6020.08437865
75 6074.97024575
76 6140.92113712
77 6244.29230908
78 6353.70845648
79 6509.89472539
80 6663.92655669
81 6850.29586913
82 7056.38979006
83 7260.95677947
84 7507.02283913
85 7712.28008526
86 7934.77283233
87 8101.64762186
88 8262.64477089
89 8369.71822884
90 8467.54643022
91 8537.74344622
92 8594.84650155
93 8653.26731969
94 8697.08816252
95 8745.84538668
96 8784.83443251
97 8831.37446845
98 8869.56867322
99 8913.55685101
100 8947.71409985
101 8986.24297455
102 9017.89019898
103 9045.85605428
104 9073.48723966
105 9093.08634693
106 9112.14161558
107 9125.27740999
108 9136.57251983
109 9144.79284978
110 9153.26418216
111 9159.07907204
112 9164.12003773
113 9168.57533106
114 9171.96386402
115 9175.22689575
116 9178.09250695
117 9180.72803258
118 9182.81971959
119 9185.30882713
120 9187.1495117
121 9188.78102756
122 9189.99420603
123 9191.22830136
124 9192.44147983
125 9193.59190768
126 9194.93058737
127 9196.31110079
128 9197.79619857
129 9198.77929146
130 9199.74146749
131 9201.0592303
132 9202.10507381
133 9203.13000044
134 9203.94575837
135 9205.03343562
136 9205.9537779
137 9206.9996214
138 9207.9827143
139 9208.96580719
140 9209.84431574
141 9211.22482916
142 9211.91508587
143 9212.50075824
144 9213.2955993
145 9214.42511028
146 9215.36636944
147 9216.28671172
148 9217.33255523
149 9218.16923003
150 9219.29874101
151 9220.26091704
152 9220.95117375
153 9221.4740955
154 9222.14343534
155 9222.89644267
156 9223.56578251
157 9224.29787296
158 9225.05088029
159 9225.90847196
160 9226.5778118
161 9227.16348416
162 9228.06290958
163 9228.69041568
164 9229.35975552
165 9229.92451102
166 9230.44743277
167 9231.11677261
168 9231.80702932
169 9232.49728604
170 9233.16662588
171 9234.02421755
172 9235.02822732
173 9235.82306838
174 9236.72249379
175 9237.37091677
176 9238.22850844
177 9239.12793385
178 9239.71360621
179 9240.40386293
180 9241.15687025
181 9241.84712696
182 9242.93480421
183 9243.7087284
184 9244.52448633
185 9245.3193274
186 9246.26058655
187 9247.24367944
188 9248.12218799
189 9249.04253027
190 9249.83737134
191 9250.73679675
192 9252.01272582
193 9252.6611488
194 9253.51874047
195 9254.43908275
196 9255.38034191
197 9256.1542661
198 9257.03277464
199 9257.7648651
200 9258.8107086
201 9264.03992612
202 9272.82501156
203 9299.41035343
204 9341.13950925
205 9395.7116233
206 9445.38918974
207 9485.04757542
208 9509.1856435
209 9522.65610783
210 9532.54978738
211 9539.41052077
212 9545.43457935
213 9550.20362573
214 9554.01049609
215 9557.69186522
216 9561.01764756
217 9564.82451792
218 9568.52680392
219 9572.12450558
220 9575.19928548
221 9578.06489668
222 9580.99325849
223 9583.54511664
224 9585.90872296
225 9588.3978305
226 9589.92476202
227 9591.74452972
228 9593.2923781
229 9594.31730474
230 9595.30039763
231 9596.19982304
232 9596.78549541
233 9597.72675456
234 9598.56342936
235 9599.19093547
236 9599.71385722
237 9600.36228019
238 9600.67603324
239 9601.34537308
240 9601.95196232
241 9602.64221903
242 9603.35339261
243 9603.98089871
244 9604.62932169
245 9605.17316031
246 9605.7379158
247 9606.21900381
248 9606.63734121
249 9607.07659549
250 9607.43218228
251 9607.7668522
252 9608.20610647
253 9608.70811135
254 9609.44020181
255 9609.83762234
256 9610.65338027
257 9612.09664431
258 9614.46025063
259 9617.68144862
260 9620.81897913
261 9622.88974927
262 9624.43759766
263 9625.50435803
264 9626.42470031
265 9627.09404016
266 9627.82613061
267 9628.45363671
268 9628.97655846
269 9629.52039709
270 9630.2106538
271 9630.71265868
272 9631.48658287
273 9631.92583715
274 9632.40692516
275 9632.97168065
276 9633.36910118
277 9633.99660728
278 9634.45677843
279 9635.12611827
280 9635.7327075
281 9636.38113047
282 9637.19688841
283 9638.01264634
284 9638.49373435
285 9639.05848984
286 9639.7905803
287 9640.31350205
288 9640.81550693
289 9641.15017685
290 9641.61034799
291 9642.19602036
292 9643.01177829
293 9643.93212057
294 9644.93613034
295 9645.64730392
296 9646.23297628
297 9646.98598361
298 9647.40432101
299 9647.92724276
300 9648.32466329
301 9649.03583687
302 9649.51692489
303 9649.9980129
304 9650.58368526
305 9650.96018892
306 9651.35760945
307 9651.69227937
308 9652.27795174
309 9652.54987105
310 9652.92637471
311 9653.15646028
312 9653.4911302
313 9653.93038447
314 9654.30688813
315 9654.59972432
316 9654.85072676
317 9655.20631355
318 9655.64556782
319 9656.18940644
320 9656.73324506
321 9657.42350178
322 9657.9673404
323 9658.23925971
324 9658.49026215
325 9658.8040152
326 9659.15960199
327 9659.41060443
328 9659.68252375
329 9659.93352619
330 9660.14269489
331 9660.4146142
332 9660.6237829
333 9660.79111786
334 9660.93753595
335 9661.00028656
336 9661.16762152
337 9661.39770709
338 9661.62779266
339 9661.81604449
340 9661.92062884
341 9662.21346503
342 9662.35988312
343 9662.48538434
344 9662.73638678
345 9662.88280487
346 9663.13380731
347 9663.34297601
348 9663.55214471
349 9663.67764593
350 9663.94956524
351 9664.36790264
352 9664.70257257
353 9665.24641119
354 9665.64383172
355 9666.04125225
356 9666.20858721
357 9666.50142339
358 9666.83609331
359 9667.04526202
360 9667.21259698
361 9667.29626446
362 9667.48451629
363 9667.67276812
364 9667.90285369
365 9668.09110552
366 9668.30027422
367 9668.67677788
368 9668.99053093
369 9669.49253581
370 9670.2037094
371 9670.74754802
372 9671.37505412
373 9671.96072648
374 9672.31631328
375 9672.63006633
376 9672.90198564
377 9673.13207121
378 9673.29940617
379 9673.63407609
380 9673.96874601
381 9674.15699784
382 9674.40800028
383 9674.55441838
384 9674.74267021
385 9675.01458952
386 9675.18192448
387 9675.41201005
388 9675.53751127
389 9675.66301249
390 9675.80943058
391 9676.10226676
392 9676.33235233
393 9676.62518851
394 9676.75068973
395 9676.79252347
396 9676.95985843
397 9677.10627653
398 9677.18994401
399 9677.37819584
400 9677.46186332
401 9677.60828141
402 9677.7546995
403 9677.83836698
404 9677.9638682
405 9678.13120316
406 9678.31945499
407 9678.42403934
408 9678.61229117
409 9678.67504178
410 9678.800543
411 9678.86329361
412 9679.03062857
413 9679.17704666
414 9679.32346475
415 9679.38621536
416 9679.49079971
417 9679.63721781
418 9679.95097086
419 9680.28564078
420 9680.47389261
421 9680.78764566
422 9680.93406375
423 9681.22689993
424 9681.39423489
425 9681.51973611
426 9681.68707107
427 9681.93807351
428 9682.10540848
429 9682.33549405
430 9682.41916153
431 9682.52374588
432 9682.71199771
433 9682.79566519
434 9682.83749893
435 9682.98391702
436 9683.10941824
437 9683.19308572
438 9683.36042068
439 9683.40225442
440 9683.52775564
441 9683.77875808
442 9683.92517617
443 9684.17617861
444 9684.42718105
445 9684.61543289
446 9685.01285342
447 9685.32660647
448 9685.68219326
449 9686.16328127
450 9686.62345241
451 9686.7698705
452 9687.04178981
453 9687.20912478
454 9687.48104409
455 9687.66929592
456 9687.83663088
457 9687.98304897
458 9688.1713008
459 9688.33863576
460 9688.50597072
461 9688.63147194
462 9688.7988069
463 9688.92430812
464 9688.98705873
465 9689.13347682
466 9689.27989491
467 9689.48906361
468 9689.55181422
469 9689.61456483
470 9689.7818998
471 9689.80281667
472 9689.88648415
473 9689.9910685
474 9690.07473598
475 9690.11656972
476 9690.30482155
477 9690.34665529
478 9690.47215651
479 9690.55582399
480 9690.66040834
481 9690.72315895
482 9690.84866017
483 9690.89049391
484 9690.95324452
485 9691.036912
486 9691.14149635
487 9691.28791444
488 9691.30883131
489 9691.39249879
490 9691.47616627
491 9691.58075062
492 9691.70625184
493 9691.76900245
494 9691.89450367
495 9692.04092176
496 9692.0827555
497 9692.20825673
498 9692.35467482
499 9692.41742543
500 9692.50109291
501 9692.54292665
502 9692.647511
503 9692.75209535
504 9692.89851344
505 9692.96126405
506 9693.04493153
507 9693.12859901
508 9693.25410023
509 9693.31685084
510 9693.42143519
511 9693.52601954
512 9693.71427137
513 9693.96527381
514 9694.44636182
515 9694.94836671
516 9695.49220533
517 9695.88962586
518 9696.24521265
519 9696.64263318
520 9696.89363562
521 9697.18647181
522 9697.35380677
523 9697.68847669
524 9697.89764539
525 9698.14864783
526 9698.33689966
527 9698.46240088
528 9698.56698523
529 9698.73432019
530 9698.7970708
531 9698.96440576
532 9699.11082385
533 9699.25724194
534 9699.48732751
535 9699.61282873
536 9699.71741309
537 9699.82199744
538 9699.92658179
539 9700.01024927
540 9700.11483362
541 9700.1985011
542 9700.28216858
543 9700.34491919
544 9700.49133728
545 9700.70050598
546 9700.78417346
547 9700.80509033
548 9700.90967468
549 9700.95150842
550 9701.11884338
551 9701.16067712
552 9701.26526147
553 9701.34892895
554 9701.49534704
555 9701.662682
556 9701.70451574
557 9701.78818322
558 9701.8718507
559 9701.97643505
560 9702.03918566
561 9702.20652063
562 9702.2274375
563 9702.35293872
564 9702.39477246
565 9702.54119055
566 9702.56210742
567 9702.6457749
568 9702.79219299
569 9702.98044482
570 9703.08502917
571 9703.16869665
572 9703.273281
573 9703.29419787
574 9703.41969909
575 9703.52428344
576 9703.62886779
577 9703.79620275
578 9703.83803649
579 9703.9007871
580 9704.04720519
581 9704.1099558
582 9704.25637389
583 9704.29820763
584 9704.34004137
585 9704.40279198
586 9704.48645946
587 9704.5282932
588 9704.57012694
589 9704.67471129
590 9704.71654504
591 9704.77929565
592 9704.84204626
593 9704.90479687
594 9705.05121496
595 9705.15579931
596 9705.26038366
597 9705.28130053
598 9705.38588488
599 9705.46955236
600 9705.57413671
601 9705.63688732
602 9705.69963793
603 9705.7205548
604 9705.88788976
605 9706.03430785
606 9706.1388922
607 9706.26439342
608 9706.49447899
609 9706.66181395
610 9706.78731517
611 9706.975567
612 9707.20565257
613 9707.28932006
614 9707.39390441
615 9707.43573815
616 9707.5403225
617 9707.58215624
618 9707.64490685
619 9707.66582372
620 9707.77040807
621 9707.85407555
622 9707.9586599
623 9708.12599486
624 9708.31424669
625 9708.41883104
626 9708.56524913
627 9708.69075035
628 9708.81625157
629 9708.83716844
630 9708.87900218
631 9708.94175279
632 9709.02542027
633 9709.08817088
634 9709.15092149
635 9709.23458897
636 9709.27642271
637 9709.29733958
638 9709.4228408
639 9709.44375767
640 9709.50650828
641 9709.61109263
642 9709.67384324
643 9709.67384324
644 9709.73659386
645 9709.75751073
646 9709.82026134
647 9709.88301195
648 9709.94576256
649 9710.00851317
650 9710.17584813
651 9710.196765
652 9710.25951561
653 9710.30134935
654 9710.36409996
655 9710.44776744
656 9710.55235179
657 9710.65693614
658 9710.74060362
659 9710.78243736
660 9710.80335423
661 9710.84518797
662 9710.88702171
663 9710.92885545
664 9710.97068919
665 9711.17985789
666 9711.34719285
667 9711.8701146
668 9712.47670384
669 9713.14604368
670 9713.58529795
671 9714.23372092
672 9714.42197275
673 9714.71480893
674 9715.04947886
675 9715.17498008
676 9715.32139817
677 9715.40506565
678 9715.55148374
679 9715.7188187
680 9715.76065244
681 9715.9279874
682 9716.05348862
683 9716.1371561
684 9716.24174045
685 9716.38815854
686 9716.57641037
687 9716.72282846
688 9717.03658151
689 9717.1829996
690 9717.35033457
691 9717.68500449
692 9717.81050571
693 9717.99875754
694 9718.10334189
695 9718.29159372
696 9718.3752612
697 9718.50076242
698 9718.5844299
699 9718.7935986
700 9718.89818295
701 9719.04460104
702 9719.08643478
703 9719.19101913
704 9719.33743722
705 9719.4211047
706 9719.52568905
707 9719.67210714
708 9719.77669149
709 9719.86035898
710 9719.94402646
711 9720.00677707
712 9720.04861081
713 9720.15319516
714 9720.32053012
715 9720.44603134
716 9720.50878195
717 9720.63428317
718 9720.69703378
719 9720.71795065
720 9720.78070126
721 9720.90620248
722 9721.09445431
723 9721.15720492
724 9721.26178927
725 9721.28270614
726 9721.38729049
727 9721.47095797
728 9721.61737606
729 9721.61737606
730 9721.6592098
731 9721.6592098
732 9721.72196041
733 9721.97296285
734 9722.0775472
735 9722.20304842
736 9722.30763278
737 9722.433134
738 9722.47496774
739 9722.53771835
740 9722.57955209
741 9722.68413644
742 9722.74688705
743 9722.89330514
744 9722.99788949
745 9723.12339071
746 9723.20705819
747 9723.33255941
748 9723.4789775
749 9723.54172811
750 9723.64631246
751 9723.72997994
752 9723.87639803
753 9723.98098238
754 9724.14831734
755 9724.19015108
756 9724.25290169
757 9724.33656917
758 9724.39931978
759 9724.44115352
760 9724.44115352
761 9724.54573787
762 9724.58757161
763 9724.71307283
764 9724.75490657
765 9724.90132467
766 9725.02682589
767 9725.0895765
768 9725.17324398
769 9725.2987452
770 9725.48699703
771 9725.54974764
772 9725.65433199
773 9725.80075008
774 9725.96808504
775 9726.21908748
776 9726.36550557
777 9726.47008992
778 9726.59559114
779 9726.65834175
780 9726.70017549
781 9726.80475984
782 9726.88842732
783 9726.9720948
784 9727.05576228
785 9727.22309724
786 9727.3276816
787 9727.49501656
788 9727.62051778
789 9727.68326839
790 9727.78785274
791 9727.82968648
792 9727.89243709
793 9727.97610457
794 9728.08068892
795 9728.20619014
796 9728.3735251
797 9728.41535884
798 9728.56177693
799 9728.66636128
800 9728.81277937
801 9728.95919746
802 9729.0010312
803 9729.08469868
804 9729.2101999
805 9729.27295051
806 9729.46120234
807 9729.60762043
808 9729.73312165
809 9729.85862288
810 9730.02595784
811 9730.10962532
812 9730.15145906
813 9730.31879402
814 9730.46521211
815 9730.56979646
816 9730.65346394
817 9730.79988203
818 9730.86263264
819 9730.88354951
820 9730.92538325
821 9730.98813386
822 9731.05088447
823 9731.07180134
824 9731.11363508
825 9731.17638569
826 9731.2391363
827 9731.40647126
828 9731.78297492
829 9732.8497353
830 9735.19242475
831 9738.35087213
832 9744.16576201
833 9753.95485721
834 9768.55483253
835 9784.26340196
836 9802.46107893
837 9823.4616165
838 9839.14926906
839 9854.60683605
840 9866.25753269
841 9876.61138338
842 9884.41337592
843 9890.93943939
844 9895.70848577
845 9900.97953703
846 9905.35116287
847 9909.34628506
848 9913.13223854
849 9916.01876662
850 9918.65429225
851 9921.26890101
852 9923.6534242
853 9925.80786181
854 9927.62762951
855 9929.00814294
856 9930.49324071
857 9931.70641918
858 9932.83593016
859 9933.77718932
860 9934.65569786
861 9935.61787388
862 9936.49638243
863 9937.37489097
864 9937.85597898
865 9938.5462357
866 9939.00640684
867 9939.36199363
868 9939.8012479
869 9940.03133347
870 9940.30325278
871 9940.6379227
872 9940.93075888
873 9941.30726255
874 9941.6210156
875 9941.91385178
876 9942.12302048
877 9942.39493979
878 9942.75052658
879 9943.06427963
880 9943.2943652
881 9943.58720139
882 9943.88003757
883 9944.04737253
884 9944.23562436
885 9944.44479306
886 9944.67487863
887 9944.9049642
888 9945.21871725
889 9945.46971969
890 9945.67888839
891 9945.99264145
892 9946.22272702
893 9946.43189572
894 9946.7247319
895 9946.80839938
896 9947.20581991
897 9947.54048983
898 9947.62415731
899 9947.7705754
900 9947.9797441
901 9948.27258028
902 9948.46083211
903 9948.62816708
904 9948.87916952
905 9949.08833822
906 9949.13017196
907 9949.27659005
908 9949.3811744
909 9949.48575875
910 9949.69492745
911 9949.75767806
912 9949.92501302
913 9950.02959737
914 9950.13418172
915 9950.2178492
916 9950.28059981
917 9950.36426729
918 9950.46885164
919 9950.57343599
920 9950.6361866
921 9950.65710347
922 9950.67802034
923 9950.74077095
924 9950.76168782
925 9950.76168782
926 9950.8453553
927 9950.90810591
928 9950.90810591
929 9950.9917734
930 9951.07544088
931 9951.15910836
932 9951.26369271
933 9951.28460958
934 9951.45194454
935 9951.47286141
936 9951.55652889
937 9951.57744576
938 9951.6192795
939 9951.68203011
940 9951.72386385
941 9951.78661446
942 9951.87028194
943 9951.99578316
944 9952.0376169
945 9952.07945064
946 9952.20495186
947 9952.26770247
948 9952.37228682
949 9952.41412056
950 9952.43503743
951 9952.51870491
952 9952.60237239
953 9952.665123
954 9952.72787361
955 9952.74879048
956 9952.79062422
957 9952.81154109
958 9952.83245796
959 9952.95795918
960 9953.02070979
961 9953.04162666
962 9953.10437727
963 9953.20896162
964 9953.27171223
965 9953.33446284
966 9953.41813032
967 9953.50179781
968 9953.60638216
969 9953.69004964
970 9953.75280025
971 9953.79463399
972 9953.89921834
973 9953.92013521
974 9953.98288582
975 9954.08747017
976 9954.19205452
977 9954.29663887
978 9954.40122322
979 9954.44305696
980 9954.4848907
981 9954.54764131
982 9954.65222566
983 9954.71497627
984 9954.81956062
985 9954.88231123
986 9954.9032281
987 9954.98689558
988 9955.04964619
989 9955.19606428
990 9955.21698115
991 9955.25881489
992 9955.36339924
993 9955.42614985
994 9955.5307342
995 9955.59348481
996 9955.63531855
997 9955.65623542
998 9955.78173664
999 9955.82357038
1000 9955.90723786
1001 9956.05365596
1002 9956.13732344
1003 9956.15824031
1004 9956.32557527
1005 9956.38832588
1006 9956.49291023
1007 9956.49291023
1008 9956.59749458
1009 9956.74391267
1010 9956.80666328
1011 9956.86941389
1012 9956.91124763
1013 9956.9321645
1014 9957.03674885
1015 9957.07858259
1016 9957.1413332
1017 9957.16225007
1018 9957.22500068
1019 9957.28775129
1020 9957.32958503
1021 9957.41325251
1022 9957.51783686
1023 9957.60150434
1024 9957.66425495
1025 9957.70608869
1026 9957.7688393
1027 9957.89434052
1028 9957.95709113
1029 9958.06167548
1030 9958.06167548
1031 9958.08259235
1032 9958.10350922
1033 9958.14534296
1034 9958.22901044
1035 9958.24992731
1036 9958.41726227
1037 9958.58459724
1038 9958.64734785
1039 9958.68918159
1040 9958.7519322
1041 9958.79376594
1042 9958.85651655
1043 9958.94018403
1044 9959.06568525
1045 9959.12843586
1046 9959.21210334
1047 9959.31668769
1048 9959.40035517
1049 9959.52585639
1050 9959.588607
1051 9959.71410822
1052 9959.71410822
1053 9959.71410822
1054 9959.7977757
1055 9959.83960944
1056 9959.94419379
1057 9959.98602753
1058 9960.06969501
1059 9960.11152875
1060 9960.15336249
1061 9960.2161131
1062 9960.32069745
1063 9960.36253119
1064 9960.38344806
1065 9960.48803241
1066 9960.55078302
1067 9960.57169989
1068 9960.71811798
1069 9960.80178546
1070 9960.88545294
1071 9960.92728668
1072 9961.01095416
1073 9961.11553852
1074 9961.13645539
1075 9961.199206
1076 9961.28287348
1077 9961.38745783
1078 9961.4083747
1079 9961.53387592
1080 9961.65937714
1081 9961.78487836
1082 9961.97313019
1083 9962.11954828
1084 9962.14046515
1085 9962.28688324
1086 9962.47513507
1087 9962.51696881
1088 9962.57971942
1089 9962.76797125
1090 9962.85163873
1091 9962.99805682
1092 9963.06080743
1093 9963.16539178
1094 9963.31180987
1095 9963.33272674
1096 9963.43731109
1097 9963.66739667
1098 9963.79289789
1099 9963.87656537
1100 9963.98114972
1101 9964.0648172
1102 9964.14848468
1103 9964.23215216
1104 9964.37857025
1105 9964.46223773
1106 9964.58773895
1107 9964.71324017
1108 9964.83874139
1109 9964.94332574
1110 9965.02699322
1111 9965.19432818
1112 9965.29891253
1113 9965.42441375
1114 9965.54991497
1115 9965.71724993
1116 9966.01008611
1117 9966.07283673
1118 9966.19833795
1119 9966.34475604
1120 9966.53300787
1121 9966.82584405
1122 9967.01409588
1123 9967.20234771
1124 9967.30693206
1125 9967.39059954
1126 9967.49518389
1127 9967.70435259
1128 9967.80893694
1129 9967.95535503
1130 9968.14360686
1131 9968.33185869
1132 9968.56194426
1133 9968.68744549
1134 9968.85478045
1135 9969.02211541
1136 9969.23128411
1137 9969.48228655
1138 9969.67053838
1139 9969.77512273
1140 9970.02612517
1141 9970.15162639
1142 9970.27712761
1143 9970.33987822
1144 9970.46537944
1145 9970.52813005
1146 9970.69546501
1147 9970.88371684
1148 9970.94646745
1149 9971.15563616
1150 9971.4066386
1151 9971.69947478
1152 9971.88772661
1153 9972.11781218
1154 9972.32698088
1155 9972.4524821
1156 9972.68256767
1157 9972.8708195
1158 9973.03815446
1159 9973.16365568
1160 9973.2891569
1161 9973.58199308
1162 9973.72841118
1163 9973.87482927
1164 9974.00033049
1165 9974.14674858
1166 9974.35591728
1167 9974.43958476
1168 9974.66967033
1169 9974.81608842
1170 9974.8997559
1171 9975.00434025
1172 9975.17167521
1173 9975.35992704
1174 9975.65276322
1175 9975.7364307
1176 9975.84101505
1177 9975.98743314
1178 9976.19660185
1179 9976.40577055
1180 9976.67768986
1181 9976.84502482
1182 9977.09602726
1183 9977.20061161
1184 9977.40978031
1185 9977.59803214
1186 9977.80720084
1187 9977.93270206
1188 9978.03728641
1189 9978.14187076
1190 9978.24645511
1191 9978.47654068
1192 9978.6020419
1193 9978.81121061
1194 9978.99946244
1195 9979.25046488
1196 9979.35504923
1197 9979.48055045
1198 9979.5851348
1199 9979.7943035
1200 9980.0034722
1201 9980.29630838
1202 9980.48456021
1203 9980.71464578
1204 9980.90289761
1205 9981.09114944
1206 9981.25848441
1207 9981.57223746
1208 9981.80232303
1209 9982.0324086
1210 9982.17882669
1211 9982.38799539
1212 9982.51349661
1213 9982.6599147
1214 9982.93183401
1215 9983.16191958
1216 9983.32925454
1217 9983.53842324
1218 9983.72667508
1219 9984.01951126
1220 9984.24959683
1221 9984.50059927
1222 9984.73068484
1223 9984.91893667
1224 9985.1071885
1225 9985.37910781
1226 9985.48369216
1227 9985.71377773
1228 9985.83927895
1229 9985.9438633
1230 9986.09028139
1231 9986.2994501
1232 9986.44586819
1233 9986.67595376
1234 9986.78053811
1235 9987.03154055
1236 9987.1361249
1237 9987.32437673
1238 9987.51262856
1239 9987.65904665
1240 9987.93096596
1241 9988.05646718
1242 9988.28655275
1243 9988.45388771
1244 9988.68397329
1245 9988.83039138
1246 9988.93497573
1247 9989.14414443
1248 9989.31147939
1249 9989.43698061
1250 9989.66706618
1251 9989.83440114
1252 9989.95990236
1253 9990.14815419
1254 9990.33640602
1255 9990.58740846
1256 9990.8384109
1257 9991.06849647
1258 9991.25674831
1259 9991.44500014
1260 9991.46591701
1261 9991.67508571
1262 9991.90517128
1263 9991.98883876
1264 9992.11433998
1265 9992.26075807
1266 9992.42809303
1267 9992.49084364
1268 9992.67909547
1269 9992.82551356
1270 9992.99284852
1271 9993.13926661
1272 9993.24385096
1273 9993.36935218
1274 9993.55760401
1275 9993.66218836
1276 9993.82952333
1277 9993.91319081
1278 9993.97594142
1279 9994.10144264
1280 9994.28969447
1281 9994.31061134
1282 9994.35244508
1283 9994.41519569
1284 9994.56161378
1285 9994.60344752
1286 9994.687115
1287 9994.79169935
1288 9994.8962837
1289 9994.93811744
1290 9995.00086805
1291 9995.00086805
1292 9995.08453553
1293 9995.14728614
1294 9995.21003675
1295 9995.33553797
1296 9995.35645484
1297 9995.46103919
1298 9995.54470667
1299 9995.67020789
1300 9995.77479224
1301 9995.83754285
1302 9995.9421272
1303 9996.04671155
1304 9996.13037903
1305 9996.19312964
1306 9996.25588026
1307 9996.31863087
1308 9996.40229835
1309 9996.42321522
1310 9996.5068827
1311 9996.56963331
1312 9996.63238392
1313 9996.7160514
1314 9996.79971888
1315 9996.90430323
1316 9997.00888758
1317 9997.11347193
1318 9997.11347193
1319 9997.17622254
1320 9997.28080689
1321 9997.28080689
1322 9997.40630811
1323 9997.40630811
1324 9997.51089246
1325 9997.5527262
1326 9997.59455994
1327 9997.67822742
1328 9997.74097803
1329 9997.82464551
1330 9997.90831299
1331 9997.95014673
1332 9997.95014673
1333 9997.9710636
1334 9997.99198047
1335 9997.99198047
1336 9998.05473108
1337 9998.09656482
1338 9998.11748169
1339 9998.1802323
1340 9998.24298291
1341 9998.28481665
1342 9998.34756726
1343 9998.41031787
1344 9998.43123474
1345 9998.47306848
1346 9998.55673596
1347 9998.5985697
1348 9998.66132031
1349 9998.66132031
1350 9998.68223718
1351 9998.70315405
1352 9998.72407092
1353 9998.72407092
1354 9998.7449878
1355 9998.7449878
1356 9998.7449878
1357 9998.76590467
1358 9998.80773841
1359 9998.82865528
1360 9998.82865528
1361 9998.87048902
1362 9998.87048902
1363 9998.91232276
1364 9998.9541565
1365 9998.97507337
1366 9999.01690711
1367 9999.03782398
1368 9999.05874085
1369 9999.05874085
1370 9999.05874085
1371 9999.05874085
1372 9999.10057459
1373 9999.14240833
1374 9999.18424207
1375 9999.22607581
1376 9999.22607581
1377 9999.22607581
1378 9999.26790955
1379 9999.26790955
1380 9999.33066016
1381 9999.33066016
1382 9999.35157703
1383 9999.3724939
1384 9999.3724939
1385 9999.39341077
1386 9999.39341077
1387 9999.39341077
1388 9999.39341077
1389 9999.39341077
1390 9999.43524451
1391 9999.43524451
1392 9999.43524451
1393 9999.43524451
1394 9999.43524451
1395 9999.45616138
1396 9999.45616138
1397 9999.47707825
1398 9999.49799512
1399 9999.51891199
1400 9999.51891199
1401 9999.56074573
1402 9999.5816626
1403 9999.5816626
1404 9999.60257947
1405 9999.60257947
1406 9999.60257947
1407 9999.60257947
1408 9999.60257947
1409 9999.60257947
1410 9999.60257947
1411 9999.60257947
1412 9999.62349634
1413 9999.62349634
1414 9999.64441321
1415 9999.64441321
1416 9999.64441321
1417 9999.64441321
1418 9999.64441321
1419 9999.68624695
1420 9999.68624695
1421 9999.68624695
1422 9999.68624695
1423 9999.68624695
1424 9999.68624695
1425 9999.68624695
1426 9999.70716382
1427 9999.70716382
1428 9999.70716382
1429 9999.70716382
1430 9999.70716382
1431 9999.70716382
1432 9999.70716382
1433 9999.70716382
1434 9999.70716382
1435 9999.70716382
1437 9999.72808069
1438 9999.72808069
1439 9999.74899756
1440 9999.74899756
1441 9999.74899756
1442 9999.76991443
1443 9999.76991443
1444 9999.76991443
1445 9999.7908313
1446 9999.7908313
1447 9999.7908313
1448 9999.7908313
1449 9999.7908313
1450 9999.7908313
1451 9999.81174817
1452 9999.81174817
1453 9999.81174817
1454 9999.81174817
1455 9999.83266504
1456 9999.83266504
1457 9999.83266504
1458 9999.83266504
1459 9999.83266504
1460 9999.83266504
1461 9999.83266504
1462 9999.83266504
1463 9999.85358191
1464 9999.85358191
1465 9999.85358191
1466 9999.85358191
1467 9999.85358191
1468 9999.85358191
1469 9999.85358191
1470 9999.85358191
1471 9999.85358191
1472 9999.85358191
1473 9999.87449878
1474 9999.87449878
1475 9999.87449878
1476 9999.87449878
1477 9999.87449878
1478 9999.87449878
1479 9999.89541565
1480 9999.89541565
1481 9999.89541565
1482 9999.89541565
1483 9999.89541565
1484 9999.89541565
1485 9999.89541565
1486 9999.89541565
1487 9999.89541565
1488 9999.89541565
1501 10000.0
