0
3426
3426
3426
3426
3426
3426
3426
3426
3426
3426
3426
3426
3426
3844
3844
3844
3844
3844
3844
3844
3844
3844
3844
3844
3844
3844
4586
4586
4619
4619
4619
4652
4652
4652
4652
5083
5255
5555
5651
5802
5802
6037
6310
6696
6830
8582
12463
14763
14763
16967
17824
19766
22765
25160
27881
27881
30086
32313
34248
34868
35566
38268
39089
40976
41658
41658
42334
44135
47681
51025
52906
52906
55294
57045
58104
62282
63622
65392
65392
66380
67905
70299
74273
76954
78302
78302
79944
80332
83021
83984
84498
86083
86083
87189
87768
88191
88351
90882
92399
92399
94708
96252
97249
99280
101726
104115
108762
108762
111314
112327
114251
115533
121928
123984
123984
124778
126191
129451
132642
134997
135817
135901
135901
138352
139301
140616
142504
143745
144085
144085
151486
151486
155814
158854
160300
162305
165524
165974
165974
167432
167846
169366
172866
174875
175902
177470
177470
179234
182480
185123
185992
190956
192525
192525
193416
196706
197185
198703
203848
206778
206778
210550
213490
215458
218310
221353
221353
223422
224346
229405
231606
233246
234667
235293
235293
238212
238995
239202
241638
243469
243659
243659
245229
247332
249099
250189
253680
254401
254401
257888
258616
261901
263758
267808
270656
274429
274429
275379
276568
280951
282471
283751
285946
287482
287482
288205
291354
293179
295320
295672
295672
296836
300820
302610
304500
307011
308243
308243
312954
317431
320613
321558
325458
325458
326723
329167
332484
333657
335505
338280
338280
338558
339293
343744
345273
349541
350919
350919
351889
353953
357042
358842
359894
359894
362077
363307
366335
368727
371626
371626
374175
376297
379705
380065
381830
383565
389042
389042
391154
393094
393984
399886
402590
404451
404451
405337
409677
411422
412144
415661
417896
420525
420525
421048
423052
425064
425563
428906
430190
433897
433897
434082
438222
439591
441665
444061
445080
445080
446804
450862
453512
456359
459108
459771
459771
460696
462135
466405
467700
469212
470955
470955
473115
474832
475264
476487
480618
480690
480690
483573
485770
486923
491531
493705
497527
497527
498662
499093
502275
506485
508589
511126
511126
514607
516398
519385
519730
520254
521918
521918
523317
525705
526598
528581
529595
532427
532427
535445
535937
539373
542821
545006
547145
547145
548414
550332
554110
556967
557645
559045
563832
563832
566988
568240
570195
571300
572346
575454
575454
575796
578564
581688
585171
586399
587716
587716
590078
590650
592751
594171
597272
599660
600649
600649
602670
605577
607656
610441
611314
612890
617639
617639
620290
624561
626196
626619
627807
629166
631005
631005
631968
634936
636252
639530
641398
643888
643888
645088
649836
653474
655323
659785
662496
662496
664591
664591
668029
670720
672114
674238
674238
675780
678726
681403
684885
686776
687898
688738
688738
690215
692023
692089
694408
697584
700663
700663
702950
703578
704925
707079
710773
712638
714920
714920
719242
724033
725136
725546
729029
732666
736600
736600
738486
738881
741790
744646
746019
748072
749678
749678
751464
753324
757343
759068
762008
763064
763064
763763
764086
767536
769541
772845
774974
777900
777900
780885
781190
784146
787418
788231
792794
792794
793866
795347
796656
799076
801442
804488
804488
805912
808079
810662
813150
814141
817218
817218
820128
822013
822721
824059
825143
827824
827824
833092
835066
835066
839273
839759
841118
843691
850119
853538
853538
856367
856831
859219
861469
865829
865829
866953
867638
868431
873567
874463
875726
875726
878296
880097
883182
883333
887865
887865
892825
894930
898743
900225
904126
907426
907426
908439
909652
912212
913525
916048
917414
917414
918017
920244
922417
922481
923955
926322
926322
929137
931134
933544
934895
937278
939087
939087
940250
942493
944912
949478
951706
953832
956110
956110
956948
961494
961856
965462
968184
968184
970356
971332
972804
973276
974832
978841
978841
979732
982043
983263
985078
985505
987519
987519
990271
991850
994111
995145
997944
1001437
1001437
1006026
1007467
1009416
1013406
1015099
1015099
1018764
1020107
1020941
1024990
1025649
1025794
1025794
1028452
1031595
1032281
1035498
1038965
1041115
1041115
1042786
1044042
1047260
1048696
1050267
1051869
1051869
1053294
1057509
1060162
1062983
1063015
1065051
1065051
1065652
1065652
