0 0.0
1 0.0
2 0.0
3 0.0
4 0.0
5 0.0
6 0.0
7 0.0
8 0.0
53 0.00938181354208
54 0.197018084384
55 0.947563167751
56 2.38298063969
57 6.18261512423
58 16.2023919872
59 35.5101642568
60 63.6086958153
61 89.8121010384
62 127.376882461
63 162.887046718
64 194.850885456
65 217.489201533
66 233.813557096
67 244.996678838
68 253.496601907
69 260.392234861
70 265.974413918
71 270.252520893
72 273.723791904
73 276.988663017
74 279.343498216
75 281.735860669
76 284.325241206
77 286.642549151
78 288.988002537
79 291.765019345
80 294.804726933
81 297.778761826
82 300.67774221
83 302.873086579
84 305.284212659
85 306.972939097
86 309.083847144
87 310.509882802
88 311.785809444
89 312.911627069
90 313.54959039
91 314.215699152
92 314.731698896
93 315.48224398
94 316.082680046
95 316.711261554
96 317.452424824
97 317.949660941
98 318.559478821
99 318.962896804
100 319.310023905
101 319.704060074
102 320.004278107
103 320.445223343
104 320.970604902
105 321.646095477
106 322.284058798
107 323.034603881
108 323.766385337
109 324.32929415
110 325.004784725
111 325.708420741
112 326.412056756
113 327.19074728
114 327.809946974
115 328.203983143
116 328.569873871
117 328.83256465
118 329.160928124
119 329.601873361
120 330.117873105
121 330.718309172
122 331.05605446
123 331.328127052
124 331.853508611
125 332.350744728
126 332.866744473
127 333.420271472
128 333.7861622
129 334.095762047
130 334.480416402
131 334.81816169
132 335.212197859
133 335.728197604
134 336.122233772
135 336.356779111
136 336.61946989
137 336.788342534
138 336.957215178
139 337.22928777
140 337.482596736
141 337.688996634
142 338.017360108
143 338.204996379
144 338.373869022
145 338.645941615
146 338.889868767
147 339.180704987
148 339.462159393
149 339.715468359
150 339.912486443
151 340.175177222
152 340.456631629
153 340.700558781
154 341.010158628
155 341.216558526
156 341.516776559
157 341.723176457
158 341.967103609
159 342.164121693
160 342.286085269
161 342.4455761
162 342.63321237
163 342.745794133
164 342.830230455
165 343.008484912
166 343.121066675
167 343.308702946
168 343.468193776
169 343.590157352
170 343.740266368
171 343.899757199
172 343.993575334
173 344.143684351
174 344.256266113
175 344.40637513
176 344.528338706
177 344.640920468
178 344.772265858
179 344.931756688
180 345.034956637
181 345.213211095
182 345.43837462
183 345.644774517
184 345.813647161
185 346.038810686
186 346.301501465
187 346.611101312
188 346.845646651
189 347.183391938
190 347.446082718
191 347.840118886
192 348.187245987
193 348.628191224
194 349.303681799
195 349.78215429
196 350.23248134
197 350.645281135
198 351.255099016
199 351.799244201
200 352.268334878
201 352.784334623
202 353.403534317
203 353.910152248
204 354.182224841
205 354.557497382
206 354.867097229
207 355.129788009
208 355.336187906
209 355.63640594
210 355.833424024
211 356.039823922
212 356.227460193
213 356.396332837
214 356.640259989
215 356.818514446
216 357.015532531
217 357.137496107
218 357.259459683
219 357.447095953
220 357.634732224
221 357.784841241
222 357.88804119
223 358.028768393
224 358.197641037
225 358.432186375
226 358.816840731
227 359.304695035
228 359.923894729
229 360.599385304
230 361.668912047
231 362.607093402
232 364.19261989
233 366.800764055
234 369.85923527
235 372.814506535
236 375.722868733
237 379.044030727
238 382.140029196
239 386.737117832
240 390.489843249
241 394.364532242
242 398.745839166
243 404.384309104
244 407.977543691
245 412.630923208
246 418.381974909
247 424.470771898
248 431.572804749
249 437.90552889
250 444.782398217
251 449.689086699
252 455.524574722
253 459.952790714
254 464.193370435
255 467.167405328
256 469.831840374
257 471.952130235
258 473.753438435
259 475.601655702
260 476.849436904
261 478.181654427
262 479.22303573
263 480.8648531
264 482.131397928
265 483.454233637
266 484.617578516
267 485.612050752
268 486.287541327
269 486.916122834
270 487.610377036
271 488.041940459
272 488.614231085
273 488.905067305
274 489.233430779
275 489.533648812
276 489.927684981
277 490.209139387
278 490.443684726
279 490.715757319
280 491.044120793
281 491.288047945
282 491.560120538
283 491.785284063
284 492.010447588
285 492.338811062
286 492.601501841
287 492.826665366
288 493.061210704
289 493.295756043
290 493.445865059
291 493.680410398
292 493.877428482
293 494.046301126
294 494.224555583
295 494.384046414
296 494.599828125
297 494.759318955
298 494.98448248
299 495.190882378
300 495.462954971
301 495.622445801
302 495.753791191
303 495.932045648
304 496.035245597
305 496.110300105
306 496.251027309
307 496.382372698
308 496.523099901
309 496.729499799
310 496.870227002
311 496.992190578
312 497.067245087
313 497.226735917
314 497.348699493
315 497.536335764
316 497.705208408
317 497.733353848
318 497.874081051
319 498.014808254
320 498.118008203
321 498.211826339
322 498.333789915
323 498.465135305
324 498.512044372
325 498.652771575
326 498.755971524
327 498.868553287
328 498.981135049
329 499.112480439
330 499.225062201
331 499.393934845
332 499.525280235
333 499.581571116
334 499.712916506
335 499.844261895
336 500.003752725
337 500.116334488
338 500.22891625
339 500.379025267
340 500.49160703
341 500.576043351
342 500.698006928
343 500.791825063
344 500.951315893
345 501.10142491
346 501.214006672
347 501.382879316
348 501.476697452
349 501.654951909
350 501.84258818
351 501.908260874
352 502.16156984
353 502.330442484
354 502.518078755
355 502.705715026
356 502.921496737
357 503.06222394
358 503.240478397
359 503.35306016
360 503.437496482
361 503.568841871
362 503.718950888
363 503.822150837
364 503.944114413
365 504.150514311
366 504.281859701
367 504.422586904
368 504.535168666
369 504.647750429
370 504.760332191
371 504.919823021
372 505.079313852
373 505.210659241
374 505.379531885
375 505.44520458
376 505.520259088
377 505.614077224
378 505.76418624
379 505.876768003
380 505.933058884
381 506.05502246
382 506.120695155
383 506.233276917
384 506.336476866
385 506.486585883
386 506.561640391
387 506.692985781
388 506.786803916
389 506.95567656
390 507.058876509
391 507.162076458
392 507.302803661
393 507.443530864
394 507.509203559
395 507.69683983
396 507.771894338
397 507.903239728
398 508.072112372
399 508.194075948
400 508.30665771
401 508.428621286
402 508.503675795
403 508.616257557
404 508.775748387
405 508.91647559
406 508.991530099
407 509.160402742
408 509.263602691
409 509.348039013
410 509.49814803
411 509.610729793
412 509.713929741
413 509.835893318
414 509.939093266
415 510.023529588
416 510.192402232
417 510.286220368
418 510.380038503
419 510.455093011
420 510.633347469
421 510.727165604
422 510.839747367
423 511.074292705
424 511.233783535
425 511.336983484
426 511.468328874
427 511.627819704
428 511.693492399
429 511.852983229
430 511.984328619
431 512.125055822
432 512.20011033
433 512.387746601
434 512.509710177
435 512.612910126
436 512.763019143
437 512.903746346
438 513.053855362
439 513.175818939
440 513.269637074
441 513.344691582
442 513.447891531
443 513.52294604
444 513.616764175
445 513.8419277
446 513.963891276
447 514.104618479
448 514.235963869
449 514.348545631
450 514.42360014
451 514.536181902
452 514.658145478
453 514.798872681
454 514.864545376
455 514.986508952
456 515.136617969
457 515.296108799
458 515.446217816
459 515.577563205
460 515.680763154
461 515.812108544
462 515.962217561
463 516.018508442
464 516.131090204
465 516.25305378
466 516.38439917
467 516.534508187
468 516.647089949
469 516.731526271
470 516.862871661
471 516.984835237
472 517.116180626
473 517.200616948
474 517.313198711
475 517.397635032
476 517.547744049
477 517.650943998
478 517.819816642
479 517.951162031
480 518.082507421
481 518.195089184
482 518.298289132
483 518.373343641
484 518.47654359
485 518.551598098
486 518.63603442
487 518.739234369
488 518.833052504
489 519.001925148
490 519.114506911
491 519.311524995
492 519.40534313
493 519.555452147
494 519.733706604
495 519.874433808
496 520.033924638
497 520.155888214
498 520.334142671
499 520.503015315
500 520.634360704
501 520.709415213
502 520.765706094
503 520.88766967
504 521.028396873
505 521.225414958
506 521.431814856
507 521.619451126
508 521.825851024
509 522.060396363
510 522.23865082
511 522.463814345
512 522.68897787
513 523.017341344
514 523.355086632
515 523.702213733
516 524.058722647
517 524.49028607
518 525.015667629
519 525.531667373
520 526.179012508
521 526.901412151
522 527.914648013
523 529.077992892
524 530.428974042
525 531.864391514
526 533.478063444
527 535.467007914
528 537.634206843
529 540.148532872
530 542.822349731
531 545.75885737
532 548.967437602
533 552.757690273
534 556.66990652
535 560.638413648
536 565.188593216
537 570.104663512
538 574.926915673
539 580.415276595
540 586.297673686
541 591.954907251
542 597.56523175
543 604.226319364
544 610.483988997
545 618.111403407
546 625.447981597
547 631.855760246
548 639.314302012
549 646.463243931
550 653.715385799
551 661.539818293
552 669.21414177
553 677.42322862
554 684.806715877
555 692.940748218
556 701.581398491
557 709.602849069
558 717.680590529
559 725.805241056
560 733.864218889
561 742.017014857
562 750.404356164
563 758.0505342
564 766.606748151
565 775.23801661
566 783.465867086
567 791.440408597
568 799.565059124
569 808.111891261
570 816.396032619
571 825.261846416
572 833.921260315
573 842.083438097
574 850.902342826
575 860.171574606
576 869.271933742
577 879.244801537
578 887.857306369
579 897.63315608
580 907.69984201
581 918.723472922
582 929.202958649
583 940.001426036
584 951.55982032
585 964.140832279
586 977.256607611
587 991.319946111
588 1005.67412083
589 1021.01338597
590 1038.08828662
591 1055.80115059
592 1074.02063248
593 1091.87422365
594 1111.03188691
595 1131.86889478
596 1153.44706593
597 1175.4568005
598 1197.80428036
599 1219.57946959
600 1242.98709438
601 1266.79813715
602 1291.50983402
603 1316.55927617
604 1339.84493739
605 1363.95619819
606 1388.66789506
607 1412.872974
608 1437.31259827
609 1459.3598601
610 1482.55170317
611 1505.09620112
612 1527.03088118
613 1547.77407092
614 1566.32191629
615 1585.18874332
616 1603.99927948
617 1621.82472521
618 1639.50006192
619 1655.10201784
620 1670.84470096
621 1686.49356595
622 1700.96032243
623 1715.74606058
624 1728.88998135
625 1741.75244772
626 1755.12153201
627 1768.07781651
628 1780.03962878
629 1791.23213234
630 1802.36834501
631 1813.96426655
632 1824.60324311
633 1835.40171049
634 1845.26199652
635 1855.23486432
636 1865.49856834
637 1875.18998172
638 1884.91892237
639 1894.30073591
640 1903.05396794
641 1912.06050894
642 1920.97323181
643 1929.87657286
644 1938.60165946
645 1946.78260086
646 1955.22623305
647 1964.27968312
648 1972.91095158
649 1981.11065661
650 1989.18839807
651 1997.6601757
652 2006.12257152
653 2014.41609469
654 2022.40939983
655 2030.26197776
656 2037.98321031
657 2045.82640643
658 2053.61331167
659 2061.51279867
660 2068.96195862
661 2075.66995531
662 2083.21293339
663 2090.73714785
664 2098.69292574
665 2106.19837657
666 2113.49742751
667 2121.31247819
668 2129.15567431
669 2136.27647079
670 2143.81006706
671 2150.8370454
672 2157.901551
673 2165.18183831
674 2172.5184165
675 2179.30146769
676 2186.2346279
677 2193.55244246
678 2200.67323894
679 2207.67207184
680 2215.13999542
681 2221.95119205
682 2228.46217065
683 2235.29213091
684 2242.08456391
685 2249.14906951
686 2256.09161153
687 2262.54629925
688 2269.55451397
689 2276.70345588
690 2283.7773433
691 2290.84184889
692 2296.99631858
693 2303.84504246
694 2310.78758448
695 2317.34547215
696 2323.88459619
697 2330.71455645
698 2337.1973896
699 2344.01796805
700 2350.88545556
701 2357.31199784
702 2363.80421281
703 2370.53097312
704 2377.07947897
705 2383.87191198
706 2390.36412695
707 2396.67808746
708 2403.14215699
709 2409.79386279
710 2416.13596875
711 2422.39363838
712 2428.16345371
713 2434.55246873
714 2440.6975566
715 2446.78635359
716 2453.42867758
717 2459.27354741
718 2465.52183523
719 2472.27674098
720 2478.58131968
721 2484.43557133
722 2490.80582273
723 2497.11040143
724 2503.40559832
725 2510.06668593
726 2516.52137365
727 2522.74151603
728 2528.680204
729 2534.93787363
730 2541.64587031
731 2548.33510337
732 2554.68659114
733 2560.70971543
734 2567.09873045
735 2573.03741843
736 2579.19188811
737 2585.82483028
738 2592.46715427
739 2599.08133282
740 2605.62045686
741 2612.17834452
742 2618.71746856
743 2624.47790208
744 2630.81062622
745 2637.29345937
746 2643.87011067
747 2650.27788932
748 2656.53555895
749 2662.42733785
750 2668.82573469
751 2674.60493183
752 2680.96580141
753 2687.06398022
754 2692.98390456
755 2699.44797409
756 2705.80884367
757 2711.96331336
758 2718.14592848
759 2724.15967096
760 2730.19217707
761 2736.80635562
762 2743.19537064
763 2749.31231307
764 2755.65441902
765 2761.77136145
766 2768.30110368
767 2774.58691875
768 2780.59127942
769 2786.54873102
770 2793.03156417
771 2799.2141793
772 2805.27483085
773 2811.39177328
774 2817.67758835
775 2823.92587617
776 2830.48376383
777 2837.02288787
778 2843.41190289
779 2849.90411787
780 2856.22746019
781 2862.48512983
782 2868.98672661
783 2875.43203251
784 2881.83042935
785 2888.02242629
786 2894.67413209
787 2901.36336514
788 2908.0525982
789 2914.33841327
790 2920.05193772
791 2926.99447974
792 2933.23338575
793 2939.30341911
794 2945.81439771
795 2951.74370386
796 2957.94508262
797 2964.09017049
798 2970.28216742
799 2976.32405535
800 2982.50667047
801 2988.64237653
802 2994.88128253
803 3000.8199705
804 3007.32156729
805 3013.36345521
806 3019.7993793
807 3025.88817629
808 3032.38977307
809 3038.73187903
810 3044.89573052
811 3050.98452751
812 3057.36416072
813 3063.95957564
814 3070.06713626
815 3075.96829698
816 3081.77563956
817 3088.23032728
818 3094.77883313
819 3100.96144825
820 3107.54748136
821 3113.71133286
822 3120.42871135
823 3127.390017
824 3134.29503177
825 3140.32753787
826 3146.31313491
827 3152.76782263
828 3159.55087382
829 3165.98679791
830 3172.61035827
831 3179.33711858
832 3185.59478821
833 3192.40598485
834 3199.35790868
835 3205.9533236
836 3212.80204749
837 3219.70706225
838 3226.461968
839 3233.06676474
840 3240.19694303
841 3246.77359432
842 3253.41591831
843 3260.18020587
844 3267.13212971
845 3273.5680538
846 3279.49735996
847 3286.02710218
848 3292.83829881
849 3299.64949545
850 3305.77581969
851 3312.56825269
852 3319.13552217
853 3325.74970072
854 3332.55151554
855 3339.57849388
856 3346.67114492
857 3352.44096025
858 3359.04575698
859 3365.87571724
860 3373.04342279
861 3379.52625594
862 3386.03723454
863 3392.3136678
864 3398.77773733
865 3405.42006132
866 3412.36260334
867 3418.81729106
868 3425.31888784
869 3432.01750271
870 3439.18520826
871 3446.45611375
872 3453.49247391
873 3460.37872505
874 3467.70592143
875 3474.86424516
876 3481.62853272
877 3488.58983837
878 3495.6074349
879 3503.14103117
880 3510.59019113
881 3518.04873289
882 3525.31025657
883 3532.65621658
884 3540.54632177
885 3548.04239079
886 3556.49540479
887 3564.59190987
888 3572.2287061
889 3580.37212025
890 3588.4404799
891 3596.17109426
892 3604.34265385
893 3612.58926796
894 3620.59195491
895 3628.86671445
896 3637.00074679
897 3645.3880881
898 3653.26881147
899 3661.63738915
900 3669.94967595
901 3678.45898083
902 3686.78064945
903 3694.90529997
904 3702.90798693
905 3711.50172813
906 3719.61699684
907 3727.77917463
908 3735.94135241
909 3743.75640309
910 3752.14374439
911 3760.09014046
912 3768.28046369
913 3776.55522323
914 3784.82060096
915 3792.82328791
916 3801.07928383
917 3809.71055229
918 3817.85396644
919 3825.60334443
920 3833.50283143
921 3841.49613657
922 3849.79904155
923 3858.15823742
924 3866.20783344
925 3874.1448477
926 3882.40084361
927 3890.66622134
928 3898.95974451
929 3906.63406799
930 3915.13399106
931 3923.54009599
932 3932.20889171
933 3940.0989969
934 3948.10168385
935 3955.79477095
936 3964.44480304
937 3973.52639855
938 3981.72610358
939 3990.08529945
940 3998.14427728
941 4005.91241889
942 4014.66565093
943 4022.39626529
944 4030.63349758
945 4039.01145707
946 4047.49261651
947 4056.06759409
948 4064.66133529
949 4073.41456733
950 4081.94263584
951 4090.2267772
952 4098.77360933
953 4107.63942313
954 4116.84298222
955 4125.82137778
956 4134.34944629
957 4143.56238718
958 4152.31561922
959 4161.38783291
960 4170.12230132
961 4178.75356978
962 4187.87269254
963 4196.81356085
964 4206.46744698
965 4215.53027887
966 4224.22722002
967 4233.2900519
968 4242.49361098
969 4252.10058805
970 4261.01331092
971 4269.78530658
972 4279.16712012
973 4289.07431522
974 4298.56871053
975 4307.91299681
976 4317.55750114
977 4327.7836779
978 4337.63458212
979 4347.30723188
980 4356.99864527
981 4366.21158616
982 4375.3119453
983 4385.44430393
984 4395.29520814
985 4404.77083982
986 4413.8336717
987 4423.01846716
988 4432.69111692
989 4442.77656648
990 4452.2803436
991 4461.03357563
992 4470.28404379
993 4480.11618438
994 4489.57305243
995 4499.12373862
996 4507.99893423
997 4517.02423885
998 4526.07768892
999 4535.52517516
1000 4544.86007963
1001 4553.93229333
1002 4562.94821614
1003 4572.07672072
1004 4581.12078897
1005 4590.59642065
1006 4599.19016186
1007 4607.58688498
1008 4616.34011701
1009 4625.55305791
1010 4634.41887171
1011 4643.05952198
1012 4651.60635411
1013 4660.7442405
1014 4669.73201788
1015 4678.53215898
1016 4687.66066356
1017 4696.141823
1018 4704.90443685
1019 4713.40435992
1020 4721.98871931
1021 4730.39482424
1022 4738.30369306
1023 4746.65350711
1024 4755.60375723
1025 4764.96680714
1026 4774.31109343
1027 4782.9517437
1028 4791.31093957
1029 4800.36438964
1030 4808.68605825
1031 4817.48619935
1032 4825.7609589
1033 4833.66982771
1034 4842.20727804
1035 4850.7072011
1036 4858.92566977
1037 4867.09722936
1038 4874.89351642
1039 4883.06507601
1040 4891.27416286
1041 4899.51139515
1042 4908.05822729
1043 4915.66687807
1044 4923.92287399
1045 4932.46032431
1046 4940.74446567
1047 4948.96293433
1048 4956.83427589
1049 4964.70561745
1050 4973.23368596
1051 4982.31528147
1052 4990.94654993
1053 4999.17440041
1054 5007.13956011
1055 5015.91155577
1056 5024.3833334
1057 5033.28667445
1058 5041.78659752
1059 5049.71422996
1060 5058.24229847
1061 5066.77036698
1062 5075.36410818
1063 5083.94846757
1064 5091.91362727
1065 5100.23529588
1066 5109.12925512
1067 5117.63856
1068 5126.04466494
1069 5134.37571536
1070 5142.89440206
1071 5151.66639772
1072 5160.34457525
1073 5169.0415164
1074 5177.22245781
1075 5185.36587196
1076 5194.0534313
1077 5202.49706349
1078 5210.99698656
1079 5218.89647356
1080 5227.46206933
1081 5236.13086504
1082 5244.6964608
1083 5253.14947481
1084 5261.33979803
1085 5269.95230286
1086 5278.20829878
1087 5287.28989429
1088 5296.29643529
1089 5304.7588311
1090 5312.82719075
1091 5321.65547729
1092 5330.41809114
1093 5339.41525033
1094 5347.82135526
1095 5356.52767823
1096 5365.24338301
1097 5374.78468738
1098 5383.50977397
1099 5392.97602384
1100 5401.71987406
1101 5410.62321511
1102 5420.25833762
1103 5429.95913282
1104 5439.66930984
1105 5448.7227599
1106 5458.45170055
1107 5468.09620487
1108 5477.64689105
1109 5486.78477744
1110 5496.23226368
1111 5505.49211365
1112 5515.5025087
1113 5525.81312178
1114 5535.09173537
1115 5544.07951275
1116 5553.76154432
1117 5563.7250303
1118 5573.51026183
1119 5583.09847527
1120 5593.03381581
1121 5602.62202925
1122 5612.40726077
1123 5621.9204197
1124 5631.56492403
1125 5641.26571923
1126 5651.17291433
1127 5661.39909109
1128 5671.50330427
1129 5681.59813565
1130 5692.13391225
1131 5701.4500531
1132 5711.45106634
1133 5721.22691605
1134 5731.92218349
1135 5741.90443309
1136 5751.7459555
1137 5761.84078687
1138 5771.69169109
1139 5782.18994044
1140 5792.64128073
1141 5802.47342132
1142 5812.59639813
1143 5822.63493862
1144 5832.95493352
1145 5843.79092816
1146 5853.5855415
1147 5863.38015484
1148 5874.43193119
1149 5884.98647142
1150 5895.4284299
1151 5906.94929693
1152 5917.14732825
1153 5927.9927047
1154 5938.56600856
1155 5949.71160305
1156 5959.93777981
1157 5970.20148383
1158 5981.30016925
1159 5992.48329099
1160 6004.18241248
1161 6015.92844303
1162 6026.31411062
1163 6037.94755942
1164 6049.81555355
1165 6061.49591141
1166 6073.46710549
1167 6085.77604485
1168 6097.56898447
1169 6110.08432374
1170 6123.0124628
1171 6135.65914746
1172 6147.8836505
1173 6160.47404427
1174 6173.7962195
1175 6187.25912194
1176 6200.36551546
1177 6213.30303633
1178 6227.01924773
1179 6241.01691353
1180 6255.16468835
1181 6269.71588116
1182 6284.1544922
1183 6297.88946723
1184 6313.19120511
1185 6328.2865431
1186 6343.43817197
1187 6359.37787318
1188 6374.10732044
1189 6389.69989455
1190 6406.49334079
1191 6423.81216859
1192 6440.61499664
1193 6457.51164283
1194 6475.31832493
1195 6493.11562522
1196 6510.84725282
1197 6529.44200726
1198 6547.16425304
1199 6564.77391706
1200 6584.32561648
1201 6603.07047994
1202 6621.91854334
1203 6640.250607
1204 6658.70463424
1205 6678.17189734
1206 6697.4702878
1207 6717.53798696
1208 6736.17026866
1209 6755.10276839
1210 6774.28857708
1211 6794.09358547
1212 6813.27939416
1213 6831.28309435
1214 6848.32984955
1215 6866.41798606
1216 6882.95812334
1217 6900.13622393
1218 6916.535634
1219 6931.82799008
1220 6947.5706732
1221 6962.40332041
1222 6977.42360389
1223 6991.28054249
1224 7004.28373606
1225 7017.20249331
1226 7029.58648719
1227 7041.15426328
1228 7052.10283969
1229 7061.76610764
1230 7071.1666848
1231 7080.07940767
1232 7088.80449426
1233 7096.40376323
1234 7103.308778
1235 7110.24193821
1236 7116.48084421
1237 7121.77218705
1238 7126.75393004
1239 7131.73567303
1240 7136.00439819
1241 7140.18868703
1242 7144.15719416
1243 7147.56279248
1244 7150.64002732
1245 7153.59529859
1246 7156.34416995
1247 7158.75529603
1248 7161.19456755
1249 7163.04278482
1250 7164.65645675
1251 7166.43900132
1252 7168.16525502
1253 7169.68510881
1254 7171.13928991
1255 7172.34016204
1256 7173.68176138
1257 7175.02336072
1258 7176.19608741
1259 7177.31252322
1260 7178.24132276
1261 7179.29208588
1262 7180.39913988
1263 7181.41237574
1264 7182.33179347
1265 7183.35441114
1266 7184.2269198
1267 7185.15571934
1268 7186.01884619
1269 7186.88197303
1270 7187.78262713
1271 7188.62699035
1272 7189.39629906
1273 7190.31571679
1274 7191.06626187
1275 7191.79804333
1276 7192.69869743
1277 7193.48676977
1278 7194.23731485
1279 7194.95971449
1280 7195.68211414
1281 7196.46080466
1282 7197.17382249
1283 7197.98065845
1284 7198.95636706
1285 7199.71629396
1286 7200.33549365
1287 7201.17985687
1288 7201.81782019
1289 7202.64341978
1290 7203.24385585
1291 7203.97563731
1292 7204.75432783
1293 7205.5611638
1294 7206.22727256
1295 7206.9496722
1296 7207.61578096
1297 7208.23498065
1298 7208.88232579
1299 7209.52967092
1300 7210.23330694
1301 7210.94632477
1302 7211.74377892
1303 7212.40050587
1304 7213.24486909
1305 7214.03294142
1306 7214.72719563
1307 7215.45897708
1308 7216.12508584
1309 7216.87563093
1310 7217.59803057
1311 7218.29228477
1312 7218.92086628
1313 7219.72770224
1314 7220.21555655
1315 7220.82537443
1316 7221.500865
1317 7222.08253744
1318 7222.55162812
1319 7223.38660953
1320 7224.0621001
1321 7224.85017244
1322 7225.63824478
1323 7226.28558991
1324 7227.02675318
1325 7227.69286194
1326 7228.40587977
1327 7229.10013397
1328 7229.73809729
1329 7230.40420605
1330 7231.17351477
1331 7231.8208599
1332 7232.45882322
1333 7233.29380463
1334 7233.98805883
1335 7234.64478578
1336 7235.2170764
1337 7235.79874884
1338 7236.36165765
1339 7236.94333009
1340 7237.56252979
1341 7238.20987492
1342 7238.78216555
1343 7239.32631073
1344 7240.08623763
1345 7240.64914644
1346 7241.22143707
1347 7241.83125495
1348 7242.41292739
1349 7242.95707257
1350 7243.64194496
1351 7244.29867191
1352 7244.8428171
1353 7245.35881684
1354 7245.94987109
1355 7246.55968897
1356 7247.19765229
1357 7247.75117929
1358 7248.24841541
1359 7248.89576055
1360 7249.49619661
1361 7250.2467417
1362 7250.88470502
1363 7251.64463191
1364 7252.16063166
1365 7252.70477684
1366 7253.35212198
1367 7254.14957613
1368 7254.7500122
1369 7255.3035392
1370 7256.03532065
1371 7256.6920476
1372 7257.27372004
1373 7257.90230155
1374 7258.58717394
1375 7259.31895539
1376 7259.95691871
1377 7260.49168208
1378 7261.1296454
1379 7261.73946329
1380 7262.33989935
1381 7262.84651728
1382 7263.4094261
1383 7264.07553486
1384 7264.62906186
1385 7265.12629797
1386 7265.78302492
1387 7266.40222462
1388 7267.22782421
1389 7267.86578753
1390 7268.26920551
1391 7268.77582344
1392 7269.38564132
1393 7269.94855013
1394 7270.37073174
1395 7270.94302237
1396 7271.54345844
1397 7272.15327632
1398 7272.74433057
1399 7273.35414845
1400 7273.90767545
1401 7274.50811152
1402 7275.18360209
1403 7275.8121836
1404 7276.45014692
1405 7277.11625568
1406 7277.78236444
1407 7278.39218232
1408 7278.92694569
1409 7279.51799995
1410 7280.15596327
1411 7280.71887208
1412 7281.33807177
1413 7281.89159877
1414 7282.61399842
1415 7283.16752542
1416 7283.64599791
1417 7284.21828853
1418 7284.94068817
1419 7285.69123326
1420 7286.35734202
1421 7286.94839627
1422 7287.56759597
1423 7288.20555929
1424 7288.65588634
1425 7289.37828598
1426 7289.99748567
1427 7290.49472179
1428 7290.9825761
1429 7291.60177579
1430 7292.08024828
1431 7292.67130253
1432 7293.32802948
1433 7293.93784736
1434 7294.45384711
1435 7295.06366499
1436 7295.53275566
1437 7296.18948261
1438 7296.78053686
1439 7297.30591842
1440 7297.94388174
1441 7298.35668154
1442 7298.8820631
1443 7299.51064461
1444 7299.97973528
1445 7300.63646223
1446 7301.10555291
1447 7301.57464358
1448 7302.15631602
1449 7302.6254067
1450 7303.12264282
1451 7303.666788
1452 7304.09835143
1453 7304.55806029
1454 7305.03653278
1455 7305.55253253
1456 7305.92780507
1457 7306.41565937
1458 7306.90351368
1459 7307.35384073
1460 7307.76664052
1461 7308.21696757
1462 7308.63914918
1463 7309.08947623
1464 7309.51165784
1465 7309.90569401
1466 7310.32787562
1467 7310.75005723
1468 7311.16285702
1469 7311.58503863
1470 7311.92278392
1471 7312.45754729
1472 7312.92663797
1473 7313.31129233
1474 7313.85543751
1475 7314.30576456
1476 7314.72794617
1477 7315.24394592
1478 7315.61921846
1479 7316.04140007
1480 7316.56678163
1481 7316.98896323
1482 7317.42990847
1483 7317.87085371
1484 7318.2836535
1485 7318.78088962
1486 7319.28750755
1487 7319.69092553
1488 7320.16939803
1489 7320.57281601
1490 7321.0512885
1491 7321.44532467
1492 7321.84874265
1493 7322.2990697
1494 7322.80568763
1495 7323.44365095
1496 7324.0347052
1497 7324.59761402
1498 7325.03855925
1499 7325.50764993
1500 7326.03303149
1501 10000.0
