0 0.0
1 0.0
2 0.0
3 0.0
4 0.0
5 0.0
6 0.0
7 0.0
8 0.0
43 0.0472056609029
44 0.0708084913543
45 0.0708084913543
46 0.0708084913543
47 0.0944113218057
48 0.0944113218057
49 0.141616982709
50 0.16521981316
51 0.16521981316
52 0.16521981316
53 0.212425474063
54 0.236028304514
55 0.236028304514
56 0.259631134966
57 0.306836795869
58 0.306836795869
59 0.306836795869
60 0.354042456771
61 0.354042456771
62 0.377645287223
63 0.401248117674
64 0.424850948126
65 0.448453778577
66 0.472056609029
67 0.542865100383
68 0.566467930834
69 0.613673591737
70 0.66087925264
71 0.731687743994
72 0.731687743994
73 0.731687743994
74 0.755290574446
75 0.778893404897
76 0.802496235349
77 0.802496235349
78 0.849701896251
79 0.873304726703
80 0.896907557154
81 0.944113218057
82 0.967716048509
83 0.99131887896
84 0.99131887896
85 0.99131887896
86 0.99131887896
87 1.06212737031
88 1.10933303122
89 1.15653869212
90 1.18014152257
91 1.20374435302
92 1.25095001393
93 1.25095001393
94 1.25095001393
95 1.25095001393
96 1.27455284438
97 1.34536133573
98 1.36896416618
99 1.43977265754
100 1.51058114889
101 1.58138964025
102 1.62859530115
103 1.67580096205
104 1.74660945341
105 1.79381511431
106 1.88822643611
107 1.95903492747
108 2.02984341882
109 2.05344624927
110 2.05344624927
111 2.07704907973
112 2.12425474063
113 2.24226889289
114 2.31307738424
115 2.33668021469
116 2.36028304514
117 2.40748870605
118 2.45469436695
119 2.5255028583
120 2.59631134966
121 2.69072267146
122 2.80873682372
123 2.85594248462
124 2.90314814553
125 2.90314814553
126 2.95035380643
127 2.99755946733
128 3.13917645004
129 3.16277928049
130 3.18638211094
131 3.23358777185
132 3.2571906023
133 3.32799909365
134 3.46961607636
135 3.51682173726
136 3.56402739817
137 3.61123305907
138 3.70564438087
139 3.70564438087
140 3.82365853313
141 3.89446702449
142 3.91806985494
143 3.98887834629
144 4.0832896681
145 4.15409815945
146 4.1777009899
147 4.1777009899
148 4.29571514216
149 4.34292080306
150 4.41372929442
151 4.46093495532
152 4.48453778577
153 4.53174344667
154 4.55534627713
155 4.64975759893
156 4.74416892074
157 4.83858024254
158 4.9093887339
159 4.98019722525
160 5.0038000557
161 5.19262269931
162 5.33423968202
163 5.45225383428
164 5.57026798654
165 5.68828213879
166 5.90070761286
167 5.94791327376
168 6.11313308692
169 6.11313308692
170 6.18394157827
171 6.34916139143
172 6.41996988279
173 6.6559981873
174 6.86842366137
175 7.01004064407
176 7.12805479633
177 7.24606894859
178 7.36408310085
179 7.4348915922
180 7.4820972531
181 7.69452272717
182 7.85974254033
183 7.93055103168
184 8.07216801439
185 8.19018216665
186 8.3081963189
187 8.49701896251
188 8.56782745387
189 8.75665009748
190 8.89826708019
191 9.0398840629
192 9.18150104561
193 9.27591236741
194 9.37032368922
195 9.48833784147
196 9.65355765463
197 9.79517463734
198 9.98399728095
199 10.1256142637
200 10.2672312464
201 12.0374435302
202 25.1606172612
203 72.413483825
204 157.218453637
205 266.14551617
206 373.113543776
207 452.560671076
208 497.712885729
209 523.794013378
210 540.906065455
211 551.810573124
212 561.676556253
213 569.866738419
214 576.876779063
215 582.281827237
216 587.427244275
217 593.375157549
218 599.087042518
219 604.232459557
220 609.354273765
221 613.673591737
222 618.276143675
223 621.627745599
224 625.144567337
225 628.024112652
226 630.714835323
227 632.815487233
228 634.75091933
229 636.379514631
230 637.536053324
231 638.645386355
232 639.353471268
233 640.297584486
234 641.052875061
235 641.595740161
236 642.445442057
237 642.964704327
238 643.271541123
239 643.743597732
240 644.121243019
241 644.66410812
242 645.159767559
243 645.608221338
244 646.009469456
245 646.339909082
246 646.78836286
247 647.118802487
248 647.590859096
249 648.251738348
250 648.818206279
251 649.290262888
252 649.691511006
253 650.234376106
254 650.800844037
255 651.249297816
256 651.839368577
257 652.358630847
258 652.712673304
259 653.373552556
260 654.08163747
261 654.907736536
262 655.710232771
263 656.465523346
264 657.031991276
265 657.858090342
266 658.589778086
267 659.439479982
268 660.218373387
269 660.761238488
270 661.91777718
271 662.531450772
272 663.47556399
273 664.325265886
274 665.316584765
275 666.024669678
276 667.015988557
277 667.912896115
278 668.904214993
279 669.848328212
280 671.004866904
281 672.066994274
282 673.247135797
283 674.285660336
284 675.158965063
285 676.221092433
286 677.330425465
287 678.203730191
288 679.17144624
289 680.280779271
290 681.177686828
291 682.31062269
292 683.89201233
293 685.47340197
294 687.054791611
295 688.352947285
296 689.816322773
297 691.090875618
298 692.436236954
299 693.521967154
300 694.678505846
301 695.858647369
302 697.015186061
303 698.077313431
304 699.186646463
305 700.366787985
306 701.523326677
307 702.868688013
308 703.789198401
309 704.78051728
310 705.984261633
311 706.810360698
312 707.683665425
313 708.580572982
314 709.571891861
315 710.256373944
316 710.988061688
317 711.884969246
318 712.687465481
319 713.631578699
320 714.575691917
321 715.567010796
322 716.275095709
323 717.077591945
324 717.85648535
325 718.281336298
326 718.776995737
327 719.579491973
328 720.287576886
329 720.9956618
330 721.609335392
331 722.364625966
332 722.789476914
333 723.355944845
334 724.016824098
335 724.536086367
336 724.937334485
337 725.244171281
338 725.739830721
339 726.353504312
340 726.707546769
341 727.368426022
342 728.005702444
343 728.808198679
344 730.177162845
345 732.466637399
346 736.313898763
347 742.96989695
348 752.3874263
349 767.941691568
350 790.340777666
351 821.92136481
352 870.071138931
353 935.946638721
354 1027.24238691
355 1138.86017211
356 1280.3827435
357 1462.4549776
358 1676.15500451
359 1929.31896393
360 2207.99758307
361 2495.40924948
362 2813.29217
363 3155.3443889
364 3490.74060961
365 3821.93552651
366 4130.42452051
367 4425.76673795
368 4711.07775244
369 4970.28403646
370 5200.55325035
371 5399.78474219
372 5575.05936112
373 5738.15491954
374 5877.27000222
375 5997.59723186
376 6100.50557263
377 6186.9863434
378 6266.59869051
379 6337.76122433
380 6402.66900807
381 6459.05617002
382 6509.75504983
383 6558.32967489
384 6600.15389045
385 6637.84761069
386 6669.90025444
387 6697.20872927
388 6722.86500597
389 6745.09887226
390 6764.92524984
391 6780.97517454
392 6793.08342656
393 6804.57800499
394 6815.22288153
395 6824.30997125
396 6833.06662135
397 6840.10026482
398 6846.37861772
399 6851.57124042
400 6855.37129613
401 6858.79370654
402 6861.0123726
403 6863.46706697
404 6865.94536417
405 6867.76278211
406 6870.14666799
407 6872.20011424
408 6874.06473784
409 6876.23619824
410 6877.88839638
411 6879.35177186
412 6880.79154452
413 6882.27852284
414 6883.64748701
415 6884.85123136
416 6886.10218137
417 6887.5183512
418 6889.09974084
419 6890.58671916
420 6892.09730031
421 6894.07993807
422 6895.89735601
423 6897.73837679
424 6899.48498624
425 6901.27880135
426 6903.28504194
427 6904.93724007
428 6907.08509764
429 6908.85530993
430 6910.90875618
431 6912.79698261
432 6914.54359207
433 6916.24299586
434 6917.54115153
435 6918.57967607
436 6919.59459778
437 6920.72753365
438 6921.78966102
439 6922.85178839
440 6923.67788745
441 6924.48038369
442 6925.51890823
443 6926.22699314
444 6927.33632617
445 6928.37485071
446 6929.43697808
447 6930.59351677
448 6932.38733189
449 6934.41717531
450 6936.04577061
451 6938.50046498
452 6941.02596783
453 6943.55147069
454 6946.36020752
455 6949.33416415
456 6952.61495759
457 6956.24979348
458 6959.74301238
459 6963.18902563
460 6966.89467001
461 6970.48230024
462 6974.42397292
463 6978.1296173
464 6981.33960225
465 6984.28995605
466 6987.47633816
467 6990.16706083
468 6992.78697501
469 6994.86402409
470 6996.79945619
471 6998.85290244
472 7000.45789491
473 7001.77965342
474 7003.10141192
475 7004.25795061
476 7005.03684402
477 7005.76853176
478 7006.52382234
479 7007.20830442
480 7007.82197801
481 7008.34124028
482 7008.9785167
483 7009.56858747
484 7010.22946672
485 7011.00836012
486 7011.62203371
487 7012.3065158
488 7013.10901203
489 7013.88790544
490 7014.73760733
491 7015.54010357
492 7016.27179131
493 7017.38112434
494 7018.18362058
495 7019.29295361
496 7020.52030079
497 7021.98367628
498 7023.25822913
499 7024.72160461
500 7026.25578859
501 7027.69556125
502 7028.85209994
503 7030.38628392
504 7031.84965941
505 7033.21862358
506 7034.91802737
507 7036.61743116
508 7038.24602646
509 7040.15785573
510 7042.28211047
511 7044.7840105
512 7047.12069071
513 7049.62259074
514 7052.40772473
515 7055.47609269
516 7059.25254557
517 7062.62775032
518 7066.07376357
519 7068.85889756
520 7071.85645703
521 7074.94842782
522 7078.55966087
523 7082.38331941
524 7085.26286472
525 7087.57594211
526 7090.1250478
527 7093.0754016
528 7095.43568465
529 7097.37111674
530 7098.88169789
531 7100.84073282
532 7102.32771114
533 7103.62586681
534 7104.82961117
535 7105.44328476
536 7106.43460364
537 7107.16629138
538 7107.75636214
539 7108.46444706
540 7108.93650367
541 7109.36135461
542 7109.76260273
543 7110.25826217
544 7110.56509897
545 7110.8247301
546 7111.15516973
547 7111.41480086
548 7111.83965181
549 7112.09928295
550 7112.68935371
551 7113.09060182
552 7113.56265843
553 7113.98750938
554 7114.6247858
555 7115.38007638
556 7116.20617544
557 7116.70183488
558 7117.38631697
559 7118.33043019
560 7119.15652925
561 7120.33667077
562 7121.72923777
563 7123.31062741
564 7124.41996044
565 7125.95414442
566 7127.1814916
567 7128.47964728
568 7130.27346239
569 7132.138086
570 7133.69587281
571 7135.01763131
572 7136.69343228
573 7137.96798512
574 7139.17172947
575 7140.32826817
576 7141.72083516
577 7143.18421065
578 7144.31714651
579 7145.37927388
580 7146.25257861
581 7147.24389749
582 7148.06999655
583 7148.91969845
584 7149.5805777
585 7150.19425129
586 7150.64270507
587 7151.18557017
588 7151.53961263
589 7151.84644943
590 7152.01166924
591 7152.22409471
592 7152.43652019
593 7152.57813717
594 7152.71975415
595 7152.88497397
596 7153.09739944
597 7153.28622208
598 7153.35703058
599 7153.4514419
600 7153.47504473
601 7153.6874702
602 7153.80548435
603 7153.87629285
604 7153.94710134
605 7154.01790983
606 7154.06511549
607 7154.34834945
608 7154.5371721
609 7154.84400889
610 7155.12724286
611 7155.45768249
612 7155.71731362
613 7155.83532777
614 7156.07135608
615 7156.26017872
616 7156.49620703
617 7156.68502967
618 7156.89745514
619 7157.2514976
620 7157.5583344
621 7157.81796553
622 7158.00678817
623 7158.36083063
624 7158.62046177
625 7159.11612121
626 7159.422958
627 7159.89501461
628 7160.20185141
629 7160.39067405
630 7160.88633349
631 7161.16956745
632 7161.54721274
633 7161.9012552
634 7162.32610615
635 7162.4441203
636 7162.70375143
637 7162.96338257
638 7163.31742503
639 7163.62426182
640 7164.21433258
641 7164.96962316
642 7165.51248826
643 7166.29138166
644 7167.0938779
645 7167.8727713
646 7168.51004772
647 7169.5013666
648 7170.32746567
649 7171.38959304
650 7172.49892607
651 7173.77347892
652 7175.11884025
653 7176.44059876
654 7177.99838557
655 7179.72139219
656 7181.46800164
657 7183.2146111
658 7184.91401489
659 7187.81716303
660 7190.17744608
661 7192.23089233
662 7194.59117537
663 7197.49432352
664 7199.76019524
665 7202.54532924
666 7205.0000236
667 7207.66714344
668 7211.34918499
669 7214.8424039
670 7218.52444545
671 7221.49840209
672 7224.42515306
673 7227.18668423
674 7229.75939275
675 7231.812839
676 7233.77187392
677 7235.58929187
678 7237.26509283
679 7238.75207115
680 7240.21544664
681 7240.94713438
682 7242.03286458
683 7242.76455233
684 7243.37822592
685 7244.20432498
686 7244.81799857
687 7245.40806934
688 7246.04534576
689 7246.70622501
690 7247.13107596
691 7247.43791275
692 7247.65033823
693 7247.95717502
694 7248.1696005
695 7248.38202597
696 7248.54724579
697 7248.80687692
698 7249.04290523
699 7249.23172787
700 7249.44415334
701 7249.70378448
702 7249.86900429
703 7249.93981278
704 7250.01062127
705 7250.0342241
706 7250.17584109
707 7250.19944392
708 7250.31745807
709 7250.38826656
710 7250.43547222
711 7250.50628071
712 7250.55348637
713 7250.5770892
714 7250.71870619
715 7250.78951468
716 7250.90752883
717 7251.02554298
718 7251.14355714
719 7251.28517412
720 7251.45039393
721 7251.61561374
722 7251.89884771
723 7252.15847884
724 7252.37090432
725 7252.72494678
726 7252.93737225
727 7253.24420905
728 7253.69266282
729 7254.18832226
730 7254.6839817
731 7255.17964114
732 7255.98213738
733 7256.64301663
734 7257.53992419
735 7258.36602325
736 7259.14491666
737 7260.37226384
738 7261.2691714
739 7262.3549016
740 7263.36982331
741 7264.57356766
742 7266.06054598
743 7267.12267335
744 7268.37362336
745 7269.4829564
746 7270.8047149
747 7272.1972819
748 7273.2830121
749 7274.29793381
750 7275.26564986
751 7276.39858572
752 7277.69674139
753 7278.64085461
754 7279.44335085
755 7280.4110669
756 7281.75642823
757 7283.00737824
758 7283.76266882
759 7284.54156222
760 7285.46207261
761 7286.31177451
762 7286.9254481
763 7287.44471037
764 7287.98757547
765 7288.60124906
766 7289.14411416
767 7289.66337643
768 7290.15903587
769 7290.84351795
770 7291.69321985
771 7292.47211326
772 7293.10938968
773 7293.84107742
774 7294.50195667
775 7295.3752614
776 7296.39018311
777 7297.33429633
778 7298.23120389
779 7299.19891993
780 7300.3318558
781 7301.55920298
782 7302.59772752
783 7304.20271999
784 7305.80771246
785 7307.6959389
786 7309.06490306
787 7310.97673233
788 7312.55812197
789 7314.77678803
790 7316.6886173
791 7318.78926921
792 7321.10234659
793 7323.08498435
794 7325.16203343
795 7327.42790515
796 7329.7881882
797 7331.93604577
798 7333.96588919
799 7336.27896657
800 7338.47402981
801 7340.78710719
802 7342.74614212
803 7344.75238271
804 7346.66421197
805 7348.3164101
806 7350.03941673
807 7351.8804375
808 7353.15499035
809 7354.594763
810 7355.77490453
811 7356.5301951
812 7357.71033662
813 7358.91408098
814 7359.97620835
815 7360.9439244
816 7361.69921497
817 7362.40729988
818 7363.20979612
819 7363.8942782
820 7364.34273198
821 7364.9800084
822 7365.35765369
823 7365.71169615
824 7366.25456125
825 7366.65580936
826 7366.72661786
827 7366.96264616
828 7367.17507163
829 7367.36389428
830 7367.78874523
831 7368.40241882
832 7370.99873017
833 7375.53047361
834 7383.90947842
835 7392.45370305
836 7403.07497675
837 7416.15094482
838 7427.12626098
839 7437.93635733
840 7446.29175931
841 7454.78877827
842 7460.28823777
843 7465.83490292
844 7469.87098693
845 7474.16670207
846 7477.35308418
847 7480.11461534
848 7483.06496915
849 7485.23642955
850 7487.40788995
851 7488.80045695
852 7490.42905225
853 7491.89242774
854 7493.0253636
855 7494.27631362
856 7494.9607957
857 7496.02292307
858 7496.8254193
859 7497.72232686
860 7498.35960328
861 7499.02048254
862 7499.65775896
863 7499.94099292
864 7500.41304953
865 7500.79069482
866 7501.07392879
867 7501.33355992
868 7501.54598539
869 7501.80561653
870 7502.11245333
871 7502.37208446
872 7502.6317156
873 7503.03296371
874 7503.52862315
875 7503.81185712
876 7504.18950241
877 7504.47273637
878 7504.63795618
879 7505.0392043
880 7505.36964393
881 7505.74728921
882 7506.14853733
883 7506.52618262
884 7506.73860809
885 7507.16345904
886 7507.63551565
887 7508.10757226
888 7508.6032317
889 7509.1460968
890 7509.71256473
891 7510.37344398
892 7511.12873456
893 7511.64799683
894 7512.30887608
895 7513.15857798
896 7514.07908836
897 7515.02320158
898 7516.25054877
899 7517.40708746
900 7518.42200917
901 7519.62575352
902 7521.06552618
903 7522.43449034
904 7523.89786583
905 7525.26683
906 7526.98983662
907 7528.99607721
908 7531.02592063
909 7533.00855839
910 7535.06200464
911 7536.95023107
912 7538.909266
913 7540.7738896
914 7542.66211604
915 7544.80997361
916 7547.07584534
917 7549.15289442
918 7551.44236897
919 7553.80265201
920 7556.30455204
921 7558.45240961
922 7560.60026718
923 7562.86613891
924 7565.03759931
925 7566.80781159
926 7569.16809464
927 7571.26874655
928 7573.13337015
929 7574.87997961
930 7576.90982303
931 7578.86885795
932 7580.21421929
933 7581.55958062
934 7583.0937646
935 7584.36831745
936 7585.59566463
937 7586.87021748
938 7587.60190522
939 7588.56962127
940 7589.49013166
941 7590.36343638
942 7591.44916658
943 7592.18085433
944 7592.79452792
945 7593.40820151
946 7593.95106661
947 7594.5647402
948 7595.03679681
949 7595.43804493
950 7595.76848456
951 7596.00451286
952 7596.28774683
953 7596.83061193
954 7597.16105155
955 7597.46788835
956 7597.70391665
957 7597.93994496
958 7598.15237043
959 7598.36479591
960 7598.64802987
961 7598.71883836
962 7598.93126384
963 7599.02567516
964 7599.19089497
965 7599.45052611
966 7599.54493743
967 7599.59214309
968 7599.71015724
969 7599.7573629
970 7599.85177422
971 7599.99339121
972 7600.15861102
973 7600.25302234
974 7600.27662517
975 7600.34743366
976 7600.51265348
977 7600.6070648
978 7600.77228461
979 7600.89029876
980 7601.07912141
981 7601.19713556
982 7601.22073839
983 7601.43316387
984 7601.4567667
985 7601.4567667
986 7601.50397236
987 7601.57478085
988 7601.57478085
989 7601.62198651
990 7601.74000066
991 7601.81080915
992 7601.9288233
993 7601.9996318
994 7601.9996318
995 7601.9996318
996 7602.11764595
997 7602.11764595
998 7602.21205727
999 7602.2356601
1000 7602.25926293
1001 7602.35367425
1002 7602.40087991
1003 7602.4716884
1004 7602.58970256
1005 7602.70771671
1006 7602.7785252
1007 7602.82573086
1008 7602.92014218
1009 7603.01455351
1010 7603.085362
1011 7603.15617049
1012 7603.15617049
1013 7603.22697898
1014 7603.29778747
1015 7603.39219879
1016 7603.43940445
1017 7603.51021294
1018 7603.60462427
1019 7603.69903559
1020 7603.74624125
1021 7603.8642554
1022 7603.95866672
1023 7604.05307805
1024 7604.14748937
1025 7604.24190069
1026 7604.28910635
1027 7604.33631201
1028 7604.4071205
1029 7604.50153182
1030 7604.57234032
1031 7604.66675164
1032 7604.73756013
1033 7604.78476579
1034 7604.92638277
1035 7604.99719126
1036 7605.06799975
1037 7605.09160258
1038 7605.20961674
1039 7605.37483655
1040 7605.44564504
1041 7605.51645353
1042 7605.54005636
1043 7605.70527618
1044 7605.7996875
1045 7605.87049599
1046 7605.94130448
1047 7606.08292146
1048 7606.17733279
1049 7606.27174411
1050 7606.46056675
1051 7606.69659506
1052 7607.00343185
1053 7607.07424034
1054 7607.28666582
1055 7607.6643111
1056 7608.01835356
1057 7608.49041017
1058 7608.8208498
1059 7609.29290641
1060 7609.62334603
1061 7610.00099132
1062 7610.40223944
1063 7610.73267906
1064 7611.18113284
1065 7611.51157247
1066 7612.0780404
1067 7612.55009701
1068 7613.25818192
1069 7613.942664
1070 7614.46192627
1071 7615.31162817
1072 7615.8780961
1073 7616.46816686
1074 7617.05823762
1075 7617.88433669
1076 7618.5924216
1077 7619.41852067
1078 7620.45704521
1079 7621.28314427
1080 7622.13284617
1081 7622.65210844
1082 7623.43100185
1083 7624.35151223
1084 7625.27202262
1085 7625.90929904
1086 7626.64098679
1087 7627.75031982
1088 7628.81244719
1089 7629.44972361
1090 7630.25221985
1091 7631.21993589
1092 7631.85721232
1093 7632.49448874
1094 7633.36779347
1095 7633.98146706
1096 7634.80756612
1097 7635.5628567
1098 7636.20013312
1099 7636.79020388
1100 7637.47468596
1101 7638.30078503
1102 7638.86725296
1103 7639.43372089
1104 7640.07099731
1105 7640.73187657
1106 7641.32194733
1107 7641.95922375
1108 7642.40767753
1109 7642.97414546
1110 7643.32818792
1111 7643.75303886
1112 7644.27230113
1113 7644.72075491
1114 7645.00398888
1115 7645.0984002
1116 7645.47604549
1117 7645.85369077
1118 7646.11332191
1119 7646.32574738
1120 7646.60898135
1121 7646.84500965
1122 7647.12824362
1123 7647.31706626
1124 7647.48228608
1125 7647.60030023
1126 7647.83632853
1127 7647.93073985
1128 7648.16676816
1129 7648.52081062
1130 7648.56801628
1131 7648.6624276
1132 7648.80404458
1133 7648.96926439
1134 7649.01647006
1135 7649.22889553
1136 7649.37051251
1137 7649.55933516
1138 7649.63014365
1139 7649.96058327
1140 7650.19661158
1141 7650.2910229
1142 7650.55065403
1143 7650.64506536
1144 7650.78668234
1145 7651.0699163
1146 7651.3767531
1147 7651.58917857
1148 7651.77800122
1149 7652.13204367
1150 7652.27366066
1151 7652.4624833
1152 7652.65130594
1153 7652.95814274
1154 7653.19417104
1155 7653.50100784
1156 7653.94946162
1157 7654.18548992
1158 7654.56313521
1159 7654.89357484
1160 7655.41283711
1161 7656.05011353
1162 7656.49856731
1163 7656.94702109
1164 7657.48988619
1165 7658.05635412
1166 7658.62282205
1167 7659.47252395
1168 7660.25141735
1169 7661.10111925
1170 7661.62038152
1171 7662.39927492
1172 7663.22537399
1173 7663.95706173
1174 7664.71235231
1175 7665.5620542
1176 7666.31734478
1177 7667.33226649
1178 7668.22917404
1179 7669.33850707
1180 7670.28262029
1181 7671.297542
1182 7672.17084673
1183 7673.16216561
1184 7674.17708732
1185 7675.33362601
1186 7676.46656187
1187 7677.38707226
1188 7678.37839114
1189 7679.44051851
1190 7680.71507135
1191 7681.87161004
1192 7682.91013458
1193 7684.42071573
1194 7685.95489971
1195 7687.1114384
1196 7688.29157993
1197 7689.40091296
1198 7690.65186297
1199 7691.47796204
1200 7692.42207526
1201 7693.57861395
1202 7695.04198944
1203 7695.8680885
1204 7696.85940738
1205 7697.87432909
1206 7699.03086778
1207 7699.83336402
1208 7700.73027157
1209 7701.57997347
1210 7702.57129235
1211 7703.65702255
1212 7704.43591596
1213 7705.38002917
1214 7706.15892258
1215 7706.89061032
1216 7707.43347542
1217 7707.99994335
1218 7708.7316311
1219 7709.22729054
1220 7709.69934715
1221 7709.95897828
1222 7710.40743206
1223 7710.80868018
1224 7711.46955943
1225 7711.87080755
1226 7712.20124717
1227 7712.86212643
1228 7713.28697737
1229 7713.54660851
1230 7713.99506229
1231 7714.58513305
1232 7714.91557268
1233 7715.31682079
1234 7715.57645193
1235 7715.83608306
1236 7716.26093401
1237 7716.56777081
1238 7716.78019628
1239 7717.01622459
1240 7717.32306138
1241 7717.62989818
1242 7717.84232365
1243 7718.00754346
1244 7718.21996894
1245 7718.47960007
1246 7718.83364253
1247 7719.06967083
1248 7719.23489065
1249 7719.37650763
1250 7719.56533027
1251 7719.6597416
1252 7719.84856424
1253 7720.06098971
1254 7720.34422368
1255 7720.58025198
1256 7720.72186897
1257 7720.93429444
1258 7721.05230859
1259 7721.12311708
1260 7721.2883369
1261 7721.47715954
1262 7721.59517369
1263 7721.64237935
1264 7721.85480483
1265 7721.99642181
1266 7722.16164162
1267 7722.25605295
1268 7722.39766993
1269 7722.56288974
1270 7722.79891805
1271 7722.84612371
1272 7722.98774069
1273 7723.1529605
1274 7723.29457749
1275 7723.38898881
1276 7723.48340013
1277 7723.62501711
1278 7723.74303126
1279 7723.81383976
1280 7724.0026624
1281 7724.21508787
1282 7724.38030769
1283 7724.52192467
1284 7724.59273316
1285 7724.61633599
1286 7724.7815558
1287 7724.92317279
1288 7725.04118694
1289 7725.11199543
1290 7725.15920109
1291 7725.20640675
1292 7725.34802374
1293 7725.3952294
1294 7725.46603789
1295 7725.60765487
1296 7725.65486053
1297 7725.70206619
1298 7725.72566902
1299 7725.79647751
1300 7725.867286
1301 7725.9380945
1302 7725.98530016
1303 7726.12691714
1304 7726.24493129
1305 7726.36294544
1306 7726.41015111
1307 7726.45735677
1308 7726.4809596
1309 7726.55176809
1310 7726.62257658
1311 7726.76419356
1312 7726.78779639
1313 7726.90581054
1314 7726.95301621
1315 7727.09463319
1316 7727.18904451
1317 7727.21264734
1318 7727.37786715
1319 7727.47227848
1320 7727.5666898
1321 7727.59029263
1322 7727.66110112
1323 7727.73190961
1324 7727.77911527
1325 7727.82632093
1326 7727.96793792
1327 7727.99154075
1328 7728.08595207
1329 7728.13315773
1330 7728.15676056
1331 7728.22756905
1332 7728.29837754
1333 7728.36918603
1334 7728.46359735
1335 7728.60521434
1336 7728.65242
1337 7728.74683132
1338 7728.79403698
1339 7728.8884483
1340 7728.98285962
1341 7729.05366812
1342 7729.07727095
1343 7729.14807944
1344 7729.1952851
1345 7729.33690208
1346 7729.38410774
1347 7729.4313134
1348 7729.52572472
1349 7729.59653322
1350 7729.62013605
1351 7729.64373888
1352 7729.71454737
1353 7729.76175303
1354 7729.78535586
1355 7729.78535586
1356 7729.87976718
1357 7729.99778133
1358 7730.04498699
1359 7730.09219266
1360 7730.13939832
1361 7730.18660398
1362 7730.23380964
1363 7730.25741247
1364 7730.30461813
1365 7730.35182379
1366 7730.42263228
1367 7730.46983794
1368 7730.46983794
1369 7730.46983794
1370 7730.49344077
1371 7730.5170436
1372 7730.54064643
1373 7730.56424926
1374 7730.5878521
1375 7730.65866059
1376 7730.70586625
1377 7730.80027757
1378 7730.84748323
1379 7730.89468889
1380 7730.94189455
1381 7730.96549738
1382 7731.03630587
1383 7731.0599087
1384 7731.08351153
1385 7731.10711437
1386 7731.15432003
1387 7731.17792286
1388 7731.22512852
1389 7731.27233418
1390 7731.27233418
1391 7731.31953984
1392 7731.39034833
1393 7731.41395116
1394 7731.43755399
1395 7731.46115682
1396 7731.48475965
1397 7731.53196531
1398 7731.57917097
1399 7731.57917097
1400 7731.6027738
1401 7731.76799362
1402 7731.81519928
1403 7731.83880211
1404 7731.93321343
1405 7732.02762475
1406 7732.09843324
1407 7732.19284457
1408 7732.2164474
1409 7732.31085872
1410 7732.54688702
1411 7732.61769551
1412 7732.71210684
1413 7732.80651816
1414 7733.04254646
1415 7733.20776628
1416 7733.5382059
1417 7733.67982288
1418 7733.98665968
1419 7734.24629082
1420 7734.50592195
1421 7735.28481536
1422 7735.87488612
1423 7736.2525314
1424 7736.96061632
1425 7737.62149557
1426 7738.58921162
1427 7739.50972201
1428 7740.78427485
1429 7742.03522486
1430 7743.3805862
1431 7744.60793338
1432 7746.73218812
1433 7748.24276927
1434 7750.60305232
1435 7752.72730706
1436 7754.92237029
1437 7758.29757505
1438 7761.55476565
1439 7765.11879305
1440 7768.65921761
1441 7773.07294691
1442 7777.41586771
1443 7782.65569607
1444 7787.77751028
1445 7793.93784903
1446 7800.35781891
1447 7807.39146238
1448 7816.26612663
1449 7823.98425219
1450 7833.33097305
1451 7842.06402032
1452 7853.06293931
1453 7862.50407149
1454 7873.76262161
1455 7884.45470381
1456 7896.13810488
1457 7911.00788807
1458 7924.86274954
1459 7941.92759596
1460 7957.48186122
1461 7975.70324633
1462 7992.27243331
1463 8011.83917975
1464 8031.35872054
1465 8054.08824626
1466 8074.43388611
1467 8095.25158257
1468 8120.50661115
1469 8141.46592459
1470 8167.66506639
1471 8191.6219393
1472 8220.18136415
1473 8244.20904555
1474 8274.49147702
1475 8302.10678865
1476 8332.01157483
1477 8362.78966574
1478 8392.0571755
1479 8427.03657023
1480 8455.83202338
1481 8490.3393615
1482 8521.84914015
1483 8558.17389621
1484 8589.56566071
1485 8624.73387809
1486 8655.79520296
1487 8687.87144954
1488 8723.13407824
1489 8754.5730484
1490 8791.91272617
1491 8822.8560369
1492 8860.47894864
1493 8892.57879805
1494 8929.42281638
1495 8960.69656673
1496 8995.03868504
1497 9025.391925
1498 9056.2408244
1499 9091.7394814
1500 9121.83309022
1501 10000.0
