0 0.0
1 0.0
2 0.0
3 0.0
4 0.0
5 0.0
6 0.0
7 0.0
8 0.0
53 0.0108390861783
54 0.26013806828
55 1.52831115114
56 3.85871467948
57 10.9149597816
58 28.2791758392
59 63.8638957627
60 115.154451558
61 156.408013553
62 229.344224447
63 291.528061852
64 339.837868949
65 374.447071116
66 397.165795746
67 414.118126529
68 426.778179185
69 436.034758782
70 444.814418586
71 451.643042878
72 457.723770224
73 463.305899606
74 467.739085853
75 472.324019307
76 476.31280302
77 480.041448666
78 484.962393791
79 489.991729777
80 494.999387592
81 499.898654544
82 504.451070739
83 509.187751399
84 513.783523939
85 517.75062948
86 520.427883766
87 522.725770036
88 525.164564426
89 527.668393333
90 529.760336966
91 531.906476029
92 533.402269921
93 534.9089029
94 535.949455173
95 537.80293891
96 539.396284578
97 540.729492178
98 542.008504347
99 542.723884035
100 543.265838344
101 543.959539859
102 544.631563202
103 545.227712942
104 545.899736285
105 546.951127644
106 548.208461641
107 549.075588535
108 549.888519999
109 550.517186997
110 551.828716425
111 553.552131127
112 554.636039745
113 555.47064938
114 556.283580844
115 556.727983377
116 557.183224997
117 557.746857478
118 558.343007218
119 558.949996044
120 559.795444766
121 560.52166354
122 561.117813279
123 561.735641192
124 562.743676206
125 563.773389393
126 564.987367045
127 566.494000024
128 567.989793916
129 569.409714206
130 570.959703529
131 571.783474079
132 573.333463402
133 574.50408471
134 575.52295881
135 576.57435017
136 577.300568944
137 577.940075028
138 578.2760867
139 578.64461563
140 579.099857249
141 579.52258161
142 579.901949626
143 580.324673987
144 580.85578921
145 581.462778036
146 582.102284121
147 583.045284618
148 583.717307961
149 584.465204908
150 585.321492716
151 585.906803369
152 586.849803867
153 587.944551571
154 588.746643948
155 589.754678963
156 590.350828702
157 590.762713977
158 591.077047476
159 591.391380975
160 591.66235813
161 591.911657112
162 592.25850787
163 592.475289593
164 592.789623092
165 592.963048471
166 593.114795678
167 593.342416488
168 593.559198211
169 593.765140849
170 594.068635261
171 594.274577899
172 594.513037795
173 594.762336777
174 595.120026621
175 595.412681948
176 595.737854533
177 596.095544377
178 596.323165187
179 596.604981427
180 596.984349443
181 597.320361115
182 597.688890045
183 597.949028113
184 598.285039785
185 598.577695112
186 598.967902214
187 599.585730126
188 600.366144331
189 600.875581381
190 601.41753569
191 602.403892533
192 603.34689303
193 603.921364598
194 604.593387941
195 605.124503163
196 605.601422955
197 606.490228022
198 607.595814812
199 608.560493482
200 609.55768941
201 610.186356409
202 610.684954373
203 611.129356906
204 611.638793957
205 612.159070093
206 612.408369075
207 612.635989885
208 612.82025435
209 613.04787516
210 613.232139625
211 613.41640409
212 613.709059417
213 613.882484795
214 614.207657381
215 614.370243673
216 614.587025397
217 614.803807121
218 615.085623361
219 615.291565999
220 615.508347722
221 615.735968532
222 615.876876652
223 616.147853807
224 616.353796444
225 616.809038064
226 617.524417751
227 618.43490099
228 619.811464935
229 621.133833449
230 623.442558805
231 625.523663351
232 629.273987169
233 634.184093207
234 641.728097188
235 648.383296101
236 655.482897548
237 662.409073616
238 669.259376081
239 679.41559983
240 687.685822584
241 695.565838235
242 704.573118849
243 716.366044612
244 723.725784127
245 732.700547482
246 745.891715361
247 761.565033975
248 779.080997239
249 793.377751908
250 808.509116213
251 819.857639442
252 829.547782486
253 836.083751451
254 841.991053418
255 845.719699064
256 849.708482777
257 852.689231476
258 855.420681193
259 857.902831928
260 860.157361853
261 862.812937967
262 864.948237944
263 867.538779541
264 869.403102363
265 871.570919599
266 873.316012474
267 874.866001797
268 875.917393156
269 876.892910912
270 877.792555065
271 878.57296927
272 879.147440838
273 879.700234233
274 880.112119507
275 880.350579403
276 880.654073816
277 881.000924574
278 881.304418987
279 881.564557055
280 881.83553421
281 882.128189537
282 882.442523036
283 882.648465673
284 882.941121
285 883.233776327
286 883.483075309
287 883.699857032
288 883.992512359
289 884.285167686
290 884.566983927
291 884.816282909
292 885.076420977
293 885.260685442
294 885.509984424
295 885.802639751
296 886.062777819
297 886.322915888
298 886.550536697
299 886.799835679
300 886.984100144
301 887.125008265
302 887.385146333
303 887.666962574
304 887.927100642
305 888.143882366
306 888.252273227
307 888.458215865
308 888.707514847
309 888.935135657
310 889.086882863
311 889.281986414
312 889.509607224
313 889.693871689
314 889.910653413
315 890.084078791
316 890.214147826
317 890.409251377
318 890.636872187
319 890.745263048
320 890.9403666
321 891.113791978
322 891.30889553
323 891.503999081
324 891.655746287
325 891.785815321
326 891.915884356
327 892.067631562
328 892.230217855
329 892.349447803
330 892.512034095
331 892.64210313
332 892.78301125
333 892.967275715
334 893.086505663
335 893.238252869
336 893.422517334
337 893.552586369
338 893.693494489
339 893.899437126
340 894.083701591
341 894.267966056
342 894.441391435
343 894.593138642
344 894.701529503
345 894.929150313
346 895.091736606
347 895.22180564
348 895.438587364
349 895.687886346
350 895.893828983
351 896.110610707
352 896.294875172
353 896.500817809
354 896.717599533
355 896.945220342
356 897.205358411
357 897.302910186
358 897.476335565
359 897.74731272
360 897.88822084
361 898.039968046
362 898.25674977
363 898.441014235
364 898.592761441
365 898.798704079
366 898.99380763
367 899.123876664
368 899.340658388
369 899.546601025
370 899.806739093
371 900.001842645
372 900.218624368
373 900.457084264
374 900.55463604
375 900.749739591
376 900.999038573
377 901.183303038
378 901.378406589
379 901.562671054
380 901.671061916
381 901.811970036
382 901.920360898
383 902.158820794
384 902.299728914
385 902.494832466
386 902.635740586
387 902.787487792
388 902.939234999
389 903.166855809
390 903.286085757
391 903.448672049
392 903.600419256
393 903.795522807
394 903.925591841
395 904.185729909
396 904.283281685
397 904.46754615
398 904.684327874
399 904.966144114
400 905.226282183
401 905.421385734
402 905.649006544
403 905.80075375
404 905.974179129
405 906.212639025
406 906.494455265
407 906.67871973
408 906.819627851
409 906.99305323
410 907.166478609
411 907.339903987
412 907.545846625
413 907.654237487
414 907.805984693
415 908.022766417
416 908.163674537
417 908.369617174
418 908.564720726
419 908.792341535
420 908.922410569
421 909.182548638
422 909.43184762
423 909.594433912
424 909.843732895
425 910.060514618
426 910.255618169
427 910.353169945
428 910.515756238
429 910.645825272
430 910.819250651
431 911.025193288
432 911.166101408
433 911.317848615
434 911.534630338
435 911.675538459
436 911.794768407
437 911.968193786
438 912.09826282
439 912.271688199
440 912.390918146
441 912.618538956
442 912.770286163
443 912.932872455
444 913.073780576
445 913.247205955
446 913.409792247
447 913.637413057
448 913.79999935
449 913.919229298
450 914.08181559
451 914.255240969
452 914.374470917
453 914.558735382
454 914.721321675
455 914.883907967
456 915.089850605
457 915.241597811
458 915.306632328
459 915.480057707
460 915.696839431
461 915.881103896
462 916.065368361
463 916.195437395
464 916.412219119
465 916.52060998
466 916.672357187
467 916.878299824
468 917.019207945
469 917.192633323
470 917.333541444
471 917.680392201
472 917.875495753
473 918.027242959
474 918.189829252
475 918.341576458
476 918.493323665
477 918.666749044
478 918.796818078
479 918.959404371
480 919.176186094
481 919.338772387
482 919.544715024
483 919.718140403
484 919.848209437
485 920.032473902
486 920.184221109
487 920.390163746
488 920.541910953
489 920.650301814
490 920.899600796
491 921.040508917
492 921.203095209
493 921.354842416
494 921.528267795
495 921.71253226
496 921.885957639
497 922.091900276
498 922.232808396
499 922.395394689
500 922.623015499
501 922.774762705
502 922.883153567
503 923.024061687
504 923.295038842
505 923.457625135
506 923.631050513
507 923.69608503
508 923.836993151
509 923.934544926
510 924.053774874
511 924.173004822
512 924.335591115
513 924.51985558
514 924.639085528
515 924.801671821
516 925.040131717
517 925.278591613
518 925.419499733
519 925.571246939
520 925.755511404
521 925.85306318
522 925.983132214
523 926.124040334
524 926.384178403
525 926.633477385
526 926.785224591
527 926.904454539
528 927.088719004
529 927.272983469
530 927.511443365
531 927.739064175
532 927.858294123
533 928.06423676
534 928.237662139
535 928.454443863
536 928.682064672
537 928.855490051
538 929.061432689
539 929.289053498
540 929.538352481
541 929.679260601
542 929.85268598
543 930.080306789
544 930.297088513
545 930.513870237
546 930.752330133
547 931.066663632
548 931.196732666
549 931.294284441
550 931.55442251
551 931.782043319
552 931.966307785
553 932.215606767
554 932.562457524
555 932.714204731
556 932.941825541
557 933.061055489
558 933.180285436
559 933.39706716
560 933.635527056
561 933.895665124
562 934.101607762
563 934.36174583
564 934.686918415
565 934.936217397
566 935.087964604
567 935.218033638
568 935.391459017
569 935.60824074
570 935.803344292
571 935.987608757
572 936.128516877
573 936.247746825
574 936.453689462
575 936.702988444
576 936.876413823
577 937.136551892
578 937.331655443
579 937.602632597
580 937.808575235
581 938.047035131
582 938.242138682
583 938.393885888
584 938.578150353
585 938.816610249
586 939.033391973
587 939.250173696
588 939.358564558
589 939.618702626
590 939.748771661
591 940.019748815
592 940.236530539
593 940.464151348
594 940.702611244
595 940.897714795
596 941.103657433
597 941.320439156
598 941.591416311
599 941.819037121
600 942.13337062
601 942.41518686
602 942.718681273
603 942.957141169
604 943.249796496
605 943.596647254
606 943.921819839
607 944.138601563
608 944.463774148
609 944.821463992
610 945.211671094
611 945.634395455
612 946.089637075
613 946.479844177
614 947.021798486
615 947.639626398
616 948.344167
617 948.983673084
618 949.796604548
619 950.696248701
620 951.552536509
621 952.788192333
622 954.229790795
623 955.552159309
624 956.972079598
625 958.576264352
626 960.462265347
627 962.445818118
628 964.776221646
629 967.420958674
630 969.95730484
631 973.143996176
632 976.330687512
633 979.950942296
634 983.809656975
635 987.700888913
636 992.621834038
637 997.824595404
638 1003.04903494
639 1008.99969325
640 1015.22132872
641 1022.04995301
642 1029.78906054
643 1038.23270868
644 1047.1532766
645 1056.37733894
646 1066.11083833
647 1077.0366372
648 1087.96243606
649 1099.09417757
650 1110.50773531
651 1122.8317763
652 1137.11769188
653 1151.34941203
654 1166.07973015
655 1181.67717516
656 1198.17426432
657 1215.74442302
658 1234.20338678
659 1253.17178759
660 1272.67130363
661 1292.32256687
662 1313.72976207
663 1336.15583137
664 1358.78784331
665 1382.2436258
666 1404.31200526
667 1428.71078825
668 1454.21515803
669 1479.29680345
670 1504.20502348
671 1530.20799122
672 1556.77459145
673 1584.67439927
674 1612.35742537
675 1640.56072761
676 1667.83186843
677 1697.1841138
678 1726.92656628
679 1756.52811063
680 1784.89399916
681 1812.78296789
682 1841.49570718
683 1872.41962005
684 1903.88548722
685 1934.78772192
686 1965.06128961
687 1994.76038574
688 2025.47835597
689 2057.08513127
690 2087.58631977
691 2118.44519812
692 2148.17681151
693 2178.33114926
694 2209.93792455
695 2241.33875721
696 2271.82910663
697 2301.23554743
698 2331.85596589
699 2362.7473615
700 2394.51672308
701 2425.80916488
702 2456.26699704
703 2486.7248292
704 2517.9413974
705 2550.41529959
706 2581.01403987
707 2611.95963091
708 2642.89438286
709 2675.65010129
710 2706.82331314
711 2737.9856859
712 2768.5735871
713 2799.79015529
714 2832.48083921
715 2864.78131602
716 2897.63458622
717 2930.31443105
718 2960.86981499
719 2993.77728063
720 3026.21866556
721 3059.16948754
722 3092.78149378
723 3125.00609699
724 3158.85656312
725 3192.94548915
726 3227.86902482
727 3262.20724983
728 3295.49408348
729 3331.40397599
730 3368.5712025
731 3405.25067013
732 3442.82978191
733 3479.44421502
734 3518.18310902
735 3558.7429695
736 3598.71751932
737 3639.40744884
738 3677.58271036
739 3719.0313759
740 3761.70485819
741 3805.15875468
742 3848.33083492
743 3890.20222483
744 3933.99213299
745 3979.97153656
746 4026.39534266
747 4073.87054012
748 4120.0775645
749 4166.75066958
750 4216.01431627
751 4265.72236548
752 4317.15382939
753 4367.14369485
754 4417.70803187
755 4471.04717495
756 4523.62758201
757 4576.955886
758 4630.44677629
759 4683.7642412
760 4739.07609797
761 4794.46382834
762 4850.63197292
763 4905.27180634
764 4957.99312152
765 5011.36478186
766 5064.72560311
767 5119.76648273
768 5174.14617808
769 5226.39057346
770 5279.01433686
771 5332.44019263
772 5383.80662203
773 5436.15940827
774 5484.55592806
775 5534.36152905
776 5584.63321074
777 5634.76398432
778 5684.26609089
779 5730.50563253
780 5774.26302343
781 5819.4620128
782 5863.86974887
783 5906.17470222
784 5947.11393072
785 5985.65772117
786 6024.72178776
787 6064.19773962
788 6101.52755242
789 6137.01472056
790 6170.68092223
791 6203.83768685
792 6237.54724487
793 6269.44667549
794 6298.99402441
795 6324.62846322
796 6350.3712929
797 6374.48825964
798 6397.58635229
799 6418.96103023
800 6437.71264932
801 6456.5509811
802 6473.83932355
803 6490.62906804
804 6506.47581204
805 6520.13306062
806 6533.49765388
807 6546.59126998
808 6558.40587392
809 6569.54845451
810 6579.3578275
811 6588.87454516
812 6597.86014761
813 6606.15204853
814 6613.84779972
815 6620.87152756
816 6627.17987572
817 6633.68332743
818 6639.82908929
819 6645.40037958
820 6650.47307192
821 6655.57828151
822 6660.55342206
823 6665.073321
824 6669.5390245
825 6674.47080872
826 6678.31868431
827 6682.63264061
828 6686.70813701
829 6690.33923088
830 6694.05703744
831 6697.90491303
832 6701.49265056
833 6705.01535357
834 6708.33211394
835 6712.03908141
836 6715.30164635
837 6718.31491231
838 6721.41489095
839 6724.38480057
840 6727.54981373
841 6730.25958527
842 6733.22949489
843 6735.885071
844 6738.61652072
845 6741.34797044
846 6743.84096026
847 6746.40982368
848 6748.93533076
849 6751.30909063
850 6753.55278147
851 6755.79647231
852 6758.14855401
853 6760.34888851
854 6762.64677478
855 6765.17228186
856 6767.5677199
857 6769.64882445
858 6771.83831985
859 6774.01697618
860 6776.20647158
861 6778.34177156
862 6780.69385326
863 6782.95922227
864 6785.35466032
865 6787.52247755
866 6789.57106484
867 6791.82559477
868 6794.00425109
869 6796.04199929
870 6798.27485104
871 6800.94126624
872 6803.04404896
873 6805.2118662
874 6807.23877531
875 6809.23316717
876 6811.16252451
877 6813.24362906
878 6815.4873199
879 6817.2866082
880 6819.47610361
881 6821.75231171
882 6823.92012894
883 6825.97955532
884 6827.78968271
885 6829.79491365
886 6831.72427099
887 6833.93544457
888 6835.9515146
889 6838.09765366
890 6840.07036735
891 6841.89133383
892 6843.86404751
893 6845.71753125
894 6847.50598047
895 6849.47869415
896 6851.38637332
897 6853.26153523
898 6854.94159358
899 6856.78423823
900 6858.70275649
901 6860.76218286
902 6862.58314934
903 6864.37159856
904 6866.11669143
905 6867.80758888
906 6869.76946348
907 6871.54707361
908 6873.11874111
909 6874.80963855
910 6876.66312229
911 6878.46241059
912 6880.24002072
913 6881.7466537
914 6883.28580394
915 6884.6515288
916 6886.40746076
917 6887.97912826
918 6889.61583027
919 6891.26337137
920 6892.70496983
921 6894.26579824
922 6895.92417842
923 6897.56088044
924 6899.06751342
925 6900.53079005
926 6902.03742303
927 6903.33811337
928 6904.53041285
929 6905.70103416
930 6907.11011536
931 6908.45416205
932 6909.84156508
933 6911.25064628
934 6912.67056657
935 6914.04713051
936 6915.34782086
937 6916.78941932
938 6918.18766143
939 6919.56422538
940 6920.84323755
941 6921.91630708
942 6923.24951468
943 6924.43097507
944 6925.79669993
945 6927.17326388
946 6928.65821868
947 6929.80716182
948 6930.97778313
949 6932.26763438
950 6933.55748564
951 6934.81481963
952 6936.13718815
953 6937.49207392
954 6938.72772974
955 6940.05009826
956 6941.27491499
957 6942.59728351
958 6943.84377842
959 6945.1119515
960 6946.27173372
961 6947.60494132
962 6949.02486161
963 6950.14128749
964 6951.52869052
965 6952.6451164
966 6953.90245039
967 6955.27901434
968 6956.42795747
969 6957.77200416
970 6958.84507369
971 6960.21079855
972 6961.43561529
973 6962.93140918
974 6964.0153178
975 6965.22929545
976 6966.30236498
977 6967.61389441
978 6968.7194812
979 6969.85758525
980 6971.19079285
981 6972.42644867
982 6973.60790906
983 6974.78936946
984 6976.1659334
985 6977.41242831
986 6978.53969328
987 6979.66695824
988 6980.90261406
989 6982.22498258
990 6983.33056937
991 6984.43615616
992 6985.56342112
993 6986.7557206
994 6988.07808911
995 6989.23787133
996 6990.6794698
997 6991.86093019
998 6992.87980429
999 6994.1262992
1000 6995.19936873
1001 6996.22908192
1002 6997.20459967
1003 6998.32102555
1004 6999.19899153
1005 6999.93604939
1006 7001.00911892
1007 7002.17974023
1008 7003.1444189
1009 7004.22832752
1010 7005.13881076
1011 7006.27691481
1012 7007.40417977
1013 7008.4772493
1014 7009.66954878
1015 7010.78597466
1016 7011.88072236
1017 7012.88875737
1018 7013.87511422
1019 7014.85063197
1020 7015.83698882
1021 7017.01844921
1022 7017.8855761
1023 7018.93696746
1024 7019.85828979
1025 7020.87716389
1026 7021.85268164
1027 7022.87155574
1028 7023.90126893
1029 7024.88762577
1030 7025.93901713
1031 7027.16383387
1032 7028.30193792
1033 7029.4942374
1034 7030.56730693
1035 7031.69457189
1036 7032.71344599
1037 7033.76483735
1038 7034.76203328
1039 7035.8459419
1040 7037.04908047
1041 7038.38228807
1042 7039.37948399
1043 7040.42003627
1044 7041.57981849
1045 7042.81547431
1046 7043.79099207
1047 7044.99413063
1048 7046.37069458
1049 7047.58467223
1050 7048.70109811
1051 7050.00178845
1052 7051.00982346
1053 7052.18044477
1054 7053.42693968
1055 7054.69511276
1056 7055.74650412
1057 7056.73286097
1058 7058.04439039
1059 7059.05242541
1060 7060.39647209
1061 7061.45870254
1062 7062.5100939
1063 7063.89749693
1064 7065.07895732
1065 7066.34713041
1066 7067.66949892
1067 7068.91599383
1068 7070.15164965
1069 7071.26807553
1070 7072.4712141
1071 7073.59847906
1072 7074.79077854
1073 7076.13482523
1074 7077.18621658
1075 7078.48690693
1076 7079.8417927
1077 7080.99073583
1078 7082.05296628
1079 7083.29946119
1080 7084.34001346
1081 7085.62986472
1082 7086.87635963
1083 7088.12285454
1084 7089.26095859
1085 7090.38822355
1086 7091.56968394
1087 7092.76198342
1088 7093.86757021
1089 7095.04903061
1090 7096.28468643
1091 7097.53118134
1092 7098.63676813
1093 7099.8399067
1094 7101.02136709
1095 7102.18114931
1096 7103.30841427
1097 7104.45735741
1098 7105.43287517
1099 7106.54930104
1100 7107.63320966
1101 7108.60872742
1102 7109.66011877
1103 7110.85241825
1104 7112.10975225
1105 7113.07443092
1106 7114.04994868
1107 7114.99294917
1108 7115.94678876
1109 7116.78139839
1110 7117.75691615
1111 7118.73243391
1112 7119.63207806
1113 7120.6184349
1114 7121.36633185
1115 7122.37436686
1116 7123.25233284
1117 7124.151977
1118 7125.16001201
1119 7126.23308154
1120 7127.01349575
1121 7128.08656528
1122 7129.01872669
1123 7129.86417541
1124 7130.70962413
1125 7131.47919925
1126 7132.32464797
1127 7133.12674035
1128 7134.17813171
1129 7135.08861495
1130 7136.00993727
1131 7136.74699513
1132 7137.5599266
1133 7138.47040984
1134 7139.31585856
1135 7140.08543368
1136 7140.92004331
1137 7141.65710117
1138 7142.3399636
1139 7143.2070905
1140 7143.81407932
1141 7144.59449353
1142 7145.3207123
1143 7146.09028742
1144 7146.75147168
1145 7147.44517319
1146 7148.07384019
1147 7148.82173714
1148 7149.52627774
1149 7150.20914017
1150 7150.8920026
1151 7151.65073863
1152 7152.27940563
1153 7152.99478532
1154 7153.84023404
1155 7154.58813098
1156 7155.34686702
1157 7156.05140762
1158 7156.72343096
1159 7157.52552334
1160 7158.21922485
1161 7159.0429954
1162 7159.69334057
1163 7160.45207661
1164 7161.33004259
1165 7162.21884765
1166 7163.06429638
1167 7163.94226236
1168 7164.71183747
1169 7165.43805625
1170 7166.29434406
1171 7166.98804557
1172 7167.85517247
1173 7168.49467855
1174 7169.12334555
1175 7169.90375975
1176 7170.74920848
1177 7171.5946572
1178 7172.50514044
1179 7173.3180719
1180 7174.01177342
1181 7174.80302671
1182 7175.80022263
1183 7176.74322313
1184 7177.6320282
1185 7178.53167235
1186 7179.3554429
1187 7180.20089162
1188 7181.02466217
1189 7181.97850176
1190 7182.81311139
1191 7183.58268651
1192 7184.41729615
1193 7185.37113573
1194 7186.29245806
1195 7187.32217124
1196 7188.47111438
1197 7189.3165631
1198 7190.36795446
1199 7191.3543113
1200 7192.38402449
1201 7193.29450773
1202 7194.35673817
1203 7195.40812953
1204 7196.30777368
1205 7197.09902698
1206 7198.17209651
1207 7199.00670614
1208 7199.97138481
1209 7201.08781069
1210 7202.03081119
1211 7202.9629726
1212 7204.07939847
1213 7205.05491623
1214 7206.05211216
1215 7207.08182535
1216 7208.10069945
1217 7209.14125172
1218 7210.13844765
1219 7211.16816083
1220 7212.07864407
1221 7212.84821919
1222 7213.48772528
1223 7214.19226588
1224 7214.88596739
1225 7215.68805977
1226 7216.34924403
1227 7217.09714097
1228 7218.05098056
1229 7218.77719933
1230 7219.53593536
1231 7220.25131505
1232 7221.03172926
1233 7221.82298255
1234 7222.66843127
1235 7223.37297187
1236 7224.17506425
1237 7225.03135206
1238 7225.779249
1239 7226.44043326
1240 7227.10161752
1241 7227.70860634
1242 7228.42398603
1243 7229.00929668
1244 7229.60544642
1245 7230.22327434
1246 7230.92781494
1247 7231.68655097
1248 7232.28270071
1249 7232.98724131
1250 7233.61590831
1251 7234.32044891
1252 7234.959955
1253 7235.55610474
1254 7236.1305763
1255 7236.79176056
1256 7237.47462299
1257 7238.05993364
1258 7238.59104887
1259 7239.17635952
1260 7239.64244023
1261 7240.26026814
1262 7240.91061331
1263 7241.43088944
1264 7241.99452193
1265 7242.36305086
1266 7242.91584425
1267 7243.31689044
1268 7243.85884475
1269 7244.27073002
1270 7244.66093713
1271 7245.3112823
1272 7245.73400666
1273 7246.34099548
1274 7246.76371984
1275 7247.31651324
1276 7247.70672034
1277 7248.15112288
1278 7248.66055993
1279 7249.24587058
1280 7249.73362946
1281 7250.22138834
1282 7250.66579087
1283 7251.09935432
1284 7251.67382588
1285 7252.0531939
1286 7252.62766547
1287 7253.10458526
1288 7253.68989591
1289 7254.04758576
1290 7254.44863194
1291 7254.91471265
1292 7255.35911518
1293 7255.83603498
1294 7256.32379385
1295 7256.82239182
1296 7257.26679435
1297 7257.75455323
1298 7258.12308216
1299 7258.63251921
1300 7259.20699078
1301 7259.57551971
1302 7260.08495676
1303 7260.62691107
1304 7261.26641715
1305 7261.76501512
1306 7262.45871663
1307 7262.92479734
1308 7263.46675165
1309 7263.87863692
1310 7264.20380951
1311 7264.8324765
1312 7265.40694807
1313 7265.8513506
1314 7266.30659222
1315 7266.77267293
1316 7267.20623638
1317 7267.76986886
1318 7268.25762774
1319 7268.73454753
1320 7269.3090191
1321 7270.03523787
1322 7270.57719218
1323 7271.184181
1324 7271.86704343
1325 7272.57158403
1326 7273.25444646
1327 7273.8505962
1328 7274.43590686
1329 7275.12960837
1330 7275.71491903
1331 7276.1268043
1332 7276.64708044
1333 7277.37329921
1334 7278.06700073
1335 7278.54392052
1336 7279.12923117
1337 7279.58447279
1338 7280.03971441
1339 7280.92851948
1340 7281.54634739
1341 7282.13165804
1342 7282.68445144
1343 7283.38899204
1344 7283.99598087
1345 7284.55961335
1346 7285.19911943
1347 7285.76275191
1348 7286.39141891
1349 7286.99840774
1350 7287.67043108
1351 7288.28825899
1352 7288.91692599
1353 7289.59978842
1354 7290.20677725
1355 7290.90047876
1356 7291.59418028
1357 7292.3637554
1358 7293.04661783
1359 7293.82703203
1360 7294.5532508
1361 7295.32282592
1362 7296.03820561
1363 7296.65603352
1364 7297.29553961
1365 7298.05427564
1366 7298.66126447
1367 7299.35496598
1368 7300.2004147
1369 7300.89411622
1370 7301.58781773
1371 7302.24900199
1372 7303.01857711
1373 7303.74479588
1374 7304.49269283
1375 7305.32730247
1376 7305.99932581
1377 7306.76890093
1378 7307.35421158
1379 7308.21049939
1380 7308.83916639
1381 7309.66293694
1382 7310.43251206
1383 7311.19124809
1384 7311.85243235
1385 7312.63284655
1386 7313.40242167
1387 7314.10696227
1388 7314.82234196
1389 7315.52688256
1390 7316.26394042
1391 7316.92512468
1392 7317.65134345
1393 7318.3992404
1394 7319.20133277
1395 7319.89503429
1396 7320.91390839
1397 7321.59677082
1398 7322.3988632
1399 7323.23347283
1400 7324.02472612
1401 7324.71842764
1402 7325.34709464
1403 7326.18170427
1404 7327.03799208
1405 7328.00267075
1406 7328.7505677
1407 7329.48762556
1408 7330.28971793
1409 7331.14600574
1410 7332.01313264
1411 7332.93445496
1412 7333.69319099
1413 7334.33269708
1414 7335.1022722
1415 7335.78513463
1416 7336.53303157
1417 7337.12918131
1418 7337.9204346
1419 7338.83091784
1420 7339.43790667
1421 7340.25083813
1422 7341.1396432
1423 7341.78998837
1424 7342.4728508
1425 7343.16655231
1426 7343.83857566
1427 7344.53227717
1428 7345.32353046
1429 7345.96303655
1430 7346.77596801
1431 7347.62141673
1432 7348.31511825
1433 7349.17140606
1434 7349.99517661
1435 7350.81894716
1436 7351.54516593
1437 7352.26054562
1438 7352.92172987
1439 7353.71298317
1440 7354.53675372
1441 7355.20877706
1442 7355.8808004
1443 7356.57450192
1444 7357.33323795
1445 7357.99442221
1446 7358.66644555
1447 7359.34930798
1448 7360.1947567
1449 7360.85594096
1450 7361.49544704
1451 7362.1566313
1452 7362.81781556
1453 7363.39228712
1454 7364.05347138
1455 7364.63878203
1456 7365.2132536
1457 7365.85275969
1458 7366.43807034
1459 7366.9366683
1460 7367.63036982
1461 7368.09645052
1462 7368.76847387
1463 7369.39714087
1464 7369.98245152
1465 7370.66531395
1466 7371.19642917
1467 7371.76006165
1468 7372.39956774
1469 7373.16914286
1470 7373.87368346
1471 7374.40479868
1472 7374.95759208
1473 7375.51038547
1474 7376.22576516
1475 7376.8219149
1476 7377.37470829
1477 7377.9166626
1478 7378.469456
1479 7378.88134127
1480 7379.42329558
1481 7379.93273263
1482 7380.47468694
1483 7381.00580216
1484 7381.49356104
1485 7382.06803261
1486 7382.60998692
1487 7383.19529757
1488 7383.65053919
1489 7384.15997624
1490 7384.69109146
1491 7385.2113676
1492 7385.80751734
1493 7386.28443713
1494 7386.94562139
1495 7387.42254118
1496 7387.9536564
1497 7388.46309345
1498 7388.96169142
1499 7389.42777212
1500 7389.89385283
1501 10000.0
