0 0.0
1 0.0
2 0.0
3 0.0
4 0.0
5 0.0
6 0.0
7 0.0
8 0.0
59 0.0469126767435
60 0.492583105807
61 1.52466199416
62 3.84683949297
63 10.5318959289
64 26.1303609461
65 56.342124769
66 101.354838104
67 154.061230426
68 222.882127208
69 300.968277648
70 372.11135193
71 429.368273895
72 470.604516753
73 503.396477796
74 527.579962658
75 547.799326334
76 562.647188523
77 575.313611244
78 584.273932502
79 591.686135428
80 598.511929894
81 605.056248299
82 611.131439938
83 617.323913268
84 623.49293026
85 629.615034575
86 636.088983965
87 641.554310806
88 648.473930626
89 654.947880016
90 660.389750518
91 665.127930869
92 668.740206979
93 672.094463366
94 675.284525384
95 677.606702883
96 679.999249397
97 682.368339573
98 683.939914244
99 685.558401591
100 687.411452323
101 689.311415731
102 691.1879228
103 693.369362269
104 695.058218632
105 697.286570777
106 699.397641231
107 700.945759563
108 702.446965219
109 703.783976506
110 704.722230041
111 705.238269485
112 705.871590621
113 706.481455419
114 707.255514585
115 708.170311782
116 709.085108978
117 710.281382235
118 711.477655492
119 712.603559734
120 713.940571021
121 715.207213293
122 716.497311904
123 718.303449958
124 719.968849983
125 721.258948593
126 722.408309173
127 722.947804956
128 723.510757077
129 724.19099089
130 724.800855687
131 725.504545838
132 725.903303591
133 726.583537403
134 727.427965585
135 728.319306443
136 729.140278286
137 730.500745912
138 731.720475507
139 733.315506516
140 735.262382601
141 737.514191085
142 739.719086892
143 741.736331992
144 744.081965829
145 746.286861636
146 749.195447594
147 752.150946229
148 754.989163172
149 757.545904054
150 759.656974508
151 761.017442133
152 761.93223933
153 762.753211173
154 763.738377384
155 764.559349227
156 765.38032107
157 766.130923898
158 766.740788696
159 767.538304201
160 768.617295766
161 769.485180285
162 770.822191573
163 771.924639476
164 773.097456395
165 774.364098667
166 775.490002909
167 776.592450812
168 777.952918438
169 779.008453664
170 780.087445229
171 781.541738208
172 782.738011465
173 783.676265
174 784.497236843
175 785.27129601
176 785.716966439
177 786.256462221
178 786.678676312
179 787.335453786
180 787.663842524
181 787.968774922
182 788.367532675
183 788.742834089
184 789.118135503
185 789.44652424
186 789.821825654
187 790.502059467
188 791.205749618
189 792.026721461
190 792.824236965
191 793.809403177
192 794.818025727
193 795.63899757
194 796.50688209
195 797.609329993
196 798.66486522
197 799.8142258
198 801.432713148
199 802.933918804
200 804.763513197
201 806.030155469
202 807.15605971
203 808.258507614
204 809.478237209
205 810.299209052
206 811.565851324
207 812.527561198
208 813.489271071
209 814.709000666
210 815.858361246
211 816.937352811
212 818.321276775
213 819.658288063
214 820.924930335
215 822.42613599
216 823.575496571
217 825.217440257
218 827.000121973
219 828.688978336
220 830.471660052
221 832.207429091
222 833.919741793
223 835.280209418
224 836.68758972
225 837.977688331
226 838.915941866
227 839.690001032
228 840.534429213
229 841.167750349
230 841.847984162
231 842.504761637
232 843.044257419
233 843.560296863
234 844.146705323
235 844.498550398
236 844.967677166
237 845.48371661
238 846.140494084
239 846.515795498
240 846.867640574
241 847.336767341
242 847.970088477
243 848.275020876
244 848.556496937
245 849.049080042
246 849.37746878
247 849.705857517
248 850.268809638
249 850.831761759
250 851.605820925
251 852.614443475
252 853.9749111
253 855.945243524
254 858.971111174
255 863.169795742
256 869.057336674
257 875.789305786
258 884.491607322
259 898.541954007
260 913.037971121
261 934.899278483
262 954.086563271
263 977.566357981
264 998.864713223
265 1026.21480376
266 1049.10819002
267 1075.28546364
268 1105.5206838
269 1133.10533772
270 1164.8183072
271 1194.32638087
272 1231.9972603
273 1267.83854533
274 1313.10927839
275 1353.38381137
276 1396.70766835
277 1434.26126608
278 1467.8976553
279 1503.99696006
280 1530.50262242
281 1555.69472983
282 1573.35735262
283 1591.79403458
284 1605.23451647
285 1619.68362091
286 1631.01303234
287 1642.50663814
288 1652.17064955
289 1661.0606018
290 1670.77152588
291 1678.62939924
292 1686.41690358
293 1693.2192417
294 1700.77218266
295 1705.55727569
296 1710.90532084
297 1715.4089378
298 1719.02121391
299 1722.70385904
300 1725.42479429
301 1728.47411828
302 1730.96049014
303 1733.0715606
304 1735.37028176
305 1737.50480855
306 1739.00601421
307 1740.85906494
308 1742.28990158
309 1743.90838892
310 1745.50341993
311 1746.95771291
312 1748.43546223
313 1749.98358056
314 1751.34404819
315 1752.35267074
316 1753.26746794
317 1754.39337218
318 1755.77729614
319 1756.80937503
320 1757.60689053
321 1758.70933844
322 1759.76487366
323 1760.60930185
324 1761.33644834
325 1762.32161455
326 1763.40060611
327 1764.08083992
328 1764.76107374
329 1765.30056952
330 1765.91043432
331 1766.7548625
332 1767.50546533
333 1768.06841745
334 1768.7721076
335 1769.31160338
336 1769.82764283
337 1770.32022593
338 1770.85972171
339 1771.2819358
340 1771.65723722
341 1772.05599497
342 1772.66585977
343 1773.04116118
344 1773.58065697
345 1774.04978373
346 1774.42508515
347 1774.96458093
348 1775.4337077
349 1775.90283446
350 1776.16085419
351 1776.62998095
352 1777.19293307
353 1777.42749646
354 1777.77934153
355 1778.13118661
356 1778.52994436
357 1778.97561479
358 1779.39782888
359 1779.72621762
360 1780.10151903
361 1780.31262608
362 1780.71138383
363 1780.99285989
364 1781.27433595
365 1781.76691906
366 1782.14222047
367 1782.47060921
368 1782.79899795
369 1783.15084302
370 1783.5026881
371 1783.87798951
372 1784.27674726
373 1784.72241769
374 1785.26191347
375 1785.66067123
376 1786.0125163
377 1786.22362335
378 1786.64583744
379 1787.06805153
380 1787.46680928
381 1787.98284873
382 1788.19395577
383 1788.56925718
384 1788.89764592
385 1789.27294734
386 1789.60133607
387 1789.95318115
388 1790.25811355
389 1790.91489102
390 1791.36056145
391 1791.5716685
392 1791.8766009
393 1792.13462062
394 1792.43955302
395 1792.83831077
396 1793.26052486
397 1793.61236993
398 1794.12840938
399 1794.40988544
400 1794.92592488
401 1795.39505165
402 1795.65307137
403 1796.00491645
404 1796.49749955
405 1796.7086066
406 1797.17773337
407 1797.43575309
408 1797.83451084
409 1798.04561789
410 1798.35055029
411 1798.81967705
412 1799.40608551
413 1799.75793059
414 1800.18014468
415 1800.34433905
416 1800.81346581
417 1801.21222357
418 1801.44678695
419 1801.86900104
420 1802.17393344
421 1802.4554095
422 1802.66651655
423 1802.99490528
424 1803.27638134
425 1803.58131374
426 1804.02698417
427 1804.49611094
428 1804.80104334
429 1805.19980109
430 1805.6923842
431 1805.8800349
432 1806.23187998
433 1806.53681238
434 1806.91211379
435 1807.19358985
436 1807.31087154
437 1807.56889127
438 1807.92073634
439 1808.22566874
440 1808.64788283
441 1808.99972791
442 1809.32811664
443 1809.67996172
444 1810.03180679
445 1810.31328286
446 1810.54784624
447 1810.92314765
448 1811.25153639
449 1811.65029414
450 1812.09596457
451 1812.541635
452 1812.77619838
453 1813.10458712
454 1813.38606318
455 1813.69099558
456 1814.01938432
457 1814.44159841
458 1814.81689982
459 1815.37985194
460 1815.84897871
461 1816.34156182
462 1816.76377591
463 1817.06870831
464 1817.53783507
465 1818.05387452
466 1818.31189424
467 1818.61682664
468 1819.22669144
469 1819.55508017
470 1819.93038159
471 1820.18840131
472 1820.56370272
473 1821.03282949
474 1821.47849992
475 1821.87725767
476 1822.41675346
477 1822.72168585
478 1823.16735628
479 1823.63648305
480 1824.26980419
481 1824.6451056
482 1825.06731969
483 1825.5599028
484 1826.19322393
485 1826.6623507
486 1827.13147747
487 1827.53023522
488 1827.92899297
489 1828.23392537
490 1828.53885777
491 1828.89070285
492 1829.26600426
493 1829.80550004
494 1830.13388878
495 1830.48573386
496 1830.83757893
497 1831.28324936
498 1831.77583247
499 1832.01039585
500 1832.47952262
501 1832.69062966
502 1833.06593108
503 1833.41777615
504 1833.74616489
505 1834.19183532
506 1834.59059307
507 1834.98935082
508 1835.38810857
509 1835.78686633
510 1836.18562408
511 1836.51401282
512 1836.84240155
513 1837.33498466
514 1837.75719875
515 1838.20286918
516 1838.57817059
517 1838.7658213
518 1839.23494807
519 1839.49296779
520 1839.79790019
521 1840.05591991
522 1840.50159034
523 1840.80652274
524 1841.18182415
525 1841.62749458
526 1841.93242698
527 1842.23735938
528 1842.58920445
529 1842.84722418
530 1843.24598193
531 1843.7151087
532 1844.13732279
533 1844.39534251
534 1844.77064392
535 1845.09903266
536 1845.47433407
537 1845.68544112
538 1846.08419887
539 1846.67060733
540 1847.02245241
541 1847.42121016
542 1847.7495989
543 1848.10144397
544 1848.38292003
545 1848.64093975
546 1848.96932849
547 1849.27426089
548 1849.53228061
549 1849.766844
550 1850.18905809
551 1850.5643595
552 1851.01002993
553 1851.38533134
554 1851.6668074
555 1852.13593417
556 1852.51123559
557 1852.76925531
558 1853.12110038
559 1853.51985814
560 1853.96552857
561 1854.38774266
562 1854.78650041
563 1855.02106379
564 1855.32599619
565 1855.74821028
566 1856.05314268
567 1856.47535677
568 1856.80374551
569 1857.13213425
570 1857.34324129
571 1857.62471735
572 1857.92964975
573 1858.21112581
574 1858.58642722
575 1858.84444695
576 1859.17283568
577 1859.71233147
578 1860.13454556
579 1860.36910894
580 1860.76786669
581 1861.16662445
582 1861.44810051
583 1861.77648924
584 1862.15179066
585 1862.57400475
586 1862.85548081
587 1863.11350053
588 1863.5826273
589 1863.95792871
590 1864.40359914
591 1864.82581323
592 1865.31839634
593 1865.69369775
594 1865.97517381
595 1866.3973879
596 1866.74923298
597 1867.21835975
598 1867.6171175
599 1868.03933159
600 1868.25043863
601 1868.64919639
602 1869.18869217
603 1869.39979921
604 1869.84546964
605 1870.33805275
606 1870.71335416
607 1871.15902459
608 1871.51086967
609 1872.05036545
610 1872.58986123
611 1873.08244434
612 1873.57502744
613 1874.11452323
614 1874.44291196
615 1874.79475704
616 1875.09968944
617 1875.47499085
618 1875.8737486
619 1876.41324439
620 1876.97619651
621 1877.3984106
622 1878.07864441
623 1878.71196555
624 1879.1107233
625 1879.81441345
626 1880.5181036
627 1881.15142474
628 1881.71437686
629 1882.2304163
630 1882.8402811
631 1884.08346703
632 1885.09208958
633 1886.0772558
634 1887.32044173
635 1888.587084
636 1889.75990092
637 1891.2141939
638 1892.52774885
639 1893.95858549
640 1895.92891791
641 1897.82888132
642 1899.75230107
643 1901.95719687
644 1904.16209268
645 1906.4373575
646 1908.92372937
647 1911.41010124
648 1915.02237735
649 1919.50253798
650 1923.27900845
651 1926.58635216
652 1930.59738603
653 1935.24174102
654 1940.26139743
655 1944.69464539
656 1949.62047645
657 1955.95368781
658 1962.47454987
659 1968.78430489
660 1975.35207964
661 1981.87294171
662 1989.42588266
663 1997.07264897
664 2005.84531952
665 2015.39204924
666 2024.51656487
667 2033.50034246
668 2043.56311162
669 2054.89252306
670 2065.63552603
671 2075.81557689
672 2087.30918269
673 2099.15463357
674 2111.8914253
675 2124.27637196
676 2136.7082313
677 2149.49193571
678 2164.59781762
679 2178.27286289
680 2192.41703493
681 2207.21798444
682 2222.86336214
683 2239.37662435
684 2257.10961616
685 2272.37969244
686 2288.02507013
687 2303.41242811
688 2319.78495229
689 2337.09573001
690 2354.85217816
691 2372.93701504
692 2389.70829698
693 2407.55857048
694 2424.02492001
695 2440.63200758
696 2459.37362194
697 2476.37946726
698 2494.41739147
699 2512.83061709
700 2531.99444554
701 2551.0409923
702 2567.99992494
703 2585.28724632
704 2602.69184939
705 2620.44829754
706 2638.76769781
707 2656.35995159
708 2673.6707293
709 2691.19261407
710 2708.71449883
711 2726.91661741
712 2744.90762894
713 2763.83689401
714 2782.48468301
715 2800.73371426
716 2819.92099905
717 2837.63053452
718 2855.15241929
719 2873.21379983
720 2891.74430715
721 2910.06370742
722 2928.89914713
723 2945.41240934
724 2963.12194481
725 2982.23886058
726 3000.62862987
727 3018.38507802
728 3035.6723994
729 3054.55475179
730 3073.95314362
731 3092.83549601
732 3112.37462587
733 3130.76439515
734 3149.95167994
735 3169.95993657
736 3190.74225237
737 3212.22825832
738 3232.02540791
739 3252.66698567
740 3274.76285642
741 3298.87597227
742 3320.47925991
743 3340.65171091
744 3361.19946332
745 3382.47436222
746 3406.16526398
747 3429.73888404
748 3452.56190128
749 3475.85404528
750 3500.76467663
751 3524.71359811
752 3547.6304407
753 3572.70526642
754 3596.06777944
755 3621.54136291
756 3646.42853792
757 3671.85520871
758 3696.93003443
759 3722.38016157
760 3749.73025211
761 3775.43839896
762 3803.56254867
763 3832.2496505
764 3857.39484524
765 3884.88567381
766 3914.27646579
767 3942.18950845
768 3970.24328914
769 3997.9686811
770 4026.23356883
771 4054.26389319
772 4084.26454997
773 4112.85782644
774 4141.05234516
775 4168.98884417
776 4198.09816008
777 4226.78526191
778 4255.19088768
779 4284.3002036
780 4311.41573076
781 4338.29669453
782 4367.33564144
783 4395.74126721
784 4422.90370704
785 4447.79088205
786 4475.16442893
787 4502.30341243
788 4528.80907479
789 4555.43201884
790 4579.49822201
791 4604.99526182
792 4628.66270724
793 4653.6437076
794 4677.49880373
795 4698.79715897
796 4720.56464098
797 4743.48148357
798 4763.72430358
799 4785.0695715
800 4805.21856616
801 4823.81944249
802 4841.88082304
803 4857.92495848
804 4872.74936433
805 4886.49477862
806 4900.56858164
807 4914.71275368
808 4928.03595388
809 4939.67029771
810 4950.03799927
811 4960.7575459
812 4971.47709254
813 4981.63368705
814 4989.86686182
815 4997.86547321
816 5004.57398598
817 5011.68125651
818 5018.10829322
819 5023.71435809
820 5029.36733564
821 5035.25487657
822 5040.32144566
823 5045.24727672
824 5049.65706833
825 5053.62118952
826 5057.04581492
827 5061.0099361
828 5064.95060095
829 5068.02338128
830 5071.2134433
831 5074.21585461
832 5077.38246029
833 5080.00957019
834 5082.4021167
835 5084.7242942
836 5086.88227733
837 5089.32173652
838 5091.55008866
839 5093.77844081
840 5095.77222957
841 5098.00058172
842 5100.08819583
843 5102.08198459
844 5103.91157899
845 5105.90536775
846 5107.7115058
847 5109.7287509
848 5111.76945234
849 5113.41139603
850 5115.12370873
851 5116.57800171
852 5118.29031441
853 5120.00262711
854 5121.43346375
855 5122.79393138
856 5124.154399
857 5125.44449761
858 5127.01607228
859 5128.25925822
860 5129.47898781
861 5131.09747516
862 5132.12955405
863 5133.32582731
864 5134.40481887
865 5135.67146114
866 5137.05538511
867 5138.2751147
868 5139.40101894
869 5140.19853445
870 5141.32443869
871 5142.28614856
872 5143.4120528
873 5144.53795705
874 5145.64040495
875 5146.76630919
876 5148.00949513
877 5149.01811768
878 5149.86254586
879 5151.10573179
880 5152.25509237
881 5153.52173464
882 5154.83528959
883 5155.86736848
884 5156.94636005
885 5158.37719669
886 5159.26853754
887 5160.69937418
888 5161.96601646
889 5163.18574605
890 5164.05363057
891 5164.96842777
892 5165.97705032
893 5166.68074047
894 5167.36097428
895 5168.18194613
896 5169.33130671
897 5170.2461039
898 5171.41892082
899 5172.45099971
900 5173.55344761
901 5174.65589552
902 5175.42995468
903 5176.55585892
904 5177.49411246
905 5178.22125895
906 5179.37061953
907 5180.30887306
908 5181.34095195
909 5182.37303084
910 5183.33474071
911 5184.31990693
912 5185.32852948
913 5186.21987033
914 5187.08775485
915 5188.16674642
916 5189.08154361
917 5190.09016616
918 5190.84076899
919 5191.99012957
920 5193.0456648
921 5194.19502538
922 5195.01599722
923 5195.88388174
924 5196.51720288
925 5197.45545641
926 5198.44062263
927 5199.54307053
928 5200.55169308
929 5201.60722831
930 5202.49856916
931 5203.60101707
932 5204.70346497
933 5205.4540678
934 5206.39232133
935 5207.44785656
936 5208.24537206
937 5209.13671292
938 5210.00459744
939 5210.47372421
940 5211.34160873
941 5212.09221156
942 5212.98355242
943 5214.10945666
944 5214.81314681
945 5215.58720597
946 5216.76002289
947 5217.65136375
948 5218.49579193
949 5219.52787082
950 5220.86488211
951 5221.68585395
952 5222.76484552
953 5223.56236102
954 5224.38333286
955 5225.41541175
956 5226.07218923
957 5226.77587938
958 5227.54993854
959 5228.34745405
960 5229.19188223
961 5230.48198084
962 5231.11530198
963 5231.77207945
964 5232.35848791
965 5233.34365412
966 5234.16462597
967 5235.00905415
968 5235.900395
969 5236.65099783
970 5237.70653306
971 5238.59787392
972 5239.4423021
973 5240.54475
974 5241.52991621
975 5242.30397538
976 5243.07803455
977 5243.99283174
978 5245.02491063
979 5245.93970783
980 5246.97178672
981 5247.72238954
982 5248.54336139
983 5249.5285276
984 5250.37295578
985 5251.33466565
986 5252.1556375
987 5252.97660934
988 5253.70375583
989 5254.50127133
990 5255.48643755
991 5256.35432206
992 5257.17529391
993 5258.06663477
994 5258.91106295
995 5259.84931648
996 5260.67028833
997 5261.6319982
998 5262.87518413
999 5263.71961231
1000 5264.63440951
1001 5265.45538135
1002 5266.22944052
1003 5267.14423772
1004 5267.82447153
1005 5268.83309408
1006 5269.60715324
1007 5270.45158143
1008 5271.24909693
1009 5272.11698145
1010 5272.72684625
1011 5273.50090541
1012 5274.20459557
1013 5274.88482938
1014 5275.72925756
1015 5276.19838433
1016 5276.94898716
1017 5277.65267731
1018 5278.28599844
1019 5278.96623226
1020 5279.90448579
1021 5280.70200129
1022 5281.40569145
1023 5281.92173089
1024 5282.78961541
1025 5283.46984922
1026 5284.07971402
1027 5284.9241422
1028 5285.36981263
1029 5285.95622109
1030 5286.6364549
1031 5287.29323238
1032 5287.97346619
1033 5288.48950563
1034 5289.35739015
1035 5289.82651692
1036 5290.53020707
1037 5291.44500427
1038 5292.17215076
1039 5292.92275359
1040 5293.72026909
1041 5294.5177846
1042 5295.33875644
1043 5295.85479588
1044 5296.417748
1045 5297.14489449
1046 5297.98932267
1047 5298.7399255
1048 5299.32633396
1049 5300.10039313
1050 5300.89790863
1051 5301.34357906
1052 5302.00035654
1053 5302.75095936
1054 5303.45464952
1055 5304.13488333
1056 5304.93239883
1057 5305.72991434
1058 5306.3163228
1059 5306.85581858
1060 5307.46568338
1061 5308.16937353
1062 5308.96688903
1063 5309.85822989
1064 5310.72611441
1065 5311.52362992
1066 5312.22732007
1067 5313.09520459
1068 5313.75198206
1069 5314.61986658
1070 5315.15936236
1071 5315.86305251
1072 5316.63711168
1073 5317.36425817
1074 5318.06794832
1075 5318.84200749
1076 5319.70989201
1077 5320.29630047
1078 5321.04690329
1079 5321.82096246
1080 5322.73575966
1081 5323.34562445
1082 5323.97894559
1083 5324.82337377
1084 5325.29250054
1085 5325.90236534
1086 5326.72333718
1087 5327.30974564
1088 5328.15417382
1089 5328.83440763
1090 5329.56155412
1091 5330.45289498
1092 5331.27386682
1093 5331.86027528
1094 5332.49359642
1095 5333.10346122
1096 5333.73678235
1097 5334.48738518
1098 5335.3552697
1099 5336.03550351
1100 5336.83301902
1101 5337.58362185
1102 5338.09966129
1103 5338.5922444
1104 5339.3897599
1105 5339.88234301
1106 5340.46875147
1107 5341.00824725
1108 5341.7119374
1109 5342.20452051
1110 5342.86129798
1111 5343.37733742
1112 5344.01065856
1113 5344.59706702
1114 5345.18347548
1115 5345.62914591
1116 5346.23901071
1117 5346.77850649
1118 5347.34145861
1119 5347.95132341
1120 5348.27971214
1121 5348.63155722
1122 5349.171053
1123 5349.73400512
1124 5350.17967555
1125 5350.76608401
1126 5351.4932305
1127 5351.96235727
1128 5352.61913474
1129 5353.18208686
1130 5353.41665025
1131 5353.93268969
1132 5354.37836012
1133 5354.80057421
1134 5355.31661366
1135 5355.59808972
1136 5355.87956578
1137 5356.23141085
1138 5356.88818833
1139 5357.2400334
1140 5357.66224749
1141 5358.22519961
1142 5358.7646954
1143 5359.2572785
1144 5359.58566724
1145 5359.98442499
1146 5360.31281373
1147 5360.7819405
1148 5361.18069825
1149 5361.55599966
1150 5361.97821375
1151 5362.35351517
1152 5362.91646729
1153 5363.47941941
1154 5363.99545885
1155 5364.37076027
1156 5364.83988703
1157 5365.47320817
1158 5366.08307297
1159 5366.59911241
1160 5366.97441383
1161 5367.42008426
1162 5367.9361237
1163 5368.28796877
1164 5368.75709554
1165 5369.17930963
1166 5369.55461105
1167 5370.07065049
1168 5370.61014627
1169 5371.00890403
1170 5371.52494347
1171 5371.99407024
1172 5372.5804787
1173 5373.09651814
1174 5373.6829266
1175 5374.15205337
1176 5374.69154915
1177 5375.0903069
1178 5375.62980269
1179 5376.14584213
1180 5376.45077453
1181 5376.94335763
1182 5377.27174637
1183 5377.74087314
1184 5378.18654357
1185 5378.632214
1186 5379.03097175
1187 5379.61738021
1188 5380.01613796
1189 5380.50872107
1190 5381.02476051
1191 5381.42351826
1192 5381.86918869
1193 5382.12720841
1194 5382.47905349
1195 5382.9716366
1196 5383.51113238
1197 5384.23827887
1198 5384.84814367
1199 5385.41109579
1200 5385.95059157
1201 5386.37280566
1202 5386.8888451
1203 5387.40488455
1204 5387.87401132
1205 5388.46041977
1206 5389.32830429
1207 5389.86780008
1208 5390.47766487
1209 5391.06407333
1210 5391.58011278
1211 5392.16652124
1212 5392.4479973
1213 5392.84675505
1214 5393.17514379
1215 5393.73809591
1216 5394.27759169
1217 5394.69980578
1218 5395.23930156
1219 5395.82571002
1220 5396.52940017
1221 5396.85778891
1222 5397.42074103
1223 5397.77258611
1224 5398.28862555
1225 5398.64047063
1226 5399.20342275
1227 5399.67254952
1228 5400.02439459
1229 5400.42315234
1230 5400.84536643
1231 5401.19721151
1232 5401.94781434
1233 5402.46385378
1234 5403.09717492
1235 5403.6366707
1236 5404.01197212
1237 5404.5514679
1238 5404.87985663
1239 5405.39589608
1240 5405.77119749
1241 5406.45143131
1242 5407.13166512
1243 5407.53042287
1244 5408.04646232
1245 5408.37485105
1246 5408.86743416
1247 5409.26619191
1248 5409.61803699
1249 5410.01679474
1250 5410.57974686
1251 5411.0957863
1252 5411.58836941
1253 5412.08095251
1254 5412.47971027
1255 5412.99574971
1256 5413.44142014
1257 5413.69943986
1258 5414.19202297
1259 5414.61423706
1260 5415.01299481
1261 5415.57594693
1262 5415.95124835
1263 5416.39691878
1264 5416.86604554
1265 5417.33517231
1266 5418.01540612
1267 5418.50798923
1268 5418.93020332
1269 5419.44624276
1270 5419.65734981
1271 5420.10302024
1272 5420.50177799
1273 5420.80671039
1274 5421.1820118
1275 5421.60422589
1276 5422.02643998
1277 5422.42519774
1278 5422.87086817
1279 5423.3165386
1280 5423.76220902
1281 5424.13751044
1282 5424.53626819
1283 5424.84120059
1284 5425.09922031
1285 5425.54489074
1286 5425.8263668
1287 5426.10784286
1288 5426.36586258
1289 5426.78807667
1290 5427.16337809
1291 5427.63250486
1292 5428.00780627
1293 5428.40656402
1294 5428.73495276
1295 5429.01642882
1296 5429.34481756
1297 5429.57938094
1298 5429.97813869
1299 5430.28307109
1300 5430.58800349
1301 5430.89293589
1302 5431.29169364
1303 5431.69045139
1304 5431.92501478
1305 5432.44105422
1306 5432.7928993
1307 5433.21511339
1308 5433.75460917
1309 5434.12991058
1310 5434.52866834
1311 5434.88051341
1312 5435.16198947
1313 5435.53729089
1314 5435.81876695
1315 5436.26443738
1316 5436.66319513
1317 5437.1323219
1318 5437.43725429
1319 5437.78909937
1320 5438.09403177
1321 5438.32859515
1322 5438.79772192
1323 5439.19647967
1324 5439.59523743
1325 5440.06436419
1326 5440.41620927
1327 5440.8618797
1328 5441.07298674
1329 5441.33100646
1330 5441.58902619
1331 5442.05815295
1332 5442.45691071
1333 5442.76184311
1334 5443.3717079
1335 5443.77046566
1336 5444.19267975
1337 5444.87291356
1338 5445.388953
1339 5445.97536146
1340 5446.23338118
1341 5446.6086826
1342 5446.93707134
1343 5447.4061981
1344 5447.94569389
1345 5448.48518967
1346 5448.88394742
1347 5449.37653053
1348 5449.63455025
1349 5450.19750237
1350 5450.52589111
1351 5450.78391083
1352 5451.18266858
1353 5451.58142633
1354 5451.95672775
1355 5452.28511648
1356 5452.6604179
1357 5453.08263199
1358 5453.36410805
1359 5453.85669116
1360 5454.11471088
1361 5454.53692497
1362 5454.91222638
1363 5455.35789681
1364 5455.80356724
1365 5456.41343204
1366 5456.97638416
1367 5457.35168557
1368 5457.86772502
1369 5458.45413348
1370 5459.04054194
1371 5459.39238701
1372 5459.97879547
1373 5460.54174759
1374 5461.0343307
1375 5461.57382648
1376 5461.87875888
1377 5462.441711
1378 5462.88738143
1379 5463.37996453
1380 5463.73180961
1381 5464.36513075
1382 5464.85771385
1383 5465.49103499
1384 5465.81942372
1385 5466.38237585
1386 5466.75767726
1387 5467.2737167
1388 5467.76629981
1389 5468.25888292
1390 5468.82183504
1391 5469.4082435
1392 5470.04156463
1393 5470.69834211
1394 5471.09709986
1395 5471.56622663
1396 5471.94152804
1397 5472.45756748
1398 5472.99706327
1399 5473.46619003
1400 5474.12296751
1401 5474.68591963
1402 5475.31924077
1403 5475.85873655
1404 5476.32786332
1405 5476.91427177
1406 5477.4772239
1407 5478.11054503
1408 5478.60312814
1409 5479.00188589
1410 5479.3771873
1411 5480.01050844
1412 5480.57346056
1413 5481.13641268
1414 5481.67590846
1415 5482.14503523
1416 5482.63761834
1417 5483.45859018
1418 5483.85734793
1419 5484.42030005
1420 5484.86597048
1421 5485.40546627
1422 5485.92150571
1423 5486.39063248
1424 5486.90667192
1425 5487.39925503
1426 5487.77455644
1427 5488.19677053
1428 5488.75972265
1429 5489.13502407
1430 5489.62760717
1431 5490.09673394
1432 5490.51894803
1433 5491.01153114
1434 5491.62139593
1435 5492.25471707
1436 5492.88803821
1437 5493.33370863
1438 5493.73246639
1439 5494.1077678
1440 5494.52998189
1441 5494.99910866
1442 5495.67934247
1443 5496.28920727
1444 5497.08672277
1445 5497.50893686
1446 5498.28299603
1447 5498.89286083
1448 5499.47926929
1449 5499.92493972
1450 5500.39406648
1451 5500.88664959
1452 5501.5668834
1453 5501.94218482
1454 5502.50513694
1455 5503.06808906
1456 5503.63104118
1457 5504.10016795
1458 5504.59275105
1459 5505.15570317
1460 5505.62482994
1461 5506.18778206
1462 5506.68036517
1463 5507.10257926
1464 5507.6186187
1465 5508.20502716
1466 5508.62724125
1467 5509.09636802
1468 5509.58895113
1469 5510.08153423
1470 5510.48029198
1471 5510.99633143
1472 5511.48891453
1473 5511.88767229
1474 5512.2629737
1475 5512.63827511
1476 5513.08394554
1477 5513.43579062
1478 5513.76417936
1479 5514.32713148
1480 5514.81971458
1481 5515.4999484
1482 5515.92216249
1483 5516.57893996
1484 5517.16534842
1485 5517.7048442
1486 5518.29125266
1487 5518.83074844
1488 5519.25296254
1489 5519.79245832
1490 5520.09739072
1491 5520.6368865
1492 5521.08255693
1493 5521.69242173
1494 5522.16154849
1495 5522.72450061
1496 5523.28745274
1497 5523.87386119
1498 5524.43681332
1499 5525.11704713
1500 5525.35161051
1501 10000.0
