0 0.0
1 0.0
2 0.0
3 0.0
4 0.0
5 0.0
6 0.0
7 0.0
8 0.0
28 0.0234704870361
29 0.0234704870361
30 0.0234704870361
31 0.0234704870361
32 0.0234704870361
33 0.0234704870361
34 0.0234704870361
35 0.0234704870361
36 0.0234704870361
37 0.0234704870361
43 0.11735243518
44 0.11735243518
45 0.11735243518
46 0.11735243518
47 0.140822922216
48 0.140822922216
49 0.140822922216
50 0.140822922216
51 0.164293409253
52 0.211234383325
53 0.234704870361
54 0.258175357397
55 0.258175357397
56 0.305116331469
57 0.328586818505
58 0.328586818505
59 0.328586818505
60 0.328586818505
61 0.328586818505
62 0.352057305541
63 0.375527792577
64 0.375527792577
65 0.375527792577
66 0.445939253685
67 0.492880227758
68 0.492880227758
69 0.516350714794
70 0.516350714794
71 0.53982120183
72 0.633703149974
73 0.680644124046
74 0.727585098118
75 0.751055585154
76 0.868408020335
77 0.938819481443
78 1.29087678698
79 1.71334555363
80 2.13581432028
81 2.65216503508
82 3.47363208134
83 5.42168250533
84 8.09731802745
85 12.2046532588
86 18.1192159919
87 27.343117397
88 41.3784686446
89 59.3568617142
90 82.616114367
91 112.634867286
92 149.413120472
93 194.077457301
94 250.688272032
95 319.456799048
96 398.693163282
97 485.932963595
98 581.809903137
99 700.101157799
100 827.897959711
101 967.805532933
102 1114.3317835
103 1264.98883978
104 1427.33419861
105 1596.06352991
106 1770.2614847
107 1938.09893749
108 2092.32350781
109 2253.44840131
110 2407.18009139
111 2552.7205815
112 2686.36153469
113 2806.92942659
114 2920.26840849
115 3026.12030502
116 3125.40046519
117 3209.3778678
118 3282.13637761
119 3348.34662154
120 3406.55342939
121 3459.47937766
122 3504.07330303
123 3544.79459803
124 3581.26773489
125 3613.75088894
126 3642.31447167
127 3666.55948478
128 3687.54210019
129 3706.48278322
130 3724.83670409
131 3740.3741665
132 3754.87892749
133 3767.99892975
134 3779.71070278
135 3789.66218928
136 3799.42591189
137 3807.75793478
138 3815.36237258
139 3822.12187285
140 3828.15378802
141 3834.23264416
142 3839.7716791
143 3844.39536505
144 3848.97211002
145 3853.78355986
146 3858.45418678
147 3862.60846299
148 3866.78620968
149 3870.04860738
150 3873.6395919
151 3877.39486982
152 3880.79809044
153 3883.9431357
154 3887.13512194
155 3890.37404915
156 3893.49562393
157 3896.03043653
158 3899.01118838
159 3901.80417634
160 3904.55022332
161 3907.31974079
162 3910.2066107
163 3912.60060038
164 3915.48747028
165 3918.28045824
166 3921.0734462
167 3923.74908172
168 3926.51859919
169 3929.54629202
170 3932.19845705
171 3935.43738426
172 3938.65284099
173 3941.28153553
174 3944.70822664
175 3947.52468508
176 3950.17685012
177 3953.88518707
178 3956.77205698
179 3960.01098419
180 3963.01520653
181 3965.90207643
182 3969.23488559
183 3972.37993086
184 3975.24333027
185 3978.41184602
186 3981.7211847
187 3984.70193655
188 3987.8704523
189 3991.03896805
190 3994.44218867
191 3997.70458637
192 4001.01392504
193 4003.806913
194 4006.8815468
195 4010.28476742
196 4013.12469635
197 4016.05850723
198 4018.54637886
199 4021.12813243
200 4023.8976499
201 4028.45092439
202 4046.49972892
203 4103.60342387
204 4194.01173994
205 4305.63737628
206 4406.53700005
207 4479.92921301
208 4525.18031202
209 4552.07749016
210 4568.53030157
211 4580.82883678
212 4591.71914276
213 4600.87263271
214 4608.45360002
215 4615.21310029
216 4622.23077591
217 4629.41274494
218 4636.64165495
219 4643.91750593
220 4650.27800792
221 4655.91092481
222 4660.51114027
223 4665.32259011
224 4669.54727778
225 4673.70155398
226 4677.01089265
227 4679.89776256
228 4682.1743998
229 4684.02856828
230 4686.11744162
231 4687.85425766
232 4689.09819348
233 4690.52989319
234 4692.38406166
235 4693.65146796
236 4695.10663816
237 4696.46792641
238 4697.89962612
239 4699.51908972
240 4700.97425992
241 4702.61719401
242 4703.86112982
243 4704.91730174
244 4706.32553096
245 4707.68681921
246 4709.3297533
247 4710.62063009
248 4712.38091662
249 4714.18814412
250 4715.73719626
251 4717.40360084
252 4718.99959396
253 4720.3843527
254 4722.14463922
255 4723.8110438
256 4726.01726958
257 4729.11537387
258 4732.30736011
259 4737.44739677
260 4741.29655664
261 4745.19265749
262 4748.36117324
263 4750.9663973
264 4753.26650503
265 4756.01255202
266 4758.05448439
267 4760.49541504
268 4763.00675715
269 4765.02521904
270 4767.16103336
271 4769.17949524
272 4771.47960297
273 4773.52153535
274 4775.70429064
275 4777.84010496
276 4780.1167422
277 4782.20561555
278 4784.15366597
279 4786.21906883
280 4788.42529461
281 4790.60804991
282 4792.46221838
283 4794.33985735
284 4796.21749631
285 4798.0481943
286 4799.80848083
287 4801.70959028
288 4803.6576407
289 4805.34751577
290 4807.15474327
291 4809.05585272
292 4811.12125558
293 4813.2570699
294 4815.18164983
295 4817.08275928
296 4818.98386873
297 4820.74415526
298 4822.4809713
299 4824.26472832
300 4825.86072144
301 4827.45671455
302 4829.31088303
303 4831.21199248
304 4832.83145609
305 4834.38050823
306 4835.85914891
307 4837.76025836
308 4839.33278099
309 4840.7644807
310 4842.26659187
311 4843.72176207
312 4845.36469616
313 4846.58516149
314 4848.04033168
315 4849.35467896
316 4850.69249672
317 4852.28848984
318 4853.83754198
319 4855.17535974
320 4857.40505601
321 4859.07146059
322 4860.55010128
323 4862.16956488
324 4863.60126459
325 4864.86867089
326 4866.06566573
327 4867.99024567
328 4869.11682904
329 4870.50158778
330 4871.65164164
331 4873.03640038
332 4874.51504106
333 4875.68856541
334 4877.07332415
335 4878.52849434
336 4879.84284162
337 4880.969425
338 4882.44806568
339 4883.87976539
340 4885.28799461
341 4887.35339747
342 4889.27797741
343 4891.1086754
344 4892.58731608
345 4894.69965991
346 4896.90588569
347 4899.48763927
348 4901.36527823
349 4904.58073495
350 4907.51454583
351 4910.6595911
352 4914.69651487
353 4918.73343864
354 4922.9581263
355 4927.76957615
356 4933.23819963
357 4937.48635778
358 4942.22739616
359 4946.54596578
360 4951.07576977
361 4956.6382752
362 4961.87219381
363 4968.35004823
364 4974.02990609
365 4981.70475536
366 4988.58160806
367 4996.30339829
368 5002.78125271
369 5013.41338334
370 5022.61381426
371 5033.31635635
372 5047.79764685
373 5060.00230011
374 5073.96723989
375 5085.77289487
376 5099.97253953
377 5111.52001915
378 5126.49418988
379 5140.15401334
380 5156.41906085
381 5171.48711353
382 5187.86951348
383 5207.42042918
384 5224.01406352
385 5244.36297578
386 5262.81077859
387 5284.23933325
388 5303.90760139
389 5326.11068212
390 5347.04635656
391 5371.80772038
392 5395.95885154
393 5418.44357812
394 5447.14798377
395 5471.8858771
396 5501.7638071
397 5528.96610158
398 5561.91866537
399 5590.43530712
400 5623.9746331
401 5653.89950407
402 5683.84784553
403 5720.74345115
404 5754.28277712
405 5790.26303375
406 5824.50647433
407 5864.85224155
408 5900.9733211
409 5941.92932098
410 5977.15852202
411 6021.37691959
412 6060.24404612
413 6098.87646779
414 6145.58273699
415 6185.388683
416 6232.61130292
417 6275.25717786
418 6325.46054963
419 6367.23801656
420 6417.46485881
421 6462.5751349
422 6509.35181556
423 6557.11425668
424 6602.76435396
425 6654.18819106
426 6700.98834221
427 6753.44488073
428 6799.82256312
429 6853.54650794
430 6900.25277715
431 6954.25836782
432 6998.89923416
433 7045.58203287
434 7098.95392039
435 7142.63249677
436 7193.79815851
437 7239.63601969
438 7293.64161036
439 7337.76612598
440 7388.88484675
441 7432.25830679
442 7482.74332441
443 7526.42190078
444 7567.70648748
445 7614.38928619
446 7655.72081386
447 7704.8914842
448 7746.01177749
449 7790.55876188
450 7829.00341965
451 7873.38611064
452 7911.19706525
453 7951.35506857
454 7991.27836702
455 8025.63916004
456 8063.80217196
457 8098.16296498
458 8137.61685369
459 8169.06730632
460 8206.69049703
461 8236.4510746
462 8271.14045444
463 8300.85409102
464 8330.54425712
465 8365.18669599
466 8393.35128043
467 8424.52008722
468 8449.14062812
469 8478.45526643
470 8503.96768583
471 8532.01491784
472 8554.8986427
473 8579.30794922
474 8598.99968784
475 8618.19854624
476 8641.17615305
477 8660.06989511
478 8682.1790939
479 8699.26560846
480 8718.76958319
481 8735.71527483
482 8754.51513494
483 8769.41889421
484 8784.79206322
485 8798.61618008
486 8812.65153133
487 8827.3675267
488 8840.65182237
489 8853.27894439
490 8864.94377645
491 8876.77290191
492 8887.63973741
493 8899.63315629
494 8909.30299695
495 8918.26872299
496 8928.45491437
497 8936.52876191
498 8945.72919283
499 8953.66221744
500 8961.94729937
501 8968.49556525
502 8976.0061211
503 8982.03803627
504 8988.65671362
505 8994.43045343
506 8999.21843278
507 9004.4288809
508 9008.86480295
509 9014.19260351
510 9018.25299777
511 9022.99403615
512 9026.84319602
513 9031.51382294
514 9035.31604184
515 9039.5642
516 9043.9062401
517 9048.01357533
518 9051.72191228
519 9055.05472144
520 9058.62223547
521 9061.41522343
522 9064.30209333
523 9066.57873058
524 9069.27783658
525 9071.2493575
526 9073.22087841
527 9075.09851737
528 9076.4832761
529 9078.10273971
530 9079.67526234
531 9081.22431449
532 9082.51519127
533 9083.80606806
534 9085.05000387
535 9086.66946748
536 9087.84299183
537 9089.11039813
538 9090.28392248
539 9091.24621245
540 9092.46667778
541 9093.52284969
542 9094.62596258
543 9095.42395914
544 9096.7617769
545 9097.55977346
546 9098.49859294
547 9099.39047145
548 9100.11805655
549 9101.05687603
550 9102.019166
551 9102.84063305
552 9103.59168863
553 9104.71827201
554 9105.51626857
555 9106.19691269
556 9106.83061584
557 9107.69902386
558 9108.40313847
559 9108.87254821
560 9109.50625136
561 9110.06954305
562 9110.56242328
563 9111.17265594
564 9111.80635909
565 9112.36965078
566 9112.93294247
567 9113.51970465
568 9113.82482098
569 9114.36464218
570 9114.90446338
571 9115.53816653
572 9115.98410579
573 9116.57086796
574 9117.11068916
575 9117.46274647
576 9117.88521524
577 9118.307684
578 9118.58932985
579 9118.91791667
580 9119.34038543
581 9119.78632469
582 9120.32614589
583 9120.67820319
584 9121.14761293
585 9121.49967024
586 9121.99255047
587 9122.36807826
588 9122.67319459
589 9123.44772066
590 9123.98754187
591 9124.57430404
592 9124.92636135
593 9125.46618255
594 9125.86518083
595 9126.21723813
596 9126.59276593
597 9127.06217567
598 9127.60199687
599 9127.93058369
600 9128.30611148
601 9128.72858025
602 9129.1745195
603 9129.50310632
604 9130.06639801
605 9131.31033382
606 9133.61044155
607 9136.9667212
608 9141.73123006
609 9146.63656186
610 9151.21330683
611 9154.66346842
612 9156.75234177
613 9158.95856755
614 9160.60150164
615 9162.6669045
616 9164.38025005
617 9165.78847928
618 9166.60994632
619 9167.45488386
620 9168.48758529
621 9169.21517038
622 9169.87234402
623 9170.50604717
624 9171.09280935
625 9171.58568957
626 9172.0785698
627 9172.47756808
628 9173.08780074
629 9173.53374
630 9173.86232682
631 9174.2613251
632 9174.56644143
633 9175.01238068
634 9175.3409675
635 9175.73996578
636 9176.09202309
637 9176.49102137
638 9176.96043111
639 9177.31248841
640 9177.64107523
641 9177.96966205
642 9178.57989471
643 9178.97889299
644 9179.49524371
645 9179.80036004
646 9180.38712221
647 9180.71570903
648 9181.04429585
649 9181.46676462
650 9181.70146949
651 9182.19434971
652 9182.61681848
653 9182.82805286
654 9183.18011017
655 9183.39134455
656 9183.64951991
657 9183.90769527
658 9184.18934111
659 9184.56486891
660 9184.89345572
661 9185.19857206
662 9185.55062936
663 9185.76186374
664 9186.23127349
665 9186.51291933
666 9186.9353881
667 9187.54562076
668 9189.2824368
669 9191.0896643
670 9192.80300986
671 9194.65717833
672 9195.71335025
673 9196.67564022
674 9197.6144597
675 9198.27163333
676 9198.74104308
677 9199.32780525
678 9199.84415597
679 9200.24315425
680 9200.94726886
681 9201.4166786
682 9201.74526542
683 9201.93302931
684 9202.19120467
685 9202.56673246
686 9202.80143733
687 9203.10655366
688 9203.45861097
689 9203.59943389
690 9203.90455022
691 9204.20966655
692 9204.51478289
693 9204.74948776
694 9204.86684019
695 9205.12501555
696 9205.28930896
697 9205.43013188
698 9205.73524821
699 9205.80565967
700 9206.08730552
701 9206.2985399
702 9206.43936282
703 9206.65059721
704 9206.86183159
705 9207.09653646
706 9207.23735938
707 9207.49553474
708 9207.73023961
709 9207.98841497
710 9208.22311984
711 9208.43435422
712 9208.57517714
713 9208.78641153
714 9209.0211164
715 9209.23235078
716 9209.44358516
717 9209.65481955
718 9209.9129949
719 9210.21811124
720 9210.47628659
721 9210.8283439
722 9211.13346023
723 9211.27428315
724 9211.43857656
725 9211.60286997
726 9211.79063387
727 9212.07227971
728 9212.37739604
729 9212.6355714
730 9212.84680578
731 9212.96415822
732 9213.15192212
733 9213.45703845
734 9213.50397942
735 9213.59786137
736 9213.69174332
737 9213.94991867
738 9214.0907416
739 9214.18462355
740 9214.48973988
741 9214.67750377
742 9214.8183267
743 9215.00609059
744 9215.21732497
745 9215.45202985
746 9215.7102052
747 9215.92143959
748 9216.20308543
749 9216.4377903
750 9216.57861322
751 9216.78984761
752 9216.90720004
753 9217.04802296
754 9217.32966881
755 9217.63478514
756 9218.05725391
757 9218.36237024
758 9218.50319316
759 9218.71442754
760 9218.80830949
761 9218.90219144
762 9219.04301436
763 9219.20730777
764 9219.32466021
765 9219.48895362
766 9219.60630605
767 9219.67671751
768 9219.72365849
769 9219.74712897
770 9219.81754043
771 9220.00530433
772 9220.12265677
773 9220.2400092
774 9220.38083212
775 9220.4277731
776 9220.59206651
777 9220.68594845
778 9220.9675943
779 9221.20229917
780 9221.3196516
781 9221.48394501
782 9221.62476794
783 9221.67170891
784 9221.83600232
785 9221.90641378
786 9222.02376622
787 9222.21153011
788 9222.37582352
789 9222.56358742
790 9222.70441034
791 9222.86870375
792 9223.15034959
793 9223.33811349
794 9223.5024069
795 9223.76058226
796 9223.97181664
797 9224.18305102
798 9224.37081492
799 9224.5820493
800 9224.81675417
801 9224.98104758
802 9225.19228197
803 9225.38004586
804 9225.52086878
805 9225.73210317
806 9225.87292609
807 9226.10763096
808 9226.34233583
809 9226.43621778
810 9226.60051119
811 9226.95256849
812 9227.18727336
813 9227.32809629
814 9227.44544872
815 9227.6566831
816 9227.82097651
817 9227.98526992
818 9228.17303382
819 9228.36079771
820 9228.47815015
821 9228.71285502
822 9228.87714843
823 9229.06491233
824 9229.15879427
825 9229.34655817
826 9229.62820401
827 9229.8394384
828 9230.14455473
829 9230.52008252
830 9231.38849054
831 9235.89482405
832 9253.35686641
833 9282.76538666
834 9335.33927763
835 9390.30715826
836 9452.85600621
837 9529.36979395
838 9588.70318518
839 9650.85303485
840 9694.5785522
841 9734.92431941
842 9762.59602363
843 9788.85949862
844 9806.95524413
845 9824.95710768
846 9837.93628702
847 9848.96741592
848 9859.85772191
849 9866.7580451
850 9874.45636484
851 9879.92498832
852 9885.83955106
853 9889.94688629
854 9895.20427538
855 9899.02996477
856 9903.27812292
857 9907.1272828
858 9909.96721173
859 9913.15919797
860 9915.34195326
861 9917.78288391
862 9919.42581801
863 9921.23304551
864 9922.66474522
865 9924.1433859
866 9925.03526441
867 9925.92714291
868 9926.88943288
869 9927.47619506
870 9928.2976621
871 9928.88442428
872 9929.54159792
873 9930.10488961
874 9931.23147298
875 9932.24070393
876 9933.22646438
877 9934.07140192
878 9934.96328042
879 9936.0898638
880 9937.12256523
881 9938.10832569
882 9938.90632225
883 9939.7043188
884 9940.38496293
885 9941.25337095
886 9941.81666264
887 9942.35648384
888 9942.9667165
889 9943.71777209
890 9944.28106378
891 9944.86782595
892 9945.52499959
893 9946.20564371
894 9946.83934686
895 9947.33222709
896 9947.77816634
897 9948.31798755
898 9948.88127924
899 9949.35068898
900 9949.63233482
901 9950.10174456
902 9950.38339041
903 9950.78238869
904 9951.06403453
905 9951.32220989
906 9951.53344427
907 9951.90897206
908 9952.16714742
909 9952.30797034
910 9952.44879326
911 9952.61308667
912 9952.82432106
913 9953.05902593
914 9953.36414226
915 9953.57537664
916 9953.78661103
917 9953.90396346
918 9954.04478638
919 9954.18560931
920 9954.27949125
921 9954.39684369
922 9954.53766661
923 9954.67848953
924 9954.86625343
925 9954.98360586
926 9955.1009583
927 9955.19484025
928 9955.2887222
929 9955.42954512
930 9955.47648609
931 9955.71119096
932 9955.8285434
933 9955.96936632
934 9956.01630729
935 9956.20407119
936 9956.32142363
937 9956.39183509
938 9956.50918752
939 9956.74389239
940 9956.9081858
941 9957.0959497
942 9957.21330213
943 9957.28371359
944 9957.42453652
945 9957.58882993
946 9957.72965285
947 9957.91741674
948 9958.01129869
949 9958.10518064
950 9958.29294454
951 9958.50417892
952 9958.7154133
953 9958.78582476
954 9958.95011817
955 9959.06747061
956 9959.16135256
957 9959.32564597
958 9959.41952791
959 9959.46646889
960 9959.56035084
961 9959.74811473
962 9959.91240814
963 9960.24099496
964 9960.28793593
965 9960.45222934
966 9960.61652275
967 9960.87469811
968 9961.10940298
969 9961.32063736
970 9961.4379898
971 9961.69616516
972 9961.83698808
973 9961.95434051
974 9962.11863392
975 9962.30639782
976 9962.42375026
977 9962.56457318
978 9962.68192561
979 9962.77580756
980 9962.82274853
981 9963.03398292
982 9963.26868779
983 9963.40951071
984 9963.62074509
985 9963.83197948
986 9963.87892045
987 9964.09015483
988 9964.18403678
989 9964.30138922
990 9964.44221214
991 9964.53609409
992 9964.72385798
993 9964.91162188
994 9965.00550383
995 9965.0524448
996 9965.14632675
997 9965.21673821
998 9965.33409065
999 9965.40450211
1000 9965.56879552
1001 9965.73308893
1002 9965.7800299
1003 9965.85044136
1004 9966.01473477
1005 9966.17902818
1006 9966.27291013
1007 9966.43720354
1008 9966.43720354
1009 9966.60149695
1010 9966.64843792
1011 9966.71884938
1012 9966.78926084
1013 9966.88314279
1014 9967.00049523
1015 9967.11784766
1016 9967.21172961
1017 9967.32908205
1018 9967.32908205
1019 9967.39949351
1020 9967.49337546
1021 9967.56378692
1022 9967.5872574
1023 9967.75155081
1024 9967.84543276
1025 9968.03319666
1026 9968.15054909
1027 9968.26790153
1028 9968.29137201
1029 9968.36178348
1030 9968.45566542
1031 9968.54954737
1032 9968.66689981
1033 9968.78425224
1034 9968.8546637
1035 9968.90160468
1036 9968.97201614
1037 9969.0424276
1038 9969.15978003
1039 9969.18325052
1040 9969.27713247
1041 9969.37101442
1042 9969.48836685
1043 9969.5822488
1044 9969.62918978
1045 9969.72307172
1046 9969.74654221
1047 9969.74654221
1048 9969.84042416
1049 9969.86389465
1050 9969.88736513
1051 9969.93430611
1052 9970.02818805
1053 9970.12207
1054 9970.21595195
1055 9970.26289293
1056 9970.33330439
1057 9970.40371585
1058 9970.45065682
1059 9970.56800926
1060 9970.61495023
1061 9970.6618912
1062 9970.75577315
1063 9970.77924364
1064 9970.8496551
1065 9970.92006656
1066 9970.96700754
1067 9971.10783046
1068 9971.17824192
1069 9971.24865338
1070 9971.29559435
1071 9971.31906484
1072 9971.36600582
1073 9971.45988776
1074 9971.62418117
1075 9971.67112215
1076 9971.74153361
1077 9971.78847458
1078 9971.90582702
1079 9971.9292975
1080 9971.97623848
1081 9972.09359091
1082 9972.18747286
1083 9972.21094335
1084 9972.21094335
1085 9972.23441384
1086 9972.32829578
1087 9972.42217773
1088 9972.46911871
1089 9972.6568826
1090 9972.75076455
1091 9972.8446465
1092 9972.98546942
1093 9973.0324104
1094 9973.05588088
1095 9973.12629234
1096 9973.1967038
1097 9973.22017429
1098 9973.36099721
1099 9973.3844677
1100 9973.45487916
1101 9973.54876111
1102 9973.64264306
1103 9973.75999549
1104 9973.87734793
1105 9973.99470036
1106 9974.08858231
1107 9974.20593475
1108 9974.25287572
1109 9974.34675767
1110 9974.39369864
1111 9974.41716913
1112 9974.48758059
1113 9974.58146254
1114 9974.62840351
1115 9974.72228546
1116 9974.81616741
1117 9974.91004936
1118 9974.95699033
1119 9975.02740179
1120 9975.21516569
1121 9975.30904764
1122 9975.35598861
1123 9975.47334105
1124 9975.63763446
1125 9975.82539835
1126 9975.98969176
1127 9976.1070442
1128 9976.24786712
1129 9976.29480809
1130 9976.38869004
1131 9976.50604248
1132 9976.74074735
1133 9976.92851124
1134 9976.9989227
1135 9977.02239319
1136 9977.16321611
1137 9977.35098001
1138 9977.44486196
1139 9977.56221439
1140 9977.67956683
1141 9977.77344878
1142 9977.93774219
1143 9978.05509462
1144 9978.19591754
1145 9978.40715193
1146 9978.50103387
1147 9978.78267972
1148 9978.9939141
1149 9979.08779605
1150 9979.13473702
1151 9979.25208946
1152 9979.34597141
1153 9979.43985336
1154 9979.58067628
1155 9979.76844017
1156 9979.88579261
1157 9980.14396797
1158 9980.23784992
1159 9980.33173186
1160 9980.4490843
1161 9980.58990722
1162 9980.66031868
1163 9980.77767112
1164 9980.84808258
1165 9981.01237599
1166 9981.05931696
1167 9981.34096281
1168 9981.45831524
1169 9981.50525622
1170 9981.66954962
1171 9981.85731352
1172 9981.95119547
1173 9982.0685479
1174 9982.13895937
1175 9982.30325277
1176 9982.42060521
1177 9982.56142813
1178 9982.65531008
1179 9982.77266252
1180 9982.86654446
1181 9982.93695592
1182 9983.05430836
1183 9983.1716608
1184 9983.24207226
1185 9983.38289518
1186 9983.42983615
1187 9983.5237181
1188 9983.57065907
1189 9983.68801151
1190 9983.711482
1191 9983.82883443
1192 9983.92271638
1193 9984.0635393
1194 9984.18089174
1195 9984.27477369
1196 9984.41559661
1197 9984.55641953
1198 9984.72071294
1199 9984.76765391
1200 9984.90847684
1201 9985.00235878
1202 9985.04929976
1203 9985.11971122
1204 9985.21359317
1205 9985.37788658
1206 9985.49523901
1207 9985.7064734
1208 9985.80035534
1209 9985.91770778
1210 9986.08200119
1211 9986.29323557
1212 9986.38711752
1213 9986.5983519
1214 9986.73917482
1215 9986.87999775
1216 9987.04429116
1217 9987.325937
1218 9987.46675992
1219 9987.63105333
1220 9987.74840577
1221 9987.77187625
1222 9988.03005161
1223 9988.21781551
1224 9988.4055794
1225 9988.5933433
1226 9988.7811072
1227 9988.94540061
1228 9989.01581207
1229 9989.15663499
1230 9989.22704645
1231 9989.41481035
1232 9989.57910376
1233 9989.6729857
1234 9989.88422009
1235 9989.97810204
1236 9990.07198398
1237 9990.16586593
1238 9990.30668885
1239 9990.51792324
1240 9990.5883347
1241 9990.75262811
1242 9990.98733298
1243 9991.05774444
1244 9991.17509687
1245 9991.3159198
1246 9991.40980174
1247 9991.45674272
1248 9991.57409515
1249 9991.69144759
1250 9991.83227051
1251 9991.94962295
1252 9992.13738684
1253 9992.27820977
1254 9992.32515074
1255 9992.46597366
1256 9992.5833261
1257 9992.60679658
1258 9992.65373756
1259 9992.74761951
1260 9992.88844243
1261 9993.02926535
1262 9993.02926535
1263 9993.1231473
1264 9993.17008827
1265 9993.28744071
1266 9993.38132266
1267 9993.42826363
1268 9993.59255704
1269 9993.6629685
1270 9993.75685045
1271 9993.8507324
1272 9993.87420288
1273 9993.99155532
1274 9994.22626019
1275 9994.3905536
1276 9994.48443555
1277 9994.60178798
1278 9994.64872896
1279 9994.69566993
1280 9994.7426109
1281 9994.76608139
1282 9994.81302236
1283 9994.83649285
1284 9994.9303748
1285 9994.95384529
1286 9995.07119772
1287 9995.07119772
1288 9995.1181387
1289 9995.21202064
1290 9995.32937308
1291 9995.37631405
1292 9995.44672551
1293 9995.54060746
1294 9995.58754844
1295 9995.72837136
1296 9995.75184185
1297 9995.86919428
1298 9995.91613526
1299 9995.93960574
1300 9995.98654672
1301 9996.08042866
1302 9996.12736964
1303 9996.15084013
1304 9996.24472207
1305 9996.33860402
1306 9996.45595646
1307 9996.47942694
1308 9996.54983841
1309 9996.59677938
1310 9996.64372035
1311 9996.69066133
1312 9996.7376023
1313 9996.78454328
1314 9996.80801376
1315 9996.87842522
1316 9996.90189571
1317 9996.99577766
1318 9997.04271863
1319 9997.16007107
1320 9997.23048253
1321 9997.32436448
1322 9997.39477594
1323 9997.39477594
1324 9997.41824643
1325 9997.51212837
1326 9997.51212837
1327 9997.55906935
1328 9997.55906935
1329 9997.60601032
1330 9997.67642178
1331 9997.67642178
1332 9997.67642178
1333 9997.69989227
1334 9997.72336276
1335 9997.81724471
1336 9997.81724471
1337 9997.93459714
1338 9997.95806763
1339 9998.02847909
1340 9998.02847909
1341 9998.12236104
1342 9998.16930201
1343 9998.21624299
1344 9998.21624299
1345 9998.23971347
1346 9998.26318396
1347 9998.31012493
1348 9998.31012493
1349 9998.33359542
1350 9998.38053639
1351 9998.40400688
1352 9998.49788883
1353 9998.5448298
1354 9998.61524126
1355 9998.61524126
1356 9998.61524126
1357 9998.61524126
1358 9998.63871175
1359 9998.63871175
1360 9998.66218224
1361 9998.70912321
1362 9998.70912321
1363 9998.7325937
1364 9998.77953467
1365 9998.77953467
1366 9998.80300516
1367 9998.84994614
1368 9998.84994614
1369 9998.84994614
1370 9998.87341662
1371 9998.87341662
1372 9998.94382808
1373 9998.96729857
1374 9998.96729857
1375 9998.96729857
1376 9998.99076906
1377 9999.01423954
1378 9999.03771003
1379 9999.10812149
1380 9999.13159198
1381 9999.13159198
1382 9999.15506247
1383 9999.15506247
1384 9999.15506247
1385 9999.20200344
1386 9999.22547393
1387 9999.24894441
1388 9999.24894441
1389 9999.2724149
1390 9999.2724149
1391 9999.29588539
1392 9999.29588539
1393 9999.29588539
1394 9999.29588539
1395 9999.31935588
1396 9999.31935588
1397 9999.31935588
1398 9999.31935588
1399 9999.34282636
1400 9999.36629685
1401 9999.36629685
1402 9999.36629685
1403 9999.36629685
1404 9999.36629685
1405 9999.36629685
1406 9999.38976734
1407 9999.38976734
1408 9999.41323782
1409 9999.41323782
1410 9999.41323782
1411 9999.41323782
1412 9999.43670831
1413 9999.4601788
1414 9999.4601788
1415 9999.4601788
1416 9999.4601788
1417 9999.4601788
1418 9999.48364929
1419 9999.53059026
1420 9999.53059026
1421 9999.53059026
1422 9999.53059026
1423 9999.53059026
1424 9999.53059026
1425 9999.53059026
1426 9999.53059026
1427 9999.53059026
1428 9999.55406075
1429 9999.57753123
1430 9999.57753123
1431 9999.57753123
1432 9999.57753123
1433 9999.57753123
1434 9999.57753123
1435 9999.57753123
1436 9999.57753123
1437 9999.57753123
1438 9999.57753123
1442 9999.60100172
1443 9999.60100172
1444 9999.60100172
1445 9999.60100172
1446 9999.60100172
1447 9999.62447221
1448 9999.64794269
1449 9999.64794269
1450 9999.67141318
1451 9999.67141318
1452 9999.67141318
1453 9999.67141318
1454 9999.67141318
1455 9999.71835416
1456 9999.71835416
1457 9999.71835416
1458 9999.71835416
1459 9999.71835416
1460 9999.71835416
1461 9999.71835416
1462 9999.71835416
1463 9999.74182464
1464 9999.74182464
1465 9999.74182464
1466 9999.74182464
1467 9999.74182464
1468 9999.74182464
1469 9999.74182464
1470 9999.74182464
1471 9999.74182464
1472 9999.76529513
1473 9999.78876562
1474 9999.78876562
1475 9999.78876562
1476 9999.78876562
1477 9999.8122361
1478 9999.8122361
1479 9999.8122361
1480 9999.8122361
1481 9999.8122361
1482 9999.8122361
1483 9999.83570659
1484 9999.83570659
1485 9999.83570659
1486 9999.83570659
1487 9999.83570659
1488 9999.85917708
1489 9999.85917708
1490 9999.85917708
1491 9999.85917708
1492 9999.85917708
1493 9999.85917708
1494 9999.85917708
1495 9999.85917708
1496 9999.85917708
1497 9999.85917708
1501 10000.0
