0 0.0
1 0.0
2 0.0
3 0.0
4 0.0
5 0.0
6 0.0
7 0.0
8 0.0
15 0.194132035669
16 0.647106785562
17 1.14322198783
18 1.57462651153
19 1.94132035669
20 2.45900578513
21 4.20619410615
22 15.4658521749
23 116.781204568
24 382.181267553
25 733.754384148
26 1124.5853124
27 1725.12197963
28 2361.05538803
29 2906.8468212
30 3372.39701296
31 3771.55404852
32 4134.10641024
33 4447.19824332
34 4702.74071294
35 4911.02281699
36 5070.66406098
37 5196.15963693
38 5288.32921342
39 5362.91905557
40 5421.46064944
41 5469.64853473
42 5514.34204339
43 5558.73356888
44 5607.61170142
45 5659.35867404
46 5711.92531525
47 5769.10798487
48 5826.50635675
49 5876.50614104
50 5919.4740316
51 5957.04936562
52 5989.72825829
53 6018.43822934
54 6045.57357388
55 6069.40867382
56 6089.14543078
57 6108.53706412
58 6127.19530977
59 6144.17107778
60 6159.57221927
61 6173.70071743
62 6188.77830553
63 6203.31663798
64 6216.8411698
65 6229.56760325
66 6241.75478104
67 6252.49675368
68 6263.47599881
69 6274.174831
70 6285.77961269
71 6298.54918659
72 6317.14272156
73 6347.77244274
74 6389.44611973
75 6461.08084089
76 6544.83802917
77 6665.13518061
78 6794.16827365
79 6971.25983063
80 7144.5550278
81 7348.11325232
82 7561.76634268
83 7759.73787861
84 7989.41764703
85 8176.04324399
86 8365.68867261
87 8500.71828853
88 8632.44765985
89 8719.91492703
90 8802.48575287
91 8861.78230465
92 8909.99176017
93 8963.50749134
94 9002.07505576
95 9047.78236505
96 9084.86158386
97 9127.74319352
98 9164.64985052
99 9203.49782788
100 9234.73151539
101 9268.74776209
102 9296.1850898
103 9318.38085254
104 9341.97867999
105 9357.53081307
106 9373.01823547
107 9383.73863788
108 9393.79036329
109 9401.05952951
110 9408.00514234
111 9413.11728595
112 9417.53918232
113 9421.44339326
114 9424.5279356
115 9427.28892455
116 9429.89892192
117 9432.37949793
118 9433.93255422
119 9435.8954448
120 9437.31907973
121 9439.04469782
122 9440.29577094
123 9441.67626542
124 9443.03518967
125 9444.0489903
126 9445.32163364
127 9446.18444269
128 9447.24138377
129 9448.19047373
130 9449.33369571
131 9450.23964521
132 9451.03774358
133 9451.72799082
134 9452.61237009
135 9453.6046005
136 9454.40269887
137 9455.30864837
138 9456.04203606
139 9456.84013443
140 9457.70294347
141 9458.60889297
142 9459.60112338
143 9460.39922175
144 9460.9384774
145 9461.77971622
146 9462.72880617
147 9463.37591296
148 9464.02301975
149 9464.75640744
150 9465.48979513
151 9466.11533169
152 9466.82714915
153 9467.2801239
154 9467.62524752
155 9468.31549476
156 9468.72532905
157 9469.35086561
158 9469.82541059
159 9470.45094715
160 9470.96863258
161 9471.3137562
162 9471.72359049
163 9472.41383773
164 9472.73739112
165 9473.38449791
166 9473.85904289
167 9474.35515809
168 9474.91598397
169 9475.28267781
170 9475.71408234
171 9475.95135483
172 9476.51218071
173 9476.85730433
174 9477.3318493
175 9477.78482405
176 9478.2377988
177 9478.86333536
178 9479.31631011
179 9479.68300396
180 9480.17911916
181 9480.65366413
182 9481.14977934
183 9481.60275409
184 9482.12043951
185 9482.55184404
186 9482.98324856
187 9483.34994241
188 9483.65192557
189 9484.10490032
190 9484.53630485
191 9484.96770937
192 9485.55010548
193 9486.11093136
194 9486.77960837
195 9487.21101289
196 9487.66398764
197 9488.24638375
198 9488.67778828
199 9489.30332483
200 9490.07985298
201 9493.27224645
202 9502.84942688
203 9533.50071829
204 9573.81547103
205 9626.5115336
206 9670.98933999
207 9704.94087601
208 9726.5973831
209 9739.71208062
210 9748.3401711
211 9754.29355352
212 9758.95272238
213 9763.20205694
214 9766.45916109
215 9770.21238045
216 9772.88708849
217 9775.90692016
218 9779.27187544
219 9782.50740937
220 9785.44096013
221 9787.89996592
222 9790.01384809
223 9792.38657297
224 9794.09062083
225 9795.68681757
226 9797.15359295
227 9797.9301211
228 9799.22433467
229 9800.06557349
230 9800.86367186
231 9801.57548932
232 9802.33044724
233 9802.93441357
234 9803.36581809
235 9803.84036307
236 9804.37961872
237 9804.94044461
238 9805.58755139
239 9806.55821157
240 9808.34854034
241 9809.68589437
242 9811.34680178
243 9812.72729626
244 9813.26655191
245 9813.9136587
246 9814.323493
247 9814.73332729
248 9815.07845091
249 9815.27258295
250 9815.53142566
251 9815.91968973
252 9816.2216729
253 9816.45894539
254 9816.86877969
255 9817.10605217
256 9817.40803534
257 9817.73158873
258 9818.0335719
259 9818.37869552
260 9818.81010004
261 9818.96109163
262 9819.24150457
263 9819.47877705
264 9819.80233045
265 9820.06117316
266 9820.27687542
267 9820.42786701
268 9820.57885859
269 9820.70827995
270 9820.8377013
271 9821.07497379
272 9821.26910583
273 9821.42009741
274 9821.70051035
275 9821.85150193
276 9822.04563397
277 9822.36918736
278 9822.47703849
279 9822.75745143
280 9822.93001324
281 9823.23199641
282 9823.53397958
283 9823.70654139
284 9823.90067342
285 9824.26736727
286 9824.43992908
287 9824.61249089
288 9824.8713336
289 9825.00075496
290 9825.45372971
291 9826.07926627
292 9827.15777758
293 9827.95587595
294 9828.71083386
295 9829.29322997
296 9829.8109154
297 9830.06975811
298 9830.37174128
299 9830.73843512
300 9831.06198852
301 9831.40711213
302 9831.83851666
303 9832.01107847
304 9832.31306163
305 9832.63661503
306 9832.91702797
307 9833.04644933
308 9833.13273023
309 9833.37000272
310 9833.56413475
311 9833.84454769
312 9834.08182018
313 9834.36223312
314 9834.59950561
315 9834.70735674
316 9834.96619946
317 9835.18190172
318 9835.52702534
319 9835.67801692
320 9835.72115737
321 9835.95842986
322 9836.08785122
323 9836.19570235
324 9836.36826416
325 9836.45454506
326 9836.58396642
327 9836.77809846
328 9836.88594959
329 9836.95066026
330 9837.1447923
331 9837.25264343
332 9837.38206479
333 9837.51148615
334 9837.6409075
335 9837.72718841
336 9837.89975022
337 9837.9644609
338 9838.00760135
339 9838.11545248
340 9838.20173338
341 9838.30958451
342 9838.37429519
343 9838.48214632
344 9838.52528678
345 9838.56842723
346 9838.61156768
347 9838.67627836
348 9838.76255926
349 9838.89198062
350 9838.9566913
351 9838.99983175
352 9839.06454243
353 9839.23710424
354 9839.38809582
355 9839.47437673
356 9839.60379809
357 9839.64693854
358 9839.73321944
359 9839.79793012
360 9839.92735148
361 9839.97049193
362 9840.01363238
363 9840.09991329
364 9840.14305374
365 9840.18619419
366 9840.22933464
367 9840.25090487
368 9840.31561555
369 9840.358756
370 9840.46660713
371 9840.53131781
372 9840.57445826
373 9840.7685903
374 9840.83330098
375 9841.19999482
376 9841.35098641
377 9841.45883754
378 9841.60982912
379 9841.6745398
380 9841.73925048
381 9841.86867183
382 9841.86867183
383 9841.93338251
384 9841.97652297
385 9842.04123364
386 9842.10594432
387 9842.12751455
388 9842.14908478
389 9842.19222523
390 9842.25693591
391 9842.30007636
392 9842.34321681
393 9842.45106794
394 9842.53734885
395 9842.5804893
396 9842.62362975
397 9842.64519998
398 9842.6667702
399 9842.75305111
400 9842.75305111
401 9842.83933201
402 9842.88247247
403 9842.94718314
404 9842.9903236
405 9843.03346405
406 9843.09817473
407 9843.11974495
408 9843.18445563
409 9843.20602586
410 9843.27073654
411 9843.31387699
412 9843.35701744
413 9843.40015789
414 9843.42172812
415 9843.50800902
416 9843.50800902
417 9843.55114948
418 9843.61586016
419 9843.72371129
420 9843.87470287
421 9843.91784332
422 9843.982554
423 9844.04726468
424 9844.15511581
425 9844.24139672
426 9844.34924785
427 9844.3923883
428 9844.45709898
429 9844.4786692
430 9844.50023943
431 9844.54337988
432 9844.62966079
433 9844.69437147
434 9844.8022226
435 9844.8885035
436 9844.93164395
437 9845.03949508
438 9845.06106531
439 9845.06106531
440 9845.06106531
441 9845.10420576
442 9845.19048667
443 9845.25519735
444 9845.27676757
445 9845.49246983
446 9845.53561029
447 9845.60032096
448 9845.72974232
449 9845.794453
450 9845.92387436
451 9845.98858504
452 9846.07486594
453 9846.18271707
454 9846.31213843
455 9846.33370866
456 9846.39841933
457 9846.46313001
458 9846.54941092
459 9846.59255137
460 9846.63569182
461 9846.7004025
462 9846.74354295
463 9846.76511318
464 9846.85139408
465 9846.89453454
466 9846.93767499
467 9846.98081544
468 9846.98081544
469 9847.00238567
470 9847.04552612
471 9847.1102368
472 9847.1965177
473 9847.26122838
474 9847.34750929
475 9847.39064974
476 9847.41221996
477 9847.47693064
478 9847.49850087
479 9847.54164132
480 9847.6926329
481 9847.6926329
482 9847.73577336
483 9847.75734358
484 9847.75734358
485 9847.84362449
486 9847.86519471
487 9847.88676494
488 9847.90833517
489 9847.95147562
490 9847.97304585
491 9847.99461607
492 9848.05932675
493 9848.08089698
494 9848.14560765
495 9848.23188856
496 9848.31816946
497 9848.31816946
498 9848.36130992
499 9848.40445037
500 9848.44759082
501 9848.46916105
502 9848.57701218
503 9848.62015263
504 9848.62015263
505 9848.70643354
506 9848.72800376
507 9848.74957399
508 9848.83585489
509 9848.83585489
510 9849.0084167
511 9849.13783806
512 9849.24568919
513 9849.65552349
514 9849.93593643
515 9850.13006846
516 9850.36734095
517 9850.64775389
518 9850.69089434
519 9850.79874548
520 9850.88502638
521 9850.99287751
522 9851.01444774
523 9851.05758819
524 9851.25172023
525 9851.29486068
526 9851.38114158
527 9851.46742249
528 9851.51056294
529 9851.57527362
530 9851.6399843
531 9851.76940565
532 9851.76940565
533 9851.83411633
534 9851.85568656
535 9851.87725678
536 9851.96353769
537 9852.00667814
538 9852.07138882
539 9852.07138882
540 9852.11452927
541 9852.17923995
542 9852.2223804
543 9852.26552086
544 9852.35180176
545 9852.39494221
546 9852.45965289
547 9852.58907425
548 9852.65378493
549 9852.82634674
550 9852.84791696
551 9852.89105742
552 9852.91262764
553 9852.93419787
554 9852.95576809
555 9853.042049
556 9853.06361923
557 9853.1283299
558 9853.14990013
559 9853.19304058
560 9853.19304058
561 9853.25775126
562 9853.30089171
563 9853.32246194
564 9853.34403217
565 9853.43031307
566 9853.47345352
567 9853.5381642
568 9853.5381642
569 9853.60287488
570 9853.62444511
571 9853.64601533
572 9853.73229624
573 9853.86171759
574 9853.90485805
575 9853.99113895
576 9854.0342794
577 9854.0342794
578 9854.09899008
579 9854.16370076
580 9854.22841144
581 9854.31469234
582 9854.33626257
583 9854.40097325
584 9854.42254347
585 9854.46568393
586 9854.48725415
587 9854.53039461
588 9854.63824574
589 9854.76766709
590 9854.78923732
591 9854.81080755
592 9854.87551822
593 9854.91865868
594 9854.9402289
595 9855.00493958
596 9855.02650981
597 9855.02650981
598 9855.04808003
599 9855.04808003
600 9855.06965026
601 9855.09122049
602 9855.09122049
603 9855.13436094
604 9855.13436094
605 9855.15593117
606 9855.19907162
607 9855.30692275
608 9855.3500632
609 9855.41477388
610 9855.52262501
611 9855.65204637
612 9855.7598975
613 9855.82460818
614 9855.88931886
615 9855.91088908
616 9855.95402953
617 9855.97559976
618 9855.99716999
619 9856.01874021
620 9856.08345089
621 9856.10502112
622 9856.12659134
623 9856.19130202
624 9856.19130202
625 9856.2560127
626 9856.34229361
627 9856.36386383
628 9856.36386383
629 9856.36386383
630 9856.47171496
631 9856.49328519
632 9856.55799587
633 9856.57956609
634 9856.62270655
635 9856.665847
636 9856.7521279
637 9856.83840881
638 9856.90311949
639 9856.92468971
640 9856.96783016
641 9857.01097062
642 9857.01097062
643 9857.05411107
644 9857.09725152
645 9857.1619622
646 9857.18353243
647 9857.20510265
648 9857.22667288
649 9857.24824311
650 9857.29138356
651 9857.29138356
652 9857.33452401
653 9857.37766446
654 9857.42080491
655 9857.42080491
656 9857.44237514
657 9857.46394537
658 9857.46394537
659 9857.52865605
660 9857.59336672
661 9857.6580774
662 9857.67964763
663 9857.74435831
664 9857.83063921
665 9857.91692012
666 9858.24047351
667 9858.69344826
668 9859.12485278
669 9859.83667025
670 9860.41906635
671 9860.97989224
672 9861.23873495
673 9861.49757766
674 9861.62699902
675 9861.99369287
676 9862.12311422
677 9862.25253558
678 9862.38195694
679 9862.46823784
680 9862.57608897
681 9862.70551033
682 9862.77022101
683 9862.89964237
684 9862.98592327
685 9863.05063395
686 9863.11534463
687 9863.15848508
688 9863.18005531
689 9863.18005531
690 9863.18005531
691 9863.20162553
692 9863.24476598
693 9863.28790644
694 9863.39575757
695 9863.48203847
696 9863.54674915
697 9863.54674915
698 9863.54674915
699 9863.61145983
700 9863.61145983
701 9863.67617051
702 9863.71931096
703 9863.74088119
704 9863.80559187
705 9863.84873232
706 9863.93501322
707 9863.97815367
708 9864.02129413
709 9864.06443458
710 9864.08600481
711 9864.10757503
712 9864.10757503
713 9864.15071548
714 9864.17228571
715 9864.23699639
716 9864.30170707
717 9864.34484752
718 9864.36641775
719 9864.36641775
720 9864.36641775
721 9864.36641775
722 9864.4095582
723 9864.47426888
724 9864.51740933
725 9864.53897956
726 9864.62526046
727 9864.64683069
728 9864.68997114
729 9864.79782227
730 9864.84096272
731 9864.86253295
732 9864.94881385
733 9864.94881385
734 9864.97038408
735 9865.01352453
736 9865.05666498
737 9865.14294589
738 9865.14294589
739 9865.20765657
740 9865.25079702
741 9865.3155077
742 9865.38021838
743 9865.4017886
744 9865.4017886
745 9865.44492906
746 9865.44492906
747 9865.50963973
748 9865.61749087
749 9865.66063132
750 9865.66063132
751 9865.76848245
752 9865.76848245
753 9865.79005267
754 9865.79005267
755 9865.8116229
756 9865.83319313
757 9865.87633358
758 9865.87633358
759 9865.87633358
760 9865.87633358
761 9865.91947403
762 9865.98418471
763 9865.98418471
764 9866.02732516
765 9866.07046561
766 9866.13517629
767 9866.13517629
768 9866.15674652
769 9866.24302742
770 9866.3077381
771 9866.32930833
772 9866.37244878
773 9866.37244878
774 9866.37244878
775 9866.37244878
776 9866.41558923
777 9866.45872969
778 9866.48029991
779 9866.52344036
780 9866.58815104
781 9866.58815104
782 9866.60972127
783 9866.60972127
784 9866.65286172
785 9866.65286172
786 9866.67443195
787 9866.7175724
788 9866.7175724
789 9866.73914263
790 9866.78228308
791 9866.78228308
792 9866.84699376
793 9866.86856398
794 9866.86856398
795 9866.86856398
796 9866.89013421
797 9866.89013421
798 9866.93327466
799 9866.95484489
800 9866.99798534
801 9867.01955557
802 9867.06269602
803 9867.06269602
804 9867.06269602
805 9867.06269602
806 9867.1274067
807 9867.14897692
808 9867.14897692
809 9867.17054715
810 9867.17054715
811 9867.17054715
812 9867.19211738
813 9867.2136876
814 9867.27839828
815 9867.29996851
816 9867.29996851
817 9867.32153873
818 9867.38624941
819 9867.40781964
820 9867.45096009
821 9867.45096009
822 9867.47253032
823 9867.55881122
824 9867.60195167
825 9867.6235219
826 9867.6235219
827 9867.66666235
828 9868.0333562
829 9868.5294714
830 9869.32756977
831 9870.25508949
832 9873.27492116
833 9878.0850816
834 9885.3326776
835 9893.50779332
836 9902.65356923
837 9914.68975544
838 9923.36098636
839 9933.54213312
840 9941.24270387
841 9947.56278014
842 9951.96310629
843 9956.64384537
844 9959.83623884
845 9963.71887956
846 9966.13474489
847 9968.48589954
848 9970.44879013
849 9972.28225935
850 9974.24514993
851 9975.64721464
852 9977.35126251
853 9978.25721201
854 9979.37886377
855 9980.52208575
856 9981.42803525
857 9982.26927408
858 9982.93795109
859 9983.692909
860 9984.27530511
861 9984.68513941
862 9985.18125461
863 9985.72051027
864 9985.97935298
865 9986.30290637
866 9986.54017886
867 9986.8205918
868 9987.03629406
869 9987.16571542
870 9987.35984746
871 9987.53240926
872 9987.70497107
873 9987.83439243
874 9988.00695424
875 9988.17951605
876 9988.30893741
877 9988.52463967
878 9988.69720148
879 9988.97761442
880 9989.08546555
881 9989.27959759
882 9989.40901894
883 9989.58158075
884 9989.73257234
885 9989.88356392
886 9990.01298528
887 9990.12083641
888 9990.25025776
889 9990.40124935
890 9990.46596003
891 9990.57381116
892 9990.72480274
893 9990.91893478
894 9990.98364545
895 9991.15620726
896 9991.28562862
897 9991.32876907
898 9991.4366202
899 9991.54447134
900 9991.65232247
901 9991.8464545
902 9991.91116518
903 9991.99744609
904 9992.10529722
905 9992.21314835
906 9992.2562888
907 9992.32099948
908 9992.3425697
909 9992.40728038
910 9992.45042084
911 9992.47199106
912 9992.51513151
913 9992.62298264
914 9992.68769332
915 9992.752404
916 9992.77397423
917 9992.88182536
918 9992.94653604
919 9992.98967649
920 9993.01124672
921 9993.01124672
922 9993.03281694
923 9993.09752762
924 9993.11909785
925 9993.18380853
926 9993.2485192
927 9993.29165966
928 9993.31322988
929 9993.35637033
930 9993.35637033
931 9993.39951079
932 9993.42108101
933 9993.42108101
934 9993.46422147
935 9993.48579169
936 9993.50736192
937 9993.55050237
938 9993.5720726
939 9993.61521305
940 9993.61521305
941 9993.61521305
942 9993.63678328
943 9993.63678328
944 9993.67992373
945 9993.70149395
946 9993.72306418
947 9993.74463441
948 9993.74463441
949 9993.76620463
950 9993.83091531
951 9993.87405576
952 9993.87405576
953 9993.89562599
954 9993.91719622
955 9993.91719622
956 9993.93876644
957 9993.96033667
958 9994.00347712
959 9994.00347712
960 9994.04661757
961 9994.11132825
962 9994.1544687
963 9994.17603893
964 9994.19760916
965 9994.21917938
966 9994.21917938
967 9994.30546029
968 9994.32703051
969 9994.32703051
970 9994.34860074
971 9994.39174119
972 9994.4780221
973 9994.49959232
974 9994.54273278
975 9994.564303
976 9994.58587323
977 9994.60744345
978 9994.62901368
979 9994.67215413
980 9994.71529458
981 9994.73686481
982 9994.73686481
983 9994.75843504
984 9994.75843504
985 9994.78000526
986 9994.78000526
987 9994.78000526
988 9994.80157549
989 9994.82314572
990 9994.86628617
991 9994.86628617
992 9994.95256707
993 9994.9741373
994 9994.9741373
995 9995.03884798
996 9995.03884798
997 9995.0604182
998 9995.0604182
999 9995.0604182
1000 9995.12512888
1001 9995.16826933
1002 9995.23298001
1003 9995.25455024
1004 9995.31926092
1005 9995.34083114
1006 9995.36240137
1007 9995.3839716
1008 9995.3839716
1009 9995.3839716
1010 9995.3839716
1011 9995.40554182
1012 9995.44868227
1013 9995.4702525
1014 9995.4702525
1015 9995.49182273
1016 9995.49182273
1017 9995.51339295
1018 9995.53496318
1019 9995.55653341
1020 9995.55653341
1021 9995.55653341
1022 9995.57810363
1023 9995.57810363
1024 9995.59967386
1025 9995.59967386
1026 9995.62124408
1027 9995.66438454
1028 9995.68595476
1029 9995.72909522
1030 9995.72909522
1031 9995.72909522
1032 9995.72909522
1033 9995.72909522
1034 9995.75066544
1035 9995.77223567
1036 9995.79380589
1037 9995.79380589
1038 9995.83694635
1039 9995.83694635
1040 9995.85851657
1041 9995.85851657
1042 9995.90165702
1043 9995.92322725
1044 9995.92322725
1045 9995.92322725
1046 9995.94479748
1047 9995.94479748
1048 9995.94479748
1049 9995.9663677
1050 9995.9663677
1051 9995.98793793
1052 9996.00950816
1053 9996.00950816
1054 9996.00950816
1055 9996.00950816
1056 9996.00950816
1057 9996.00950816
1058 9996.00950816
1059 9996.00950816
1060 9996.00950816
1061 9996.00950816
1065 9996.03107838
1066 9996.05264861
1067 9996.07421883
1068 9996.07421883
1069 9996.09578906
1070 9996.09578906
1071 9996.11735929
1072 9996.13892951
1073 9996.13892951
1074 9996.13892951
1075 9996.13892951
1076 9996.16049974
1077 9996.16049974
1078 9996.16049974
1079 9996.16049974
1080 9996.18206997
1081 9996.18206997
1082 9996.18206997
1083 9996.18206997
1084 9996.20364019
1085 9996.20364019
1086 9996.22521042
1087 9996.22521042
1088 9996.22521042
1089 9996.24678064
1090 9996.2899211
1091 9996.2899211
1092 9996.2899211
1093 9996.2899211
1094 9996.2899211
1095 9996.2899211
1096 9996.31149132
1097 9996.31149132
1098 9996.31149132
1099 9996.31149132
1100 9996.31149132
1101 9996.31149132
1102 9996.31149132
1103 9996.31149132
1104 9996.31149132
1105 9996.33306155
1106 9996.35463177
1107 9996.35463177
1108 9996.376202
1109 9996.41934245
1110 9996.41934245
1111 9996.41934245
1112 9996.41934245
1113 9996.44091268
1114 9996.46248291
1115 9996.48405313
1116 9996.48405313
1117 9996.48405313
1118 9996.50562336
1119 9996.50562336
1120 9996.50562336
1121 9996.50562336
1122 9996.50562336
1123 9996.52719358
1124 9996.52719358
1125 9996.52719358
1126 9996.52719358
1127 9996.52719358
1128 9996.52719358
1129 9996.52719358
1130 9996.54876381
1131 9996.54876381
1132 9996.61347449
1133 9996.65661494
1134 9996.67818517
1135 9996.69975539
1136 9996.69975539
1137 9996.69975539
1138 9996.72132562
1139 9996.74289585
1140 9996.76446607
1141 9996.76446607
1142 9996.76446607
1143 9996.76446607
1144 9996.7860363
1145 9996.7860363
1146 9996.7860363
1147 9996.7860363
1148 9996.80760652
1149 9996.80760652
1150 9996.82917675
1151 9996.82917675
1152 9996.82917675
1153 9996.82917675
1154 9996.82917675
1155 9996.85074698
1156 9996.8723172
1157 9996.8723172
1158 9996.89388743
1159 9996.91545766
1160 9996.91545766
1161 9996.91545766
1162 9996.91545766
1163 9996.93702788
1164 9996.93702788
1165 9996.95859811
1166 9997.00173856
1167 9997.00173856
1168 9997.00173856
1169 9997.00173856
1170 9997.00173856
1171 9997.02330879
1172 9997.04487901
1173 9997.04487901
1174 9997.04487901
1175 9997.04487901
1176 9997.04487901
1177 9997.06644924
1178 9997.08801946
1179 9997.08801946
1180 9997.10958969
1181 9997.10958969
1182 9997.13115992
1183 9997.13115992
1184 9997.13115992
1185 9997.13115992
1186 9997.13115992
1187 9997.13115992
1188 9997.13115992
1189 9997.13115992
1190 9997.17430037
1191 9997.1958706
1192 9997.1958706
1193 9997.1958706
1194 9997.1958706
1195 9997.23901105
1196 9997.2821515
1197 9997.2821515
1198 9997.2821515
1199 9997.2821515
1200 9997.2821515
1201 9997.30372173
1202 9997.30372173
1203 9997.32529195
1204 9997.34686218
1205 9997.34686218
1206 9997.34686218
1207 9997.34686218
1208 9997.36843241
1209 9997.36843241
1210 9997.39000263
1211 9997.41157286
1212 9997.43314308
1213 9997.43314308
1214 9997.45471331
1215 9997.45471331
1216 9997.47628354
1217 9997.49785376
1218 9997.49785376
1219 9997.49785376
1220 9997.51942399
1221 9997.51942399
1222 9997.56256444
1223 9997.58413467
1224 9997.64884535
1225 9997.67041557
1226 9997.71355602
1227 9997.73512625
1228 9997.82140716
1229 9997.84297738
1230 9997.88611783
1231 9997.90768806
1232 9997.90768806
1233 9997.92925829
1234 9997.95082851
1235 9997.97239874
1236 9997.97239874
1237 9997.99396896
1238 9998.01553919
1239 9998.01553919
1240 9998.05867964
1241 9998.05867964
1242 9998.12339032
1243 9998.12339032
1244 9998.12339032
1245 9998.16653077
1246 9998.188101
1247 9998.188101
1248 9998.23124145
1249 9998.25281168
1250 9998.27438191
1251 9998.29595213
1252 9998.29595213
1253 9998.31752236
1254 9998.31752236
1255 9998.31752236
1256 9998.31752236
1257 9998.33909258
1258 9998.33909258
1259 9998.33909258
1260 9998.42537349
1261 9998.46851394
1262 9998.51165439
1263 9998.53322462
1264 9998.53322462
1265 9998.55479485
1266 9998.55479485
1267 9998.55479485
1268 9998.5979353
1269 9998.64107575
1270 9998.64107575
1271 9998.64107575
1272 9998.66264598
1273 9998.72735666
1274 9998.72735666
1275 9998.74892688
1276 9998.74892688
1277 9998.74892688
1278 9998.79206733
1279 9998.81363756
1280 9998.81363756
1281 9998.83520779
1282 9998.87834824
1283 9998.89991846
1284 9998.96462914
1285 9998.96462914
1286 9998.98619937
1287 9998.98619937
1288 9998.98619937
1289 9998.98619937
1290 9999.0077696
1291 9999.0077696
1292 9999.0077696
1293 9999.0077696
1294 9999.02933982
1295 9999.07248027
1296 9999.11562073
1297 9999.11562073
1298 9999.11562073
1299 9999.11562073
1300 9999.13719095
1301 9999.15876118
1302 9999.15876118
1303 9999.1803314
1304 9999.1803314
1305 9999.1803314
1306 9999.20190163
1307 9999.22347186
1308 9999.22347186
1309 9999.24504208
1310 9999.26661231
1311 9999.26661231
1312 9999.28818254
1313 9999.30975276
1314 9999.30975276
1315 9999.33132299
1316 9999.33132299
1317 9999.33132299
1318 9999.33132299
1319 9999.37446344
1320 9999.37446344
1321 9999.37446344
1322 9999.37446344
1323 9999.37446344
1324 9999.37446344
1325 9999.37446344
1326 9999.39603367
1327 9999.41760389
1328 9999.41760389
1329 9999.41760389
1330 9999.41760389
1331 9999.43917412
1332 9999.43917412
1333 9999.43917412
1334 9999.43917412
1335 9999.43917412
1336 9999.43917412
1337 9999.43917412
1338 9999.43917412
1339 9999.46074435
1340 9999.46074435
1341 9999.46074435
1342 9999.46074435
1343 9999.46074435
1344 9999.46074435
1345 9999.48231457
1346 9999.48231457
1347 9999.48231457
1348 9999.48231457
1349 9999.5038848
1350 9999.5038848
1351 9999.5038848
1352 9999.5038848
1353 9999.5038848
1354 9999.5038848
1355 9999.5038848
1356 9999.52545502
1357 9999.54702525
1358 9999.54702525
1359 9999.54702525
1360 9999.54702525
1361 9999.56859548
1362 9999.56859548
1363 9999.56859548
1364 9999.56859548
1365 9999.5901657
1366 9999.61173593
1367 9999.61173593
1368 9999.61173593
1369 9999.61173593
1370 9999.61173593
1371 9999.61173593
1372 9999.61173593
1373 9999.61173593
1374 9999.61173593
1375 9999.61173593
1380 9999.63330615
1381 9999.63330615
1382 9999.63330615
1383 9999.63330615
1384 9999.63330615
1385 9999.63330615
1386 9999.65487638
1387 9999.67644661
1388 9999.67644661
1389 9999.67644661
1390 9999.69801683
1391 9999.69801683
1392 9999.71958706
1393 9999.71958706
1394 9999.71958706
1395 9999.71958706
1396 9999.71958706
1397 9999.71958706
1398 9999.71958706
1399 9999.71958706
1400 9999.71958706
1401 9999.74115729
1402 9999.74115729
1403 9999.76272751
1404 9999.76272751
1405 9999.76272751
1406 9999.76272751
1407 9999.76272751
1408 9999.76272751
1409 9999.76272751
1410 9999.76272751
1411 9999.76272751
1412 9999.78429774
1413 9999.78429774
1414 9999.78429774
1415 9999.78429774
1416 9999.78429774
1417 9999.78429774
1418 9999.78429774
1419 9999.78429774
1420 9999.78429774
1421 9999.78429774
1422 9999.80586796
1423 9999.80586796
1424 9999.80586796
1425 9999.80586796
1426 9999.80586796
1427 9999.82743819
1428 9999.82743819
1429 9999.82743819
1430 9999.82743819
1431 9999.82743819
1432 9999.82743819
1433 9999.82743819
1434 9999.82743819
1435 9999.84900842
1436 9999.87057864
1437 9999.87057864
1438 9999.87057864
1439 9999.89214887
1440 9999.93528932
1441 9999.93528932
1442 9999.93528932
1443 9999.93528932
1444 9999.93528932
1445 9999.93528932
1446 9999.93528932
1447 9999.93528932
1448 9999.93528932
1449 9999.93528932
1469 9999.95685955
1470 9999.95685955
1471 9999.95685955
1472 9999.95685955
1473 9999.95685955
1474 9999.95685955
1475 9999.95685955
1476 9999.95685955
1477 9999.95685955
1478 9999.95685955
1480 9999.97842977
1481 9999.97842977
1482 9999.97842977
1483 9999.97842977
1484 9999.97842977
1485 9999.97842977
1486 9999.97842977
1487 9999.97842977
1488 9999.97842977
1489 9999.97842977
1501 10000.0
