0
3427
3427
3427
3427
3427
3427
3427
3427
3427
3427
3427
3427
3427
3427
3619
3836
3836
3836
3836
3836
3836
3836
3836
3836
3836
4562
4562
4624
4624
5030
5347
5732
6005
6005
6177
6177
6177
6498
6859
6913
7043
7590
7590
11570
13470
14694
15335
17449
19548
21100
21100
22060
25075
27368
29645
32087
35047
35047
37100
37329
39219
41394
45358
47706
49721
49721
51112
53782
57589
60429
60429
60461
61437
63842
63842
68638
70452
70694
70694
73302
75370
75897
77739
78240
80024
80024
84274
84725
87081
89266
92120
92953
92953
94077
94282
96413
101009
102182
102182
104808
108149
108351
111653
112413
117392
117392
118411
119616
122929
123385
124529
127644
129430
129430
130510
132071
134440
135747
136517
136992
136992
140872
141805
146594
148057
148204
151774
151774
151988
152819
153855
156511
157658
160021
160021
160704
161055
162332
165810
167646
169731
169731
171650
173903
177173
177919
178842
178842
181296
183041
183584
187469
188859
188859
188859
189561
191413
191583
194430
195766
195766
199491
201028
201614
203760
206523
207314
207314
209027
209623
212419
213769
217082
219420
219890
219890
221716
223741
224163
225498
226706
228390
228747
228747
229611
232463
237814
239021
239221
241960
241960
246302
247027
249117
250240
252112
254641
255179
255179
257126
260006
263424
263682
265444
268525
268525
271068
271851
273060
276806
277826
280341
280341
280453
281506
284121
285050
286283
289608
291080
291080
294193
294641
295511
297448
298238
301409
301409
303506
304658
305903
306582
310241
311849
312130
313427
313427
315693
317511
320678
322975
324778
326141
326141
328289
330270
331935
333337
334065
336648
336648
339912
340973
341863
343531
343734
345545
345545
349045
350988
352990
353902
357876
358229
358229
361724
362130
365989
367466
367466
367918
367918
372557
374286
375569
375728
379519
379519
381366
383078
384211
385541
385550
388298
388298
389382
391544
392290
393908
395764
399235
399235
400314
400714
402610
403127
404297
405176
407947
407947
409505
411869
412552
413169
414849
416564
416564
418996
419975
422840
427111
430236
430448
430448
432758
434419
435624
435624
436701
440111
440111
443088
443513
444892
446753
446879
449053
449053
452398
454021
456171
458327
461606
461723
462846
462846
463503
466122
466667
467635
469269
471060
471060
472015
473636
474673
475215
478881
480604
480604
480604
484473
485949
486577
489132
492460
492460
495190
496430
496955
496955
500129
500984
501751
501751
504008
504215
506163
508896
511026
513195
513195
514508
519121
519878
520187
522462
523785
523785
526093
528794
533202
534717
535288
536403
536403
539686
542618
542900
543049
545585
549957
549957
552699
555396
555785
559322
561963
562679
562679
563703
564767
567217
568515
569685
571749
571749
573846
576197
577373
579248
581273
584578
584578
588788
590475
594720
596302
597559
597559
597601
599263
601352
604061
607973
608065
608065
608065
611873
614820
616425
617376
618060
623242
624127
624127
626983
629152
633920
637041
639455
642807
644542
646489
646489
648636
648677
650783
654327
655159
655159
657939
657939
658510
660513
661591
662072
663896
666481
666481
669045
669474
671671
672626
675505
678401
678401
680970
681699
684574
685482
686540
687736
687736
688117
689263
690896
691405
691963
694823
694823
697075
697412
698088
698506
699919
701478
701478
704162
704429
705405
709780
711525
712101
712101
713977
716669
718272
720560
723181
723181
723838
726238
728589
729530
730966
734523
734523
735182
737192
740932
745957
747172
749572
751895
751895
753955
756706
761206
764026
767035
770024
770024
771824
772457
774484
776761
778963
779535
779535
781523
781770
783340
787685
789750
792449
792449
792800
793723
796439
797712
797995
800021
800021
801478
803828
806288
807070
812256
815752
816990
816990
821223
822857
822984
825194
826874
828044
828044
831965
835203
835644
837071
839467
842142
842142
842838
844962
846361
851119
852102
853241
853241
854473
854737
856457
857613
860094
861064
861064
863552
866713
867274
869476
871279
873783
877648
880196
880196
880269
882657
883850
885567
889797
893791
893791
895210
897634
900430
901366
903391
906748
906748
908052
910733
911992
913299
915205
916650
916650
917686
919628
920881
921843
921973
922395
922395
922395
