0 0.0
1 0.0
2 0.0
3 0.0
4 0.0
5 0.0
6 0.0
7 0.0
8 0.0
590 500.0
591 500.0
592 500.0
593 1500.0
594 2000.0
595 2000.0
596 2000.0
597 2000.0
598 2000.0
599 2000.0
600 2000.0
601 2000.0
602 2500.0
603 2500.0
604 2500.0
605 3000.0
606 3000.0
607 3000.0
608 3000.0
609 3500.0
610 3500.0
611 3500.0
612 3500.0
613 3500.0
614 3500.0
615 3500.0
616 3500.0
617 3500.0
618 3500.0
626 4000.0
627 4000.0
628 4000.0
629 4000.0
630 4000.0
631 4000.0
632 4000.0
633 4000.0
634 4000.0
635 4000.0
655 4500.0
656 4500.0
657 4500.0
658 4500.0
659 4500.0
660 4500.0
661 4500.0
662 4500.0
663 4500.0
664 4500.0
668 5000.0
669 5000.0
670 5000.0
671 5000.0
672 5000.0
673 5000.0
674 5000.0
675 5000.0
676 5000.0
677 5000.0
959 5500.0
960 5500.0
961 5500.0
962 5500.0
963 5500.0
964 5500.0
965 5500.0
966 5500.0
967 5500.0
968 5500.0
971 6000.0
972 6000.0
973 6000.0
974 6000.0
975 6000.0
976 6000.0
977 6500.0
978 6500.0
979 6500.0
980 6500.0
981 6500.0
982 6500.0
983 6500.0
984 6500.0
985 6500.0
986 6500.0
994 7000.0
995 7000.0
996 7000.0
997 7000.0
998 7000.0
999 7000.0
1000 7000.0
1001 7000.0
1002 7000.0
1003 7000.0
1093 7500.0
1094 7500.0
1095 7500.0
1096 7500.0
1097 7500.0
1098 7500.0
1099 7500.0
1100 7500.0
1101 7500.0
1102 7500.0
1125 8000.0
1126 8000.0
1127 8000.0
1128 8000.0
1129 8000.0
1130 8000.0
1131 8000.0
1132 8000.0
1133 8000.0
1134 8000.0
1173 8500.0
1174 8500.0
1175 8500.0
1176 8500.0
1177 8500.0
1178 8500.0
1179 8500.0
1180 8500.0
1181 8500.0
1182 8500.0
1284 9000.0
1285 9000.0
1286 9000.0
1287 9000.0
1288 9000.0
1289 9000.0
1290 9000.0
1291 9000.0
1292 9000.0
1293 9000.0
1501 10000.0
