0 0.0
1 0.0
2 0.0
3 0.0
4 0.0
5 0.0
6 0.0
7 0.0
8 0.0
26 0.25779840165
27 0.77339520495
28 1.0311936066
29 1.0311936066
30 1.28899200825
31 2.32018561485
32 3.6091776231
33 4.6403712297
34 7.2183552462
35 9.53854086105
36 11.6009280742
37 13.6633152874
38 14.4367104924
39 16.4990977056
40 20.1082753287
41 24.2330497551
42 29.3890177881
43 34.5449858211
44 40.9899458623
45 46.403712297
46 53.8798659448
47 62.9028100026
48 72.9569476669
49 78.6285125032
50 87.1358597577
51 93.5808197989
52 101.056973447
53 108.790925496
54 116.524877546
55 123.48543439
56 131.992781645
57 140.500128899
58 149.007476154
59 157.257025006
60 167.568961072
61 179.169889147
62 186.388244393
63 196.700180459
64 203.402938902
65 210.363495746
66 218.097447796
67 226.862593452
68 234.3387471
69 241.299303944
70 250.0644496
71 254.962619232
72 261.923176076
73 270.172724929
74 275.586491364
75 279.71126579
76 285.125032225
77 290.538798659
78 295.436968291
79 301.881928332
80 311.678267595
81 318.123227636
82 326.63057489
83 332.302139727
84 339.00489817
85 346.738850219
86 353.957205465
87 359.3709719
88 366.073730343
89 373.549883991
90 379.73704563
91 385.150812065
92 391.595772106
93 396.751740139
94 401.649909771
95 406.032482599
96 413.250837845
97 419.695797886
98 425.109564321
99 431.038927559
100 435.93709719
101 441.866460428
102 448.569218871
103 454.240783707
104 459.138953338
105 465.841711781
106 471.513276618
107 477.184841454
108 482.598607889
109 487.238979118
110 494.972931168
111 503.480278422
112 511.214230472
113 518.948182521
114 524.877545759
115 530.549110596
116 537.50966744
117 544.212425883
118 550.399587523
119 557.102345965
120 565.094096417
121 568.70327404
122 573.601443671
123 578.241814901
124 585.717968549
125 594.225315803
126 600.670275844
127 606.341840681
128 610.98221191
129 618.200567156
130 623.614333591
131 628.770301624
132 636.762052075
133 641.402423305
134 644.753802526
135 649.909770559
136 656.612529002
137 662.026295437
138 668.72905388
139 673.111626708
140 679.040989946
141 686.517143594
142 692.18870843
143 696.571281258
144 701.985047693
145 708.945604537
146 714.874967775
147 720.546532611
148 724.671307038
149 730.600670276
150 736.530033514
151 742.20159835
152 753.029131219
153 756.122712039
154 762.56767208
155 770.30162413
156 775.199793761
157 782.933745811
158 789.894302655
159 797.370456303
160 806.135601959
161 814.385150812
162 824.181490075
163 832.946635731
164 843.516370199
165 855.375096674
166 864.655839134
167 872.647589585
168 884.764114462
169 894.044856922
170 900.747615365
171 911.059551431
172 919.309100284
173 930.652229956
174 939.159577211
175 950.244908482
176 961.330239753
177 972.157772622
178 977.571539056
179 988.656870327
180 996.90641918
181 1004.64037123
182 1014.17891209
183 1027.32663057
184 1036.86517144
185 1044.59912349
186 1052.33307553
187 1060.06702758
188 1070.37896365
189 1077.33952049
190 1086.36246455
191 1091.51843259
192 1099.51018304
193 1106.98633668
194 1174.01392111
195 1275.84428977
196 1832.17324053
197 2451.66279969
198 3843.7741686
199 4367.36272235
200 4625.6767208
201 4704.30523331
202 4751.48234081
203 4792.47228667
204 4830.62645012
205 4861.82005672
206 4892.49806651
207 4921.3714875
208 4949.72931168
209 4991.75045115
210 5031.1936066
211 5069.60556845
212 5092.54962619
213 5112.14230472
214 5136.11755607
215 5151.84325857
216 5170.66254189
217 5186.64604279
218 5199.79376128
219 5209.07450374
220 5214.74606857
221 5218.3552462
222 5221.44882702
223 5225.31580304
224 5227.63598866
225 5230.98736788
226 5234.3387471
227 5236.40113431
228 5238.46352153
229 5240.01031194
230 5242.84609435
231 5248.25986079
232 5251.09564321
233 5256.25161124
234 5262.18097448
235 5265.7901521
236 5268.36813612
237 5271.20391854
238 5272.49291054
239 5274.55529776
240 5277.39108018
241 5282.28924981
242 5284.35163702
243 5285.64062903
244 5288.73420985
245 5290.28100026
246 5294.66357309
247 5303.68651714
248 5307.81129157
249 5367.36272235
250 5422.2737819
251 5464.81051817
252 5480.79401908
253 5489.04356793
254 5494.71513277
255 5498.83990719
256 5504.51147203
257 5510.18303687
258 5515.0812065
259 5521.78396494
260 5526.68213457
261 5530.29131219
262 5534.41608662
263 5539.57205465
264 5543.69682908
265 5546.7904099
266 5551.17298273
267 5554.52436195
268 5558.64913638
269 5565.86749162
270 5569.99226605
271 5582.62438773
272 5591.90513019
273 5596.02990461
274 5601.44367105
275 5607.11523589
276 5612.52900232
277 5617.42717195
278 5622.32534158
279 5626.96571281
280 5631.60608404
281 5643.20701212
282 5652.74555298
283 5666.92446507
284 5677.75199794
285 5684.19695798
286 5690.89971642
287 5699.92266048
288 5707.91441093
289 5712.03918536
290 5716.16395978
291 5720.80433101
292 5725.96029905
293 5731.11626708
294 5735.49883991
295 5742.71719515
296 5749.16215519
297 5754.57592163
298 5758.44289765
299 5763.59886569
300 5768.49703532
301 5773.91080175
302 5777.77777778
303 5781.3869554
304 5786.54292343
305 5789.37870585
306 5795.56586749
307 5801.23743233
308 5809.22918278
309 5820.57231245
310 5834.23562774
311 5840.93838618
312 5845.83655581
313 5849.70353184
314 5852.53931426
315 5855.63289508
316 5858.21087909
317 5861.82005672
318 5865.68703274
319 5868.52281516
320 5871.35859758
321 5874.4521784
322 5876.77236401
323 5879.09254963
324 5880.89713844
325 5883.73292086
326 5885.79530807
327 5888.37329209
328 5889.14668729
329 5891.2090745
330 5892.24026811
331 5893.52926012
332 5896.36504254
333 5897.65403454
334 5899.20082495
335 5901.00541377
336 5903.06780098
337 5904.35679299
338 5907.70817221
339 5909.77055942
340 5916.47331787
341 5920.85589069
342 5932.71461717
343 5939.67517401
344 5942.51095643
345 5945.60453725
346 5947.40912606
347 5949.72931168
348 5950.50270688
349 5952.30729569
350 5953.5962877
351 5954.88527971
352 5956.94766692
353 5958.75225574
354 5961.33023975
355 5963.90822377
356 5966.48620779
357 5981.43851508
358 5985.30549111
359 6000.0
360 6007.99175045
361 6016.75689611
362 6020.10827533
363 6024.49084816
364 6027.32663057
365 6029.90461459
366 6033.51379221
367 6035.57617943
368 6037.12296984
369 6037.38076824
370 6039.70095385
371 6042.02113947
372 6043.56792988
373 6045.63031709
374 6047.1771075
375 6047.69270431
376 6048.72389791
377 6050.27068832
378 6051.81747873
379 6054.65326115
380 6055.94225316
381 6058.00464037
382 6059.80922918
383 6060.32482599
384 6060.32482599
385 6061.35601959
386 6062.90281
387 6064.70739881
388 6066.51198763
389 6067.80097963
390 6069.08997164
391 6070.12116525
392 6071.92575406
393 6073.21474607
394 6074.50373808
395 6075.79273009
396 6077.08172209
397 6078.6285125
398 6079.91750451
399 6081.20649652
400 6082.23769013
401 6083.01108533
402 6084.55787574
403 6086.36246455
404 6090.22944058
405 6095.64320701
406 6100.79917505
407 6104.66615107
408 6106.72853828
409 6108.7909255
410 6110.33771591
411 6111.62670791
412 6113.68909513
413 6115.23588554
414 6116.78267595
415 6118.07166796
416 6118.84506316
417 6120.64965197
418 6122.71203919
419 6124.7744264
420 6125.80562001
421 6127.09461201
422 6128.64140242
423 6129.67259603
424 6130.96158804
425 6132.76617685
426 6134.57076566
427 6136.63315287
428 6141.53132251
429 6143.85150812
430 6146.42949214
431 6154.67904099
432 6163.95978345
433 6170.14694509
434 6173.75612271
435 6176.84970353
436 6179.42768755
437 6182.00567156
438 6186.13044599
439 6188.96622841
440 6191.54421243
441 6192.57540603
442 6193.34880124
443 6194.89559165
444 6196.44238206
445 6197.73137407
446 6198.50476927
447 6200.05155968
448 6201.59835009
449 6203.1451405
450 6205.46532611
451 6207.01211652
452 6207.78551173
453 6208.81670534
454 6209.59010054
455 6210.36349575
456 6210.87909255
457 6211.91028616
458 6212.94147976
459 6214.23047177
460 6215.00386698
461 6216.03506058
462 6217.58185099
463 6218.6130446
464 6218.870843
465 6219.1286414
466 6219.3864398
467 6219.64423821
468 6220.93323021
469 6221.96442382
470 6222.22222222
471 6224.02681103
472 6225.31580304
473 6226.60479505
474 6227.63598866
475 6228.40938386
476 6228.66718226
477 6229.95617427
478 6231.24516628
479 6232.53415829
480 6233.04975509
481 6234.8543439
482 6236.65893271
483 6237.94792472
484 6238.46352153
485 6239.23691673
486 6240.78370714
487 6242.33049755
488 6243.61948956
489 6245.16627997
490 6246.97086878
491 6248.00206239
492 6249.5488528
493 6251.86903841
494 6252.90023202
495 6255.73601444
496 6257.28280485
497 6265.7901521
498 6281.0002578
499 6289.50760505
500 6294.92137149
501 6301.62412993
502 6303.42871874
503 6304.71771075
504 6307.03789637
505 6308.32688837
506 6309.87367878
507 6311.936066
508 6313.74065481
509 6315.54524362
510 6316.83423563
511 6319.15442124
512 6319.92781645
513 6320.44341325
514 6321.21680846
515 6322.24800206
516 6322.50580046
517 6324.05259087
518 6325.08378448
519 6326.63057489
520 6327.14617169
521 6328.4351637
522 6329.20855891
523 6330.75534932
524 6332.30213973
525 6332.81773653
526 6334.10672854
527 6335.91131735
528 6337.45810776
529 6339.77829337
530 6340.29389018
531 6341.06728538
532 6342.61407579
533 6343.387471
534 6343.387471
535 6344.4186646
536 6344.93426141
537 6346.73885022
538 6348.28564063
539 6349.83243104
540 6350.34802784
541 6351.63701985
542 6352.92601186
543 6354.21500387
544 6355.24619747
545 6356.27739108
546 6356.79298788
547 6358.08197989
548 6360.1443671
549 6361.17556071
550 6361.94895592
551 6362.98014952
552 6363.23794792
553 6364.52693993
554 6365.30033514
555 6366.07373034
556 6367.36272235
557 6368.39391596
558 6369.42510956
559 6370.71410157
560 6371.48749678
561 6373.03428719
562 6374.06548079
563 6374.838876
564 6375.87006961
565 6376.12786801
566 6377.15906161
567 6378.19025522
568 6378.96365043
569 6380.76823924
570 6381.54163444
571 6382.05723125
572 6383.34622325
573 6383.86182006
574 6384.11961846
575 6384.63521526
576 6385.92420727
577 6386.95540088
578 6387.47099768
579 6388.24439288
580 6389.01778809
581 6390.3067801
582 6390.8223769
583 6391.0801753
584 6392.62696571
585 6394.17375612
586 6396.23614334
587 6400.36091776
588 6402.68110338
589 6408.61046662
590 6411.18845063
591 6414.28203145
592 6415.05542666
593 6417.63341067
594 6417.89120907
595 6419.18020108
596 6420.72699149
597 6421.5003867
598 6422.0159835
599 6423.30497551
600 6424.59396752
601 6425.10956432
602 6426.65635473
603 6427.68754834
604 6428.46094354
605 6429.23433875
606 6430.00773395
607 6430.26553235
608 6431.29672596
609 6432.32791957
610 6433.10131477
611 6434.39030678
612 6435.93709719
613 6436.71049239
614 6436.9682908
615 6437.4838876
616 6437.9994844
617 6439.03067801
618 6440.31967002
619 6441.09306522
620 6441.09306522
621 6442.38205723
622 6442.63985563
623 6443.15545244
624 6444.44444444
625 6444.70224285
626 6445.21783965
627 6445.47563805
628 6445.99123485
629 6446.50683166
630 6448.31142047
631 6448.56921887
632 6449.34261408
633 6449.34261408
634 6449.60041248
635 6450.37380768
636 6451.14720289
637 6451.66279969
638 6452.9517917
639 6453.98298531
640 6454.75638051
641 6455.78757412
642 6456.04537252
643 6457.07656613
644 6457.59216293
645 6461.45913895
646 6469.193091
647 6486.72338232
648 6494.97293117
649 6502.70688322
650 6507.86285125
651 6510.95643207
652 6514.05001289
653 6515.8546017
654 6519.20598092
655 6521.78396494
656 6524.10415055
657 6528.74452178
658 6531.3225058
659 6533.12709461
660 6533.90048982
661 6537.25186904
662 6539.57205465
663 6541.63444187
664 6542.40783707
665 6544.21242588
666 6545.75921629
667 6547.0482083
668 6549.88399072
669 6550.91518433
670 6552.97757154
671 6556.07115236
672 6556.84454756
673 6558.13353957
674 6560.19592679
675 6561.22712039
676 6562.5161124
677 6563.80510441
678 6564.32070121
679 6566.12529002
680 6567.41428203
681 6568.44547564
682 6569.47666924
683 6569.99226605
684 6571.53905646
685 6572.31245166
686 6573.85924207
687 6573.85924207
688 6574.89043568
689 6575.92162929
690 6577.7262181
691 6578.2418149
692 6579.27300851
693 6581.07759732
694 6582.10879093
695 6583.39778293
696 6584.42897654
697 6585.46017015
698 6586.23356535
699 6587.26475896
700 6588.29595257
701 6590.10054138
702 6592.16292859
703 6593.4519206
704 6593.9675174
705 6594.4831142
706 6595.51430781
707 6596.28770302
708 6598.09229183
709 6598.86568703
710 6599.89688064
711 6601.95926785
712 6603.24825986
713 6604.02165507
714 6605.31064707
715 6606.59963908
716 6607.63083269
717 6609.1776231
718 6610.46661511
719 6612.27120392
720 6612.52900232
721 6613.30239753
722 6613.81799433
723 6615.36478474
724 6616.65377675
725 6617.68497035
726 6618.45836556
727 6619.74735757
728 6621.55194638
729 6622.84093839
730 6623.87213199
731 6624.9033256
732 6625.4189224
733 6627.73910802
734 6629.80149523
735 6630.57489044
736 6631.60608404
737 6632.37947925
738 6633.66847126
739 6635.21526167
740 6635.98865687
741 6637.27764888
742 6640.1134313
743 6642.69141531
744 6645.26939933
745 6646.81618974
746 6648.10518175
747 6649.90977056
748 6650.42536736
749 6651.45656097
750 6653.51894818
751 6653.77674658
752 6655.06573859
753 6656.0969322
754 6658.67491622
755 6660.22170663
756 6661.25290023
757 6662.28409384
758 6662.54189224
759 6664.60427945
760 6664.86207786
761 6666.15106986
762 6667.18226347
763 6668.47125548
764 6670.01804589
765 6671.04923949
766 6672.3382315
767 6672.5960299
768 6674.40061872
769 6674.65841712
770 6675.43181232
771 6676.72080433
772 6677.23640113
773 6677.75199794
774 6678.78319154
775 6679.55658675
776 6680.32998195
777 6681.36117556
778 6683.16576437
779 6683.93915958
780 6684.45475638
781 6685.48594999
782 6686.51714359
783 6687.5483372
784 6688.57953081
785 6689.61072441
786 6691.15751482
787 6692.70430523
788 6694.25109564
789 6695.79788605
790 6697.08687806
791 6697.34467646
792 6697.60247486
793 6698.37587007
794 6698.89146687
795 6699.14926527
796 6699.92266048
797 6700.95385409
798 6701.72724929
799 6704.04743491
800 6706.36762052
801 6707.14101573
802 6708.94560454
803 6747.61536478
804 6817.22093323
805 6839.13379737
806 6919.56689869
807 7240.78370714
808 7819.02552204
809 8233.8231503
810 8562.258314
811 8730.08507347
812 8854.60170147
813 8940.19077082
814 9012.88992008
815 9065.48079402
816 9109.0487239
817 9143.33591132
818 9163.95978345
819 9185.87264759
820 9202.3717453
821 9217.83964939
822 9225.31580304
823 9238.97911833
824 9248.25986079
825 9261.92317608
826 9274.55529776
827 9283.83604022
828 9294.92137149
829 9301.36633153
830 9307.03789637
831 9314.77184841
832 9320.44341325
833 9327.4039701
834 9333.84893014
835 9337.71590616
836 9342.09847899
837 9345.96545501
838 9348.80123743
839 9352.66821346
840 9354.73060067
841 9357.30858469
842 9359.6287703
843 9362.20675432
844 9365.04253674
845 9369.16731116
846 9370.97189997
847 9374.3232792
848 9376.64346481
849 9379.73704563
850 9382.83062645
851 9386.18200567
852 9387.72879608
853 9390.5645785
854 9391.3379737
855 9394.17375612
856 9395.46274813
857 9397.26733694
858 9397.78293375
859 9400.36091776
860 9401.13431297
861 9403.45449858
862 9404.48569219
863 9405.5168858
864 9406.0324826
865 9408.09486981
866 9409.12606342
867 9410.15725703
868 9411.70404743
869 9413.50863625
870 9414.79762825
871 9416.08662026
872 9417.11781387
873 9418.92240268
874 9420.46919309
875 9421.2425883
876 9422.2737819
877 9422.5315803
878 9423.30497551
879 9424.59396752
880 9425.36736272
881 9425.88295953
882 9426.14075793
883 9427.17195153
884 9427.68754834
885 9427.94534674
886 9427.94534674
887 9428.46094354
888 9428.71874194
889 9428.71874194
890 9428.97654035
891 9428.97654035
892 9429.74993555
893 9429.74993555
894 9430.00773395
895 9430.78112916
896 9431.55452436
897 9431.81232276
898 9432.32791957
899 9433.10131477
900 9434.39030678
901 9434.90590358
902 9435.16370199
903 9435.67929879
904 9435.93709719
905 9436.45269399
906 9436.9682908
907 9436.9682908
908 9437.2260892
909 9437.2260892
910 9437.741686
911 9437.741686
912 9438.51508121
913 9439.03067801
914 9439.80407321
915 9440.06187162
916 9440.06187162
917 9440.57746842
918 9441.35086362
919 9441.86646043
920 9442.38205723
921 9443.15545244
922 9443.41325084
923 9443.41325084
924 9443.92884764
925 9444.44444444
926 9444.44444444
927 9444.96004125
928 9444.96004125
929 9445.21783965
930 9446.24903326
931 9446.76463006
932 9448.05362207
933 9448.31142047
934 9448.82701727
935 9449.08481567
936 9449.60041248
937 9449.60041248
938 9450.11600928
939 9450.63160608
940 9451.40500129
941 9451.40500129
942 9451.66279969
943 9453.2095901
944 9453.7251869
945 9454.49858211
946 9455.27197731
947 9455.52977572
948 9455.78757412
949 9457.84996133
950 9458.62335654
951 9458.88115494
952 9459.39675174
953 9459.65455014
954 9460.42794535
955 9461.45913895
956 9461.97473576
957 9462.23253416
958 9462.74813096
959 9463.26372776
960 9464.81051817
961 9465.32611498
962 9465.84171178
963 9467.38850219
964 9468.1618974
965 9468.9352926
966 9468.9352926
967 9469.4508894
968 9469.96648621
969 9470.48208301
970 9470.73988141
971 9471.51327662
972 9472.02887342
973 9473.57566383
974 9474.60685744
975 9475.38025264
976 9476.41144625
977 9477.18484145
978 9477.70043826
979 9477.70043826
980 9478.98943027
981 9479.24722867
982 9479.76282547
983 9479.76282547
984 9480.02062387
985 9481.30961588
986 9481.30961588
987 9481.56741428
988 9481.82521268
989 9481.82521268
990 9482.59860789
991 9483.11420469
992 9483.8875999
993 9484.9187935
994 9485.69218871
995 9486.72338232
996 9487.75457592
997 9488.52797113
998 9489.04356793
999 9489.55916473
1000 9489.55916473
1001 9490.33255994
1002 9490.84815674
1003 9491.87935035
1004 9493.68393916
1005 9494.71513277
1006 9495.23072957
1007 9495.74632637
1008 9496.77751998
1009 9497.03531838
1010 9497.55091518
1011 9498.83990719
1012 9500.644496
1013 9501.16009281
1014 9501.67568961
1015 9502.44908482
1016 9503.22248002
1017 9503.99587523
1018 9504.51147203
1019 9505.80046404
1020 9507.34725445
1021 9508.37844805
1022 9508.89404486
1023 9510.18303687
1024 9510.69863367
1025 9511.21423047
1026 9511.72982728
1027 9512.24542408
1028 9512.50322248
1029 9513.53441609
1030 9514.30781129
1031 9515.8546017
1032 9516.1124001
1033 9517.40139211
1034 9518.43258572
1035 9518.69038412
1036 9519.46377932
1037 9520.75277133
1038 9521.26836814
1039 9522.29956174
1040 9523.33075535
1041 9524.10415055
1042 9524.36194896
1043 9524.61974736
1044 9525.90873937
1045 9526.68213457
1046 9527.97112658
1047 9528.48672338
1048 9529.51791699
1049 9531.8381026
1050 9534.67388502
1051 9536.22067543
1052 9536.99407064
1053 9539.05645785
1054 9539.82985305
1055 9540.34544986
1056 9541.63444187
1057 9542.66563547
1058 9543.18123228
1059 9545.50141789
1060 9547.3060067
1061 9548.33720031
1062 9549.11059551
1063 9550.65738592
1064 9551.68857953
1065 9552.97757154
1066 9554.26656355
1067 9555.03995875
1068 9557.10234597
1069 9558.39133797
1070 9560.19592679
1071 9562.0005156
1072 9563.28950761
1073 9564.57849961
1074 9565.60969322
1075 9566.38308842
1076 9568.18767724
1077 9569.21887084
1078 9569.99226605
1079 9572.31245166
1080 9573.34364527
1081 9575.66383088
1082 9577.4684197
1083 9578.2418149
1084 9579.78860531
1085 9581.07759732
1086 9582.88218613
1087 9586.23356535
1088 9588.29595257
1089 9590.61613818
1090 9592.42072699
1091 9594.4831142
1092 9596.54550142
1093 9598.60788863
1094 9600.41247744
1095 9602.73266306
1096 9604.53725187
1097 9606.34184068
1098 9607.63083269
1099 9609.1776231
1100 9612.01340552
1101 9614.07579273
1102 9616.91157515
1103 9618.71616396
1104 9620.77855117
1105 9623.09873679
1106 9625.161124
1107 9628.25470482
1108 9629.80149523
1109 9632.12168085
1110 9634.18406806
1111 9636.24645527
1112 9638.56664089
1113 9640.8868265
1114 9643.46481052
1115 9644.23820572
1116 9647.33178654
1117 9649.90977056
1118 9651.45656097
1119 9653.26114978
1120 9655.8391338
1121 9658.67491622
1122 9660.22170663
1123 9662.02629544
1124 9666.92446507
1125 9668.72905388
1126 9670.01804589
1127 9672.3382315
1128 9674.14282031
1129 9676.20520753
1130 9678.26759474
1131 9680.07218355
1132 9681.61897396
1133 9684.45475638
1134 9686.25934519
1135 9688.063934
1136 9690.12632122
1137 9691.93091003
1138 9693.99329724
1139 9695.28228925
1140 9697.34467646
1141 9698.89146687
1142 9700.18045888
1143 9702.5006445
1144 9703.7896365
1145 9706.36762052
1146 9708.43000773
1147 9710.49239495
1148 9712.29698376
1149 9715.39056458
1150 9717.71075019
1151 9719.77313741
1152 9721.57772622
1153 9723.89791183
1154 9725.96029905
1155 9729.82727507
1156 9731.11626708
1157 9733.6942511
1158 9735.24104151
1159 9736.27223511
1160 9738.07682392
1161 9738.85021913
1162 9742.45939675
1163 9745.03738077
1164 9748.13096159
1165 9749.4199536
1166 9753.28692962
1167 9754.31812323
1168 9756.38051044
1169 9758.95849446
1170 9760.50528487
1171 9763.08326888
1172 9765.6612529
1173 9767.98143852
1174 9769.78602733
1175 9772.10621294
1176 9775.97318897
1177 9778.55117298
1178 9782.67594741
1179 9784.99613302
1180 9787.05852024
1181 9789.63650425
1182 9792.47228667
1183 9795.05027069
1184 9797.3704563
1185 9800.46403712
1186 9802.78422274
1187 9805.36220675
1188 9807.16679557
1189 9810.26037639
1190 9812.580562
1191 9815.41634442
1192 9818.25212684
1193 9821.86130446
1194 9822.63469966
1195 9824.95488528
1196 9827.5328693
1197 9829.59525651
1198 9832.43103893
1199 9834.23562774
1200 9836.29801495
1201 9837.84480536
1202 9841.45398299
1203 9842.74297499
1204 9845.83655581
1205 9847.89894303
1206 9848.93013663
1207 9851.25032225
1208 9853.31270946
1209 9855.89069348
1210 9858.7264759
1211 9863.10904872
1212 9865.94483114
1213 9867.74941995
1214 9869.81180717
1215 9871.10079918
1216 9873.67878319
1217 9875.2255736
1218 9877.80355762
1219 9879.86594483
1220 9882.18613045
1221 9884.50631606
1222 9887.59989688
1223 9888.88888889
1224 9891.98246971
1225 9895.33384893
1226 9897.13843774
1227 9898.68522815
1228 9900.23201856
1229 9901.26321217
1230 9902.81000258
1231 9905.13018819
1232 9907.19257541
1233 9908.22376901
1234 9909.51276102
1235 9910.54395463
1236 9912.60634184
1237 9913.37973705
1238 9915.95772106
1239 9918.79350348
1240 9920.59809229
1241 9921.6292859
1242 9922.66047951
1243 9923.69167311
1244 9925.23846352
1245 9926.52745553
1246 9927.30085073
1247 9928.84764114
1248 9931.68342356
1249 9932.97241557
1250 9934.51920598
1251 9936.32379479
1252 9937.3549884
1253 9937.8705852
1254 9938.90177881
1255 9939.93297242
1256 9940.44856922
1257 9941.22196442
1258 9941.47976283
1259 9943.02655324
1260 9944.05774684
1261 9945.60453725
1262 9946.89352926
1263 9948.18252127
1264 9948.95591647
1265 9950.24490848
1266 9951.53390049
1267 9953.3384893
1268 9954.36968291
1269 9955.14307811
1270 9955.91647332
1271 9957.20546533
1272 9958.23665893
1273 9959.52565094
1274 9960.04124774
1275 9960.81464295
1276 9961.58803815
1277 9962.36143336
1278 9962.87703016
1279 9964.68161897
1280 9965.45501418
1281 9966.48620779
1282 9966.74400619
1283 9967.51740139
1284 9968.548595
1285 9969.3219902
1286 9970.09538541
1287 9970.61098221
1288 9971.38437742
1289 9972.15777262
1290 9972.93116783
1291 9973.70456303
1292 9974.22015984
1293 9975.50915184
1294 9975.76695024
1295 9976.28254705
1296 9976.79814385
1297 9977.05594225
1298 9977.82933746
1299 9978.34493426
1300 9979.63392627
1301 9980.14952307
1302 9980.40732147
1303 9980.66511988
1304 9980.92291828
1305 9981.18071668
1306 9981.69631348
1307 9981.95411188
1308 9982.21191029
1309 9982.98530549
1310 9983.50090229
1311 9983.7587007
1312 9984.2742975
1313 9984.5320959
1314 9985.0476927
1315 9986.07888631
1316 9986.07888631
1317 9986.33668471
1318 9986.85228152
1319 9987.11007992
1320 9987.11007992
1321 9987.36787832
1322 9987.36787832
1323 9987.62567672
1324 9987.62567672
1325 9987.62567672
1326 9988.14127352
1327 9988.39907193
1328 9988.65687033
1329 9988.65687033
1330 9988.65687033
1331 9988.91466873
1332 9989.17246713
1333 9989.94586234
1334 9990.46145914
1335 9990.46145914
1336 9990.71925754
1337 9990.97705594
1338 9990.97705594
1339 9991.23485434
1340 9991.23485434
1341 9991.75045115
1342 9992.00824955
1343 9992.00824955
1344 9992.52384635
1345 9993.03944316
1346 9993.29724156
1347 9993.55503996
1348 9993.55503996
1349 9993.55503996
1350 9993.55503996
1351 9993.55503996
1352 9993.55503996
1353 9994.07063676
1354 9994.32843516
1355 9994.58623357
1356 9994.84403197
1357 9995.10183037
1358 9995.10183037
1359 9995.10183037
1360 9995.10183037
1361 9995.10183037
1362 9995.10183037
1363 9995.10183037
1364 9995.10183037
1365 9995.35962877
1366 9995.61742717
1367 9995.87522557
1368 9996.13302398
1369 9996.13302398
1370 9996.13302398
1371 9996.13302398
1372 9996.39082238
1373 9996.39082238
1374 9996.64862078
1375 9996.90641918
1376 9996.90641918
1377 9996.90641918
1378 9996.90641918
1379 9997.16421758
1380 9997.16421758
1381 9997.42201598
1382 9997.67981439
1383 9997.67981439
1384 9997.67981439
1385 9997.67981439
1386 9997.67981439
1387 9997.67981439
1388 9997.67981439
1389 9997.93761279
1390 9997.93761279
1391 9997.93761279
1392 9997.93761279
1393 9997.93761279
1394 9997.93761279
1395 9997.93761279
1396 9997.93761279
1397 9997.93761279
1398 9997.93761279
1401 9998.19541119
1402 9998.19541119
1403 9998.19541119
1404 9998.19541119
1405 9998.45320959
1406 9998.45320959
1407 9998.45320959
1408 9998.45320959
1409 9998.45320959
1410 9998.71100799
1411 9998.71100799
1412 9998.71100799
1413 9998.71100799
1414 9998.71100799
1415 9998.71100799
1416 9998.96880639
1417 9998.96880639
1418 9998.96880639
1419 9998.96880639
1420 9998.96880639
1421 9998.96880639
1422 9998.96880639
1423 9998.96880639
1424 9998.96880639
1425 9999.2266048
1426 9999.4844032
1427 9999.4844032
1428 9999.4844032
1429 9999.4844032
1430 9999.4844032
1431 9999.4844032
1432 9999.4844032
1433 9999.4844032
1434 9999.4844032
1435 9999.4844032
1499 9999.7422016
1500 9999.7422016
1501 10000.0
