0 0.0
1 0.0
2 0.0
3 0.0
4 0.0
5 0.0
6 0.0
7 0.0
8 0.0
60 0.0548960707588
61 0.417210137767
62 1.73471583598
63 6.07150542593
64 19.5210427618
65 44.6634431694
66 79.0832795352
67 116.533379007
68 176.49086749
69 234.252513142
70 288.852145119
71 335.985911472
72 371.986754676
73 398.73212035
74 418.747227748
75 435.35877876
76 448.182500889
77 457.536791347
78 464.881885614
79 471.908582671
80 477.859316742
81 483.403819888
82 488.498175255
83 493.779177262
84 499.422493336
85 504.472931845
86 509.644141711
87 514.398141439
88 520.019499084
89 524.960145453
90 529.900791821
91 534.072893199
92 537.509387228
93 540.243211552
94 542.757451593
95 544.887419138
96 546.644093402
97 548.22510024
98 549.685335722
99 550.958924564
100 552.649723543
101 554.044083741
102 555.526277651
103 557.008471562
104 558.172268262
105 559.819150384
106 561.531907792
107 562.992143274
108 564.441399542
109 565.462466459
110 566.582346302
111 567.910831214
112 569.118544771
113 570.260383043
114 571.3912421
115 572.719727013
116 574.070170353
117 576.101324972
118 577.825061593
119 579.713486427
120 581.612890476
121 583.139001243
122 585.027426077
123 587.12445598
124 589.484987023
125 592.163915276
126 595.512575592
127 599.487051115
128 604.109300273
129 609.170717997
130 615.725308845
131 624.322033526
132 634.730328542
133 647.081944463
134 662.804179128
135 681.34807183
136 705.315696324
137 731.742664787
138 762.177046416
139 795.828337791
140 834.980215456
141 882.11398181
142 934.616583883
143 993.124816098
144 1052.4784478
145 1122.36114588
146 1195.27410706
147 1274.79655516
148 1359.02908613
149 1445.47941837
150 1538.15496502
151 1634.5744237
152 1732.84936957
153 1836.0539826
154 1937.56779665
155 2040.00386468
156 2143.88918899
157 2247.65374194
158 2349.44203634
159 2447.48641871
160 2537.81241354
161 2629.98291634
162 2719.1670729
163 2805.22215342
164 2884.66774702
165 2959.01898526
166 3031.58061159
167 3101.90247823
168 3170.37983689
169 3233.27975477
170 3290.65712793
171 3346.54132796
172 3398.63769911
173 3448.03318358
174 3493.16873295
175 3533.03425954
176 3571.43955064
177 3606.60597357
178 3639.4448031
179 3670.80143872
180 3698.54591288
181 3724.87406841
182 3748.85267212
183 3771.55768699
184 3792.71463266
185 3810.52291801
186 3828.69351743
187 3846.18340558
188 3862.46558016
189 3876.65072485
190 3889.21094584
191 3900.69520384
192 3912.04771127
193 3923.37826028
194 3933.6328463
195 3942.60286426
196 3950.87021251
197 3959.52183327
198 3967.20728317
199 3974.72804487
200 3980.89836322
201 3987.13455686
202 3994.01852413
203 3999.85946606
204 4005.31613549
205 4010.73986728
206 4015.80128501
207 4020.37961731
208 4024.99088725
209 4029.31669763
210 4033.88405072
211 4037.66090038
212 4041.85496019
213 4045.76356043
214 4050.10035002
215 4053.5807609
216 4057.29173529
217 4061.15641867
218 4065.55908354
219 4069.35789164
220 4072.94809467
221 4076.72494434
222 4080.09556308
223 4083.78457903
224 4086.81484214
225 4089.59258332
226 4092.2166155
227 4094.80771004
228 4097.36586694
229 4099.62758506
230 4101.94419924
231 4104.11808364
232 4106.29196805
233 4108.59760302
234 4110.54092392
235 4112.73676675
236 4114.77890059
237 4116.87593049
238 4118.79729296
239 4121.03705265
240 4123.18897863
241 4125.27502931
242 4127.70143564
243 4129.8423824
244 4131.68689038
245 4133.57531521
246 4135.34296869
247 4137.60468681
248 4139.613883
249 4141.7109129
250 4143.78598437
251 4146.5966632
252 4149.38538359
253 4152.45956355
254 4156.57676886
255 4161.73699951
256 4169.4114702
257 4178.68890616
258 4191.60046201
259 4209.92477042
260 4227.50249228
261 4249.63658801
262 4268.07068857
263 4288.87629939
264 4308.22167473
265 4331.17921152
266 4349.865834
267 4371.74740781
268 4396.26399301
269 4418.93607023
270 4448.29448887
271 4477.4882193
272 4516.90359811
273 4555.40770214
274 4601.34473415
275 4640.52954946
276 4681.94314524
277 4712.56417351
278 4740.26473081
279 4765.6267155
280 4784.37921327
281 4800.95782664
282 4812.69460657
283 4826.07826862
284 4836.299917
285 4846.91681708
286 4856.0844609
287 4866.33904692
288 4874.43072775
289 4882.80786814
290 4892.20607546
291 4899.25473094
292 4907.15976513
293 4913.71435598
294 4920.07132098
295 4926.1428264
296 4931.70928798
297 4936.4632877
298 4940.62440987
299 4944.6098646
300 4948.09027549
301 4951.49383188
302 4954.39234441
303 4957.36771145
304 4960.39797455
305 4963.65880116
306 4966.56829291
307 4969.60953523
308 4972.38727641
309 4974.87955802
310 4977.52554863
311 4980.07272631
312 4982.85046749
313 4985.43058282
314 4987.69230094
315 4990.04185276
316 4992.7098018
317 4995.16914577
318 4997.7492611
319 5000.28545957
320 5002.50326083
321 5004.79791658
322 5007.24628134
323 5009.95814724
324 5012.04419792
325 5014.21808233
326 5016.53469651
327 5018.6976017
328 5020.7177771
329 5023.00145365
330 5025.21925491
331 5027.42607695
332 5029.57800292
333 5031.71894968
334 5033.79402116
335 5035.61657071
336 5037.75751747
337 5039.96433951
338 5041.95157727
339 5043.81804368
340 5045.59667637
341 5047.66076863
342 5049.74681932
343 5051.5913273
344 5053.60052349
345 5055.58776125
346 5057.6408743
347 5059.44146542
348 5061.18716047
349 5062.9987308
350 5064.88715564
351 5066.51207933
352 5068.1150446
353 5069.83878122
354 5071.5295802
355 5073.09960782
356 5074.93313659
357 5076.38239285
358 5077.88654519
359 5079.40167675
360 5080.98268358
361 5082.50879435
362 5084.1007804
363 5085.45122374
364 5086.76872944
365 5088.56932056
366 5090.19424426
367 5091.88504324
368 5093.59780064
369 5095.06901534
370 5096.78177275
371 5098.11025766
372 5099.52657629
373 5101.25031291
374 5102.68858996
375 5104.23665916
376 5105.7408115
377 5107.17908855
378 5108.79303303
379 5110.23131008
380 5111.65860792
381 5112.76750855
382 5114.3594946
383 5115.77581323
384 5117.12625657
385 5118.5425752
386 5119.92595618
387 5121.30933716
388 5122.68173893
389 5123.99924463
390 5125.26185426
391 5126.73306895
392 5128.09449151
393 5129.43395564
394 5130.57579391
395 5131.76154904
396 5133.01317945
397 5134.16599693
398 5135.43958578
399 5136.57044483
400 5137.83305446
401 5138.81020452
402 5139.98498044
403 5141.31346535
404 5142.5980334
405 5143.93749753
406 5145.12325266
407 5146.21019486
408 5147.31909549
409 5148.74639333
410 5150.20662881
411 5151.51315529
412 5152.73184807
413 5153.79683184
414 5154.75202347
415 5155.79504881
416 5156.96982473
417 5158.07872536
418 5159.05587542
419 5160.21967212
420 5161.41640646
421 5162.66803687
422 5163.88672964
423 5165.22619377
424 5166.31313597
425 5167.50987031
426 5168.80541758
427 5169.99117271
428 5171.33063684
429 5172.62618411
430 5173.68018867
431 5174.75615165
432 5175.952886
433 5177.14962034
434 5178.51104289
435 5179.55406824
436 5180.69590651
437 5182.02439142
438 5183.39679319
439 5184.76919496
440 5186.06474223
441 5187.14070522
442 5188.23862663
443 5189.42438176
444 5190.66503296
445 5192.25701901
446 5193.57452471
447 5194.96888491
448 5196.3632451
449 5197.69173002
450 5199.05315257
451 5200.61220098
452 5202.00656118
453 5203.31308766
454 5205.01486586
455 5206.4421637
456 5207.77064861
457 5209.07717509
458 5210.4825145
459 5212.07450056
460 5213.54571525
461 5214.87420016
462 5216.29051879
463 5217.80565034
464 5219.17805211
465 5220.68220445
466 5222.1204815
467 5223.7454052
468 5225.41424575
469 5226.88546045
470 5228.30177907
471 5229.76201455
472 5231.33204218
473 5232.81423609
474 5234.38426371
475 5235.93233291
476 5237.53529817
477 5239.13826344
478 5241.02668827
479 5242.89315468
480 5244.52905759
481 5246.37356557
482 5248.14121904
483 5249.87593488
484 5251.57771307
485 5253.2245952
486 5254.54210089
487 5255.98037795
488 5257.39669657
489 5259.19728769
490 5261.05277489
491 5262.54594801
492 5264.09401721
493 5265.65306562
494 5267.60736574
495 5269.57264507
496 5271.20854798
497 5273.04207674
498 5275.01833529
499 5276.81892641
500 5278.54266303
501 5280.38717101
502 5282.38538798
503 5284.22989596
504 5286.1183208
505 5288.05066249
506 5289.95006653
507 5291.8604498
508 5293.82572913
509 5295.9776551
510 5297.80020465
511 5299.89723456
512 5302.00524367
513 5304.5085045
514 5306.47378383
515 5308.73550195
516 5311.19484592
517 5313.47852246
518 5315.79513665
519 5318.06783398
520 5320.82361673
521 5323.39275284
522 5325.92895131
523 5328.34437842
524 5331.63814267
525 5334.62448892
526 5337.41320931
527 5340.7399112
528 5343.77017431
529 5347.31646048
530 5350.65414158
531 5354.67253396
532 5358.37252913
533 5362.41287994
534 5366.70575267
535 5371.50366925
536 5375.92829256
537 5380.2321445
538 5385.82056451
539 5390.77219009
540 5397.07425901
541 5402.37721945
542 5409.11845694
543 5415.376609
544 5423.13891341
545 5429.43000312
546 5437.0166401
547 5444.81188214
548 5452.23383091
549 5460.61097131
550 5468.34033807
551 5477.31035603
552 5485.59966272
553 5496.27145887
554 5505.55987405
555 5516.36342077
556 5525.97023315
557 5535.85152589
558 5548.69720645
559 5559.79719196
560 5572.65385173
561 5585.15917665
562 5599.59684326
563 5612.47546146
564 5628.27455062
565 5642.65732116
566 5659.56531095
567 5674.04689442
568 5689.24212681
569 5707.01747452
570 5723.08006482
571 5741.85452102
572 5759.28951309
573 5779.30462049
574 5797.35444856
575 5819.22504315
576 5838.3508342
577 5858.99175681
578 5880.59885026
579 5901.33858579
580 5926.42609013
581 5948.16493415
582 5973.64769019
583 5996.47347641
584 6023.25177973
585 6047.85619864
586 6076.69859422
587 6101.32497156
588 6125.66588934
589 6156.28691761
590 6182.812699
591 6214.83906668
592 6241.44170257
593 6274.25857367
594 6303.16684453
595 6337.70745225
596 6367.43916417
597 6403.26433995
598 6433.35836594
599 6464.39660435
600 6500.21080091
601 6532.25912702
602 6570.94987769
603 6603.54716451
604 6642.35868653
605 6676.00997791
606 6715.93040057
607 6750.97605214
608 6788.51398532
609 6826.31541965
610 6861.26225829
611 6903.83965077
612 6938.44613378
613 6980.29889813
614 7016.89261889
615 7060.48009908
616 7098.1278244
617 7142.37405743
618 7180.34017997
619 7217.05467209
620 7260.8178197
621 7298.43260739
622 7341.95421229
623 7379.84348032
624 7423.815233
625 7461.45197911
626 7506.40088185
627 7543.30202061
628 7586.43935302
629 7624.47135084
630 7660.5929654
631 7704.5866765
632 7741.57564898
633 7784.13108303
634 7821.74587072
635 7864.69655648
636 7900.13745976
637 7942.57212246
638 7979.19878087
639 8018.77884789
640 8057.84289184
641 8093.41554569
642 8135.26831004
643 8170.10535654
644 8210.61865676
645 8244.97261784
646 8284.37701743
647 8317.80872452
648 8355.24784478
649 8388.30625859
650 8420.44241841
651 8456.38836555
652 8487.74500116
653 8523.27373816
654 8552.68705287
655 8588.54516629
656 8619.40773727
657 8654.29967985
658 8683.61418163
659 8717.572891
660 8745.69065845
661 8772.09566848
662 8804.20986987
663 8830.80152655
664 8860.75282276
665 8885.56584674
666 8914.93524459
667 8939.25420394
668 8967.97582816
669 8991.49330488
670 9016.62472607
671 9041.98671076
672 9063.93415985
673 9089.64747939
674 9110.81540428
675 9135.44178162
676 9155.48982666
677 9177.81056903
678 9197.12300672
679 9218.89478839
680 9237.96568337
681 9255.90571929
682 9276.75524697
683 9293.00448391
684 9312.64629803
685 9328.70888833
686 9347.11005125
687 9362.71151456
688 9380.69546734
689 9396.01147108
690 9412.59008445
691 9426.47879035
692 9439.67580576
693 9454.88201736
694 9468.12294963
695 9482.79117974
696 9495.28552544
697 9509.47067013
698 9521.43801355
699 9534.96440539
700 9545.69109761
701 9557.0875219
702 9567.7154012
703 9578.60678164
704 9590.4423745
705 9600.34562566
706 9611.18211003
707 9619.691001
708 9629.86873252
709 9637.87257963
710 9647.49037123
711 9655.36246778
712 9663.36631489
713 9672.2155615
714 9679.33009227
715 9687.81702481
716 9694.50336623
717 9701.50810486
718 9707.77723614
719 9715.07841355
720 9720.95229312
721 9728.22053289
722 9733.63328546
723 9739.80360382
724 9746.24840252
725 9751.54038375
726 9757.07390768
727 9762.04749169
728 9767.27359762
729 9771.63234564
730 9776.72670101
731 9780.79998946
732 9784.8622987
733 9789.40769335
734 9793.62371159
735 9797.78483375
736 9801.41895364
737 9805.72280558
738 9809.31300861
739 9813.89134091
740 9817.33881416
741 9820.98391326
742 9824.32159436
743 9827.52752489
744 9831.1067487
745 9834.19190788
746 9837.35392156
747 9840.23047566
748 9843.39248934
749 9846.03847995
750 9848.93699249
751 9851.34144039
752 9854.13016078
753 9856.30404518
754 9858.30226216
755 9860.7396477
756 9862.63905175
757 9864.95566593
758 9866.84409077
759 9869.25951788
760 9871.07108822
761 9873.09126362
762 9875.0126261
763 9876.83517565
764 9878.72360048
765 9880.26069046
766 9882.09421922
767 9883.40074571
768 9885.09154469
769 9886.39807117
770 9887.93516115
771 9889.12091628
772 9890.81171526
773 9892.10726253
774 9893.53456037
775 9894.78619078
776 9895.97194591
777 9897.25651397
778 9898.2117056
779 9899.34256466
780 9900.47342371
781 9901.46155299
782 9902.4057654
783 9903.39389468
784 9904.42594081
785 9905.26036108
786 9906.24849036
787 9906.88528478
788 9908.01614384
789 9908.80664726
790 9909.66302596
791 9910.48646702
792 9911.33186651
793 9912.00159857
794 9912.69328907
795 9913.53868855
796 9914.36212962
797 9915.06479932
798 9915.54788474
799 9916.36034659
800 9917.04105787
801 9917.65589386
802 9918.17191693
803 9918.98437877
804 9919.66509005
805 9920.23600919
806 9920.82888675
807 9921.38882667
808 9922.12443402
809 9922.8051453
810 9923.39802286
811 9924.02383807
812 9924.64965328
813 9925.18763477
814 9925.74757469
815 9926.19772247
816 9926.6039534
817 9927.16389332
818 9927.65795795
819 9928.25083552
820 9928.71196251
821 9929.28288165
822 9929.60127886
823 9929.99653057
824 9930.38080306
825 9930.66626263
826 9931.01759748
827 9931.37991155
828 9931.78614248
829 9932.18139418
830 9932.47783297
831 9932.82916782
832 9933.19148189
833 9933.53183753
834 9933.97100609
835 9934.30038252
836 9934.58584208
837 9935.00305222
838 9935.33242865
839 9935.65082586
840 9936.05705678
841 9936.45230849
842 9936.80364334
843 9937.16595741
844 9937.45141698
845 9937.7039389
846 9937.96744004
847 9938.19800354
848 9938.51640075
849 9938.80186032
850 9939.10927831
851 9939.36180024
852 9939.66921824
853 9939.78998959
854 9940.11936602
855 9940.38286716
856 9940.72322279
857 9940.99770315
858 9941.18434979
859 9941.48078857
860 9941.75526892
861 9942.00779085
862 9942.29325042
863 9942.56773077
864 9942.85319034
865 9943.20452519
866 9943.47900555
867 9943.74250669
868 9944.01698704
869 9944.28048818
870 9944.57692696
871 9944.7635736
872 9945.03805396
873 9945.23567981
874 9945.46624331
875 9945.74072366
876 9945.98226637
877 9946.19087144
878 9946.3884973
879 9946.65199844
880 9946.88256193
881 9947.15704229
882 9947.37662657
883 9947.6291485
884 9947.81579514
885 9948.09027549
886 9948.28790135
887 9948.45258956
888 9948.72706991
889 9948.92469577
890 9949.13330083
891 9949.3419059
892 9949.5724694
893 9949.75911604
894 9949.98967954
895 9950.11045089
896 9950.33003518
897 9950.53864025
898 9950.70332846
899 9950.85703746
900 9951.06564253
901 9951.29620602
902 9951.53774873
903 9951.80124987
904 9951.94397966
905 9952.09768866
906 9952.32825215
907 9952.55881565
908 9952.76742072
909 9952.92112972
910 9953.18463086
911 9953.33833985
912 9953.51400728
913 9953.70065392
914 9953.89827978
915 9954.11786406
916 9954.31548991
917 9954.49115734
918 9954.73270005
919 9954.89738826
920 9955.04011805
921 9955.24872312
922 9955.42439054
923 9955.67691247
924 9955.84160068
925 9956.09412261
926 9956.21489396
927 9956.36860296
928 9956.53329117
929 9956.7089586
930 9956.90658445
931 9957.10421031
932 9957.22498166
933 9957.44456595
934 9957.63121259
935 9957.77394237
936 9957.97156823
937 9958.12527723
938 9958.31192387
939 9958.49857051
940 9958.64130029
941 9958.82794693
942 9959.01459357
943 9959.14634414
944 9959.27809471
945 9959.44278292
946 9959.64040878
947 9959.79411778
948 9960.00272285
949 9960.10153577
950 9960.25524477
951 9960.40895377
952 9960.62853805
953 9960.74930941
954 9960.99085212
955 9961.16651955
956 9961.29827012
957 9961.41904147
958 9961.6715634
959 9961.78135554
960 9961.95702296
961 9962.04485668
962 9962.17660725
963 9962.41814996
964 9962.6047966
965 9962.79144324
966 9962.90123538
967 9963.03298595
968 9963.13179888
969 9963.25257023
970 9963.41725845
971 9963.55998823
972 9963.72467644
973 9963.87838544
974 9964.08699051
975 9964.22972029
976 9964.37245008
977 9964.48224222
978 9964.69084729
979 9964.80063943
980 9964.92141079
981 9965.13001585
982 9965.25078721
983 9965.42645464
984 9965.66799735
985 9965.90954006
986 9965.99737377
987 9966.14010356
988 9966.20597884
989 9966.35968784
990 9966.53535527
991 9966.64514741
992 9966.79885641
993 9966.88669012
994 9967.00746147
995 9967.16117047
996 9967.32585868
997 9967.47956768
998 9967.62229747
999 9967.73208961
1000 9967.86384018
1001 9967.97363232
1002 9968.10538289
1003 9968.25909189
1004 9968.45671774
1005 9968.61042674
1006 9968.6543436
1007 9968.81903181
1008 9969.03861609
1009 9969.17036666
1010 9969.33505487
1011 9969.4338678
1012 9969.55463916
1013 9969.64247287
1014 9969.70834816
1015 9969.78520265
1016 9969.92793244
1017 9970.02674537
1018 9970.13653751
1019 9970.20241279
1020 9970.367101
1021 9970.53178922
1022 9970.74039429
1023 9970.89410328
1024 9970.981937
1025 9971.0587915
1026 9971.12466678
1027 9971.20152128
1028 9971.26739656
1029 9971.34425106
1030 9971.41012635
1031 9971.56383535
1032 9971.67362749
1033 9971.86027413
1034 9971.9920247
1035 9972.11279605
1036 9972.25552584
1037 9972.39825562
1038 9972.53000619
1039 9972.62881912
1040 9972.7715489
1041 9972.83742419
1042 9972.98015397
1043 9973.03505004
1044 9973.11190454
1045 9973.21071747
1046 9973.29855118
1047 9973.44128097
1048 9973.49617704
1049 9973.55107311
1050 9973.64988604
1051 9973.75967818
1052 9973.8584911
1053 9973.94632482
1054 9974.04513775
1055 9974.14395067
1056 9974.28668046
1057 9974.33059731
1058 9974.3964726
1059 9974.45136867
1060 9974.52822317
1061 9974.64899452
1062 9974.75878667
1063 9974.84662038
1064 9974.92347488
1065 9975.0222878
1066 9975.13207995
1067 9975.26383052
1068 9975.35166423
1069 9975.45047716
1070 9975.57124851
1071 9975.64810301
1072 9975.68104065
1073 9975.73593672
1074 9975.7908328
1075 9975.81279122
1076 9975.90062494
1077 9975.95552101
1078 9976.04335472
1079 9976.07629236
1080 9976.13118843
1081 9976.21902215
1082 9976.27391822
1083 9976.36175193
1084 9976.42762722
1085 9976.44958564
1086 9976.47154407
1087 9976.570357
1088 9976.61427386
1089 9976.65819071
1090 9976.71308678
1091 9976.77896207
1092 9976.86679578
1093 9976.89973342
1094 9976.96560871
1095 9977.02050478
1096 9977.06442164
1097 9977.08638007
1098 9977.09735928
1099 9977.09735928
1100 9977.16323456
1101 9977.25106828
1102 9977.26204749
1103 9977.29498513
1104 9977.29498513
1105 9977.32792278
1106 9977.38281885
1107 9977.41575649
1108 9977.48163177
1109 9977.54750706
1110 9977.55848627
1111 9977.56946549
1112 9977.5804447
1113 9977.61338234
1114 9977.66827842
1115 9977.71219527
1116 9977.72317449
1117 9977.74513291
1118 9977.80002899
1119 9977.83296663
1120 9977.85492506
1121 9977.87688348
1122 9977.92080034
1123 9977.95373798
1124 9977.97569641
1125 9977.99765484
1126 9978.01961327
1127 9978.03059248
1128 9978.0415717
1129 9978.0415717
1130 9978.08548855
1131 9978.08548855
1132 9978.09646777
1133 9978.10744698
1134 9978.10744698
1135 9978.14038462
1136 9978.15136384
1137 9978.18430148
1138 9978.21723912
1139 9978.25017677
1140 9978.31605205
1141 9978.33801048
1142 9978.34898969
1143 9978.40388576
1144 9978.41486498
1145 9978.41486498
1146 9978.42584419
1147 9978.43682341
1148 9978.43682341
1149 9978.45878183
1150 9978.50269869
1151 9978.52465712
1152 9978.53563633
1153 9978.55759476
1154 9978.55759476
1155 9978.55759476
1156 9978.56857398
1157 9978.56857398
1158 9978.5905324
1159 9978.62347005
1160 9978.65640769
1161 9978.65640769
1162 9978.70032455
1163 9978.71130376
1164 9978.7442414
1165 9978.75522062
1166 9978.76619983
1167 9978.78815826
1168 9978.79913747
1169 9978.8210959
1170 9978.84305433
1171 9978.85403354
1172 9978.86501276
1173 9978.87599197
1174 9978.87599197
1175 9978.90892961
1176 9978.91990883
1177 9978.93088804
1178 9978.94186726
1179 9978.95284647
1180 9978.96382569
1181 9978.96382569
1182 9979.00774254
1183 9979.01872176
1184 9979.04068018
1185 9979.04068018
1186 9979.04068018
1187 9979.04068018
1188 9979.0516594
1189 9979.06263861
1190 9979.07361783
1191 9979.07361783
1192 9979.09557626
1193 9979.10655547
1194 9979.1285139
1195 9979.15047233
1196 9979.15047233
1197 9979.15047233
1198 9979.16145154
1199 9979.16145154
1200 9979.16145154
1201 9979.16145154
1202 9979.16145154
1203 9979.17243075
1204 9979.18340997
1205 9979.18340997
1206 9979.18340997
1207 9979.18340997
1208 9979.19438918
1209 9979.19438918
1210 9979.2053684
1211 9979.21634761
1212 9979.23830604
1213 9979.24928525
1214 9979.29320211
1215 9979.30418132
1216 9979.30418132
1217 9979.32613975
1218 9979.33711897
1219 9979.33711897
1220 9979.33711897
1221 9979.33711897
1222 9979.33711897
1223 9979.34809818
1224 9979.37005661
1225 9979.37005661
1226 9979.37005661
1227 9979.37005661
1228 9979.37005661
1229 9979.37005661
1230 9979.37005661
1231 9979.38103582
1232 9979.38103582
1233 9979.38103582
1234 9979.38103582
1235 9979.39201504
1236 9979.39201504
1237 9979.39201504
1238 9979.40299425
1239 9979.41397347
1240 9979.42495268
1241 9979.42495268
1242 9979.42495268
1243 9979.43593189
1244 9979.43593189
1245 9979.43593189
1246 9979.44691111
1247 9979.44691111
1248 9979.45789032
1249 9979.46886954
1250 9979.49082796
1251 9979.49082796
1252 9979.49082796
1253 9979.49082796
1254 9979.50180718
1255 9979.51278639
1256 9979.51278639
1257 9979.52376561
1258 9979.55670325
1259 9979.56768246
1260 9979.56768246
1261 9979.58964089
1262 9979.60062011
1263 9979.62257853
1264 9979.62257853
1265 9979.62257853
1266 9979.64453696
1267 9979.64453696
1268 9979.65551618
1269 9979.67747461
1270 9979.67747461
1271 9979.68845382
1272 9979.69943303
1273 9979.71041225
1274 9979.71041225
1275 9979.7543291
1276 9979.7543291
1277 9979.77628753
1278 9979.77628753
1279 9979.78726675
1280 9979.78726675
1281 9979.79824596
1282 9979.80922517
1283 9979.82020439
1284 9979.8311836
1285 9979.84216282
1286 9979.84216282
1287 9979.84216282
1288 9979.85314203
1289 9979.86412125
1290 9979.87510046
1291 9979.89705889
1292 9979.9080381
1293 9979.9080381
1294 9979.91901732
1295 9979.94097574
1296 9979.94097574
1297 9979.95195496
1298 9979.96293417
1299 9979.97391339
1300 9979.9848926
1301 9979.99587182
1302 9979.99587182
1303 9980.00685103
1304 9980.00685103
1305 9980.01783024
1306 9980.01783024
1307 9980.01783024
1308 9980.01783024
1309 9980.03978867
1310 9980.0617471
1311 9980.0617471
1312 9980.07272631
1313 9980.07272631
1314 9980.07272631
1315 9980.07272631
1316 9980.08370553
1317 9980.08370553
1318 9980.08370553
1319 9980.08370553
1320 9980.10566396
1321 9980.10566396
1322 9980.10566396
1323 9980.11664317
1324 9980.1386016
1325 9980.14958081
1326 9980.17153924
1327 9980.17153924
1328 9980.18251846
1329 9980.20447688
1330 9980.20447688
1331 9980.22643531
1332 9980.23741453
1333 9980.23741453
1334 9980.23741453
1335 9980.24839374
1336 9980.24839374
1337 9980.2923106
1338 9980.2923106
1339 9980.2923106
1340 9980.2923106
1341 9980.30328981
1342 9980.31426903
1343 9980.33622745
1344 9980.34720667
1345 9980.34720667
1346 9980.34720667
1347 9980.3691651
1348 9980.39112352
1349 9980.39112352
1350 9980.40210274
1351 9980.40210274
1352 9980.41308195
1353 9980.41308195
1354 9980.42406117
1355 9980.46797802
1356 9980.47895724
1357 9980.47895724
1358 9980.48993645
1359 9980.50091567
1360 9980.51189488
1361 9980.52287409
1362 9980.53385331
1363 9980.53385331
1364 9980.53385331
1365 9980.54483252
1366 9980.55581174
1367 9980.56679095
1368 9980.58874938
1369 9980.58874938
1370 9980.58874938
1371 9980.59972859
1372 9980.62168702
1373 9980.62168702
1374 9980.62168702
1375 9980.63266624
1376 9980.63266624
1377 9980.65462466
1378 9980.66560388
1379 9980.66560388
1380 9980.66560388
1381 9980.69854152
1382 9980.70952074
1383 9980.72049995
1384 9980.72049995
1385 9980.73147916
1386 9980.73147916
1387 9980.73147916
1388 9980.74245838
1389 9980.74245838
1390 9980.74245838
1391 9980.75343759
1392 9980.75343759
1393 9980.75343759
1394 9980.76441681
1395 9980.77539602
1396 9980.77539602
1397 9980.77539602
1398 9980.78637523
1399 9980.78637523
1400 9980.79735445
1401 9980.80833366
1402 9980.80833366
1403 9980.81931288
1404 9980.81931288
1405 9980.83029209
1406 9980.84127131
1407 9980.85225052
1408 9980.85225052
1409 9980.85225052
1410 9980.86322973
1411 9980.86322973
1412 9980.87420895
1413 9980.87420895
1414 9980.88518816
1415 9980.88518816
1416 9980.90714659
1417 9980.9181258
1418 9980.9181258
1419 9980.9181258
1420 9980.92910502
1421 9980.92910502
1422 9980.92910502
1423 9980.94008423
1424 9980.94008423
1425 9980.95106345
1426 9980.95106345
1427 9980.96204266
1428 9980.96204266
1429 9980.96204266
1430 9980.9949803
1431 9981.00595952
1432 9981.00595952
1433 9981.01693873
1434 9981.03889716
1435 9981.06085559
1436 9981.06085559
1437 9981.06085559
1438 9981.08281402
1439 9981.08281402
1440 9981.09379323
1441 9981.10477244
1442 9981.10477244
1443 9981.10477244
1444 9981.10477244
1445 9981.11575166
1446 9981.11575166
1447 9981.11575166
1448 9981.11575166
1449 9981.11575166
1450 9981.11575166
1451 9981.1486893
1452 9981.1486893
1453 9981.1486893
1454 9981.15966852
1455 9981.15966852
1456 9981.17064773
1457 9981.18162694
1458 9981.18162694
1459 9981.18162694
1460 9981.19260616
1461 9981.19260616
1462 9981.20358537
1463 9981.23652301
1464 9981.23652301
1465 9981.24750223
1466 9981.24750223
1467 9981.25848144
1468 9981.29141909
1469 9981.29141909
1470 9981.31337751
1471 9981.32435673
1472 9981.32435673
1473 9981.33533594
1474 9981.34631516
1475 9981.36827358
1476 9981.36827358
1477 9981.3792528
1478 9981.3792528
1479 9981.3792528
1480 9981.3792528
1481 9981.40121123
1482 9981.41219044
1483 9981.41219044
1484 9981.41219044
1485 9981.43414887
1486 9981.43414887
1487 9981.4561073
1488 9981.4561073
1489 9981.4561073
1490 9981.46708651
1491 9981.46708651
1492 9981.46708651
1493 9981.47806573
1494 9981.48904494
1495 9981.48904494
1496 9981.48904494
1497 9981.51100337
1498 9981.52198258
1499 9981.52198258
1500 9981.52198258
1501 10000.0
