0 0.0
1 17.4927847507
2 3613.66534667
3 3937.49161018
4 4117.3275052
5 4278.47506544
6 4393.24786898
7 4538.51768575
8 4645.67672327
9 6158.69773139
10 8646.72125646
11 9623.98902611
12 9689.82817639
13 9721.83535808
14 9742.66309819
15 9758.18427411
16 9768.81837707
17 9777.66964226
18 9784.02493456
19 9789.75099
20 9794.47026646
21 9798.43445869
22 9801.95818511
23 9805.54483522
24 9809.11051077
25 9812.48741526
26 9816.9969461
27 9821.4225787
28 9825.68041479
29 9830.58846231
30 9836.398416
31 9843.21514867
32 9849.59141553
33 9855.77891134
34 9860.45623867
35 9865.13356601
36 9868.82508893
37 9872.72635747
38 9876.92126988
39 9881.53567354
40 9886.54859387
41 9892.25367474
42 9897.95875562
43 9902.25854084
44 9906.05493657
45 9909.36891738
46 9912.55705081
47 9914.96912544
48 9918.38797906
49 9922.39412041
50 9926.90365125
51 9931.62292771
52 9935.54517082
53 9939.06889724
54 9942.31995436
55 9945.48711323
56 9948.31867911
57 9951.21316867
58 9953.58329418
59 9955.6178267
60 9957.19091885
61 9958.86888382
62 9960.27417948
63 9961.88922075
64 9964.15447345
65 9965.74854017
66 9967.82502181
67 9969.23031747
68 9971.22290087
69 9972.71209477
70 9974.39005974
71 9975.33391503
72 9976.0680247
73 9977.22162561
74 9978.1654809
75 9979.29810726
76 9980.34683536
77 9981.71018189
78 9982.88475737
79 9984.01738372
80 9984.79344251
81 9985.52755218
82 9986.55530573
83 9987.1216189
84 9987.60403383
85 9988.02352507
86 9988.67373649
87 9989.17712598
88 9989.65954091
89 9990.1629304
90 9990.68729445
91 9991.10678569
92 9991.52627693
93 9992.19746292
94 9992.80572522
95 9993.26716558
96 9993.60275857
97 9994.06419894
98 9994.27394456
99 9994.67246124
100 9994.98707967
101 9995.32267266
102 9995.57436741
103 9995.9099604
104 9996.11970602
105 9996.3504262
106 9996.70699376
107 9996.85381569
108 9997.02161219
109 9997.16843412
110 9997.58792536
111 9997.75572186
112 9997.88156923
113 9997.92351836
114 9998.02839117
115 9998.15423854
116 9998.25911135
117 9998.38495872
118 9998.51080609
119 9998.63665347
120 9998.76250084
121 9998.82542453
122 9998.86737365
123 9998.90932277
124 9998.9512719
125 9999.05614471
126 9999.16101752
127 9999.20296664
128 9999.20296664
129 9999.24491577
130 9999.26589033
131 9999.26589033
132 9999.30783945
133 9999.30783945
134 9999.30783945
135 9999.30783945
136 9999.30783945
137 9999.30783945
138 9999.30783945
139 9999.30783945
140 9999.34978858
141 9999.34978858
142 9999.34978858
143 9999.34978858
144 9999.37076314
145 9999.37076314
146 9999.37076314
147 9999.37076314
148 9999.37076314
149 9999.37076314
150 9999.37076314
151 9999.3917377
152 9999.3917377
153 9999.3917377
154 9999.3917377
155 9999.3917377
156 9999.43368682
157 9999.43368682
158 9999.43368682
159 9999.45466139
160 9999.45466139
161 9999.45466139
162 9999.45466139
163 9999.47563595
164 9999.47563595
165 9999.49661051
166 9999.49661051
167 9999.49661051
168 9999.51758507
169 9999.53855963
170 9999.5595342
171 9999.5595342
172 9999.58050876
173 9999.58050876
174 9999.60148332
175 9999.60148332
176 9999.60148332
177 9999.60148332
178 9999.60148332
179 9999.64343245
180 9999.64343245
181 9999.64343245
182 9999.64343245
183 9999.64343245
184 9999.64343245
185 9999.64343245
186 9999.64343245
187 9999.64343245
188 9999.64343245
189 9999.66440701
190 9999.66440701
191 9999.66440701
192 9999.68538157
193 9999.68538157
194 9999.70635613
195 9999.70635613
196 9999.72733069
197 9999.72733069
198 9999.74830526
199 9999.74830526
200 9999.74830526
201 9999.74830526
202 9999.74830526
203 9999.74830526
204 9999.74830526
205 9999.74830526
206 9999.74830526
207 9999.74830526
235 9999.76927982
236 9999.79025438
237 9999.79025438
238 9999.79025438
239 9999.79025438
240 9999.79025438
241 9999.79025438
242 9999.79025438
243 9999.79025438
244 9999.79025438
245 9999.79025438
251 9999.81122894
252 9999.81122894
253 9999.81122894
254 9999.81122894
255 9999.81122894
256 9999.81122894
257 9999.81122894
258 9999.81122894
259 9999.81122894
260 9999.81122894
311 9999.8322035
312 9999.8322035
313 9999.8322035
314 9999.8322035
315 9999.8322035
316 9999.8322035
317 9999.8322035
318 9999.8322035
319 9999.8322035
320 9999.8322035
338 9999.85317807
339 9999.85317807
340 9999.85317807
341 9999.85317807
342 9999.85317807
343 9999.85317807
344 9999.85317807
345 9999.85317807
346 9999.85317807
347 9999.85317807
376 9999.89512719
377 9999.89512719
378 9999.89512719
379 9999.89512719
380 9999.89512719
381 9999.91610175
382 9999.91610175
383 9999.91610175
384 9999.93707631
385 9999.95805088
386 9999.95805088
387 9999.95805088
388 9999.95805088
389 9999.95805088
390 9999.95805088
391 9999.95805088
392 9999.95805088
393 9999.95805088
394 9999.95805088
483 9999.97902544
484 9999.97902544
485 9999.97902544
486 9999.97902544
487 9999.97902544
488 9999.97902544
489 9999.97902544
490 9999.97902544
491 9999.97902544
492 9999.97902544
612 10000.0
613 10000.0
614 10000.0
615 10000.0
616 10000.0
617 10000.0
618 10000.0
619 10000.0
620 10000.0
621 10000.0
1501 10000.0
