0 0.0
1 0.0
2 0.0
3 0.0
4 0.0
5 0.0
6 0.0
7 0.0
8 0.0
53 0.0100413502805
54 0.281157807853
55 1.41583038954
56 3.45422449648
57 9.04725660269
58 23.2658085998
59 51.3715480348
60 94.7300985458
61 135.769097142
62 191.247557442
63 243.583075103
64 289.542335337
65 324.38582081
66 348.314358528
67 364.039113068
68 376.329725811
69 386.421282843
70 394.56481792
71 401.091695602
72 405.901502387
73 410.520523516
74 414.577229029
75 418.623893192
76 422.319110095
77 425.462052733
78 429.046814783
79 432.641618184
80 436.356917787
81 439.871390386
82 443.23524273
83 445.976531356
84 448.63748918
85 450.495138982
86 452.56365714
87 454.592009897
88 456.550073201
89 458.176771947
90 459.391775331
91 460.867853822
92 461.87198885
93 462.976537381
94 463.66939055
95 464.593194776
96 465.46679225
97 466.15964542
98 466.802291838
99 467.274235301
100 467.95704712
101 468.348659781
102 468.961182148
103 469.332712108
104 469.935193125
105 470.728459797
106 471.642222673
107 472.586109599
108 473.550079226
109 474.363428599
110 475.086405819
111 476.441988107
112 477.405957734
113 478.249431158
114 479.092904581
115 479.685344248
116 480.11712231
117 480.659355225
118 481.101174637
119 481.462663247
120 481.894441309
121 482.386467473
122 482.677666631
123 483.149610094
124 483.902711365
125 484.444944281
126 485.007259896
127 485.690071715
128 486.22226328
129 486.633958642
130 487.176191557
131 487.65817637
132 488.310864139
133 489.07400676
134 489.817066681
135 490.299051494
136 490.670581454
137 491.052152765
138 491.483930827
139 491.905667539
140 492.216949398
141 492.488065855
142 492.829471765
143 493.211043075
144 493.582573036
145 494.0946819
146 494.486294561
147 494.938155324
148 495.480388239
149 496.112993306
150 496.655226222
151 497.247665888
152 497.970643108
153 498.75386843
154 499.356349447
155 500.229946921
156 501.25416465
157 501.896811068
158 502.479209384
159 503.03148365
160 503.443179011
161 503.864915723
162 504.296693785
163 504.728471847
164 505.029712355
165 505.361076915
166 505.612110672
167 505.802896327
168 506.124219536
169 506.365211943
170 506.60620435
171 507.037982412
172 507.34926427
173 507.630422078
174 507.951745287
175 508.212820394
176 508.504019553
177 508.845425462
178 509.076376519
179 509.467989179
180 509.799353739
181 510.140759648
182 510.462082857
183 510.813530117
184 511.134853326
185 511.395928433
186 511.757417043
187 512.269525908
188 512.671179919
189 513.042709879
190 513.454405241
191 513.866100602
192 514.297878664
193 514.669408625
194 515.141352088
195 515.673543653
196 516.175611167
197 516.858422986
198 517.531193455
199 518.053343669
200 518.655824686
201 519.127768149
202 519.659959714
203 520.101779126
204 520.513474488
205 520.885004448
206 521.176203606
207 521.497526815
208 521.798767324
209 522.069883781
210 522.441413742
211 522.7526956
212 523.063977459
213 523.274845815
214 523.606210374
215 523.867285482
216 524.108277888
217 524.369352996
218 524.580221352
219 524.831255109
220 525.122454267
221 525.363446673
222 525.674728532
223 525.915720939
224 526.116547944
225 526.387664402
226 526.739111662
227 527.03031082
228 527.632791837
229 528.426058509
230 529.510524339
231 530.755651774
232 532.191564864
233 534.591447581
234 538.055713428
235 541.278986868
236 544.823583517
237 548.820040929
238 552.414844329
239 558.268951542
240 562.787559169
241 567.336290846
242 572.266593833
243 578.642851261
244 583.543030198
245 589.638129819
246 596.908067422
247 604.921064945
248 614.349892859
249 621.931112321
250 629.853737692
251 636.390656724
252 643.299105717
253 648.028581699
254 652.386527721
255 655.670049263
256 658.913405403
257 661.273122719
258 663.170937922
259 665.570820639
260 667.328056938
261 669.225872141
262 670.862612237
263 672.589724485
264 674.146133779
265 675.772832524
266 677.05812536
267 678.343418196
268 679.317429173
269 680.050447744
270 681.074665472
271 681.747435941
272 682.43024776
273 682.922273924
274 683.344010636
275 683.825995449
276 684.378269715
277 684.800006426
278 685.141412336
279 685.442652844
280 685.794100104
281 686.215836816
282 686.507035974
283 686.858483234
284 687.139641042
285 687.400716149
286 687.772246109
287 688.053403917
288 688.324520375
289 688.615719533
290 688.977208143
291 689.268407301
292 689.509399708
293 689.780516166
294 690.061673973
295 690.342831781
296 690.623989589
297 690.895106047
298 691.075850352
299 691.397173561
300 691.618083267
301 691.869117024
302 692.06994403
303 692.361143188
304 692.592094244
305 692.833086651
306 693.043955007
307 693.294988764
308 693.485774419
309 693.676560074
310 693.937635182
311 694.088255436
312 694.289082441
313 694.469826747
314 694.690736453
315 694.831315357
316 695.062266413
317 695.273134769
318 695.423755023
319 695.634623379
320 695.775202283
321 695.955946588
322 696.126649543
323 696.297352498
324 696.468055452
325 696.628717057
326 696.789378661
327 696.950040266
328 697.180991322
329 697.331611576
330 697.522397232
331 697.753348288
332 697.994340695
333 698.114836898
334 698.275498503
335 698.456242808
336 698.616904412
337 698.767524667
338 698.908103571
339 699.078806525
340 699.289674881
341 699.490501887
342 699.701370243
343 699.872073197
344 700.062858853
345 700.243603158
346 700.444430163
347 700.625174468
348 700.795877423
349 700.996704429
350 701.247738186
351 701.458606542
352 701.7698884
353 702.030963508
354 702.261914564
355 702.492865621
356 702.723816677
357 702.954767734
358 703.135512039
359 703.326297694
360 703.517083349
361 703.687786304
362 703.88861331
363 704.069357615
364 704.209936519
365 704.370598123
366 704.60154918
367 704.681879982
368 704.842541586
369 705.013244541
370 705.163864795
371 705.264278298
372 705.414898552
373 705.555477456
374 705.69605636
375 705.846676614
376 706.05754497
377 706.238289275
378 706.429074931
379 706.589736535
380 706.77048084
381 706.840770292
382 706.971307846
383 707.172134851
384 707.383003207
385 707.48341671
386 707.644078314
387 707.915194772
388 708.055773676
389 708.266642032
390 708.447386337
391 708.598006591
392 708.768709546
393 708.949453851
394 709.140239506
395 709.341066512
396 709.551934868
397 709.722637823
398 709.863216726
399 710.043961032
400 710.174498585
401 710.274912088
402 710.445615043
403 710.556069896
404 710.686607449
405 710.787020952
406 710.917558506
407 711.07822011
408 711.248923065
409 711.479874122
410 711.680701127
411 711.901610833
412 712.032148387
413 712.172727291
414 712.293223494
415 712.534215901
416 712.775208308
417 712.875621811
418 713.016200715
419 713.267234472
420 713.468061477
421 713.688971183
422 713.819508737
423 714.050459793
424 714.2914522
425 714.512361906
426 714.773437014
427 715.00438807
428 715.245380477
429 715.426124782
430 715.636993138
431 715.827778793
432 715.968357697
433 716.309763607
434 716.510590612
435 716.771665719
436 716.992575426
437 717.123112979
438 717.313898635
439 717.474560239
440 717.635221844
441 717.85613155
442 718.036875855
443 718.157372058
444 718.398364465
445 718.609232821
446 718.850225227
447 718.980762781
448 719.121341685
449 719.28200329
450 719.492871645
451 719.6635746
452 719.884484306
453 720.01502186
454 720.175683465
455 720.426717222
456 720.617502877
457 720.858495284
458 720.968950137
459 721.129611741
460 721.370604148
461 721.491100351
462 721.732092758
463 721.892754362
464 722.103622718
465 722.354656475
466 722.555483481
467 722.766351837
468 722.916972091
469 723.168005848
470 723.288502051
471 723.479287707
472 723.619866611
473 723.880941718
474 724.061686023
475 724.222347628
476 724.393050582
477 724.644084339
478 724.824828644
479 725.005572949
480 725.216441305
481 725.417268311
482 725.638178017
483 725.808880972
484 725.999666627
485 726.140245531
486 726.45152739
487 726.582064943
488 726.792933299
489 727.003801655
490 727.16446326
491 727.325124864
492 727.465703768
493 727.686613474
494 727.88744048
495 728.078226135
496 728.23888774
497 728.339301243
498 728.510004197
499 728.650583101
500 728.851410107
501 729.132567915
502 729.363518971
503 729.544263276
504 729.745090282
505 729.945917287
506 730.126661592
507 730.347571299
508 730.498191553
509 730.73918396
510 730.940010965
511 731.331623626
512 731.622822784
513 731.984311394
514 732.375924055
515 732.89807427
516 733.309769631
517 733.902209298
518 734.605103818
519 735.297956987
520 736.292050665
521 737.155606789
522 738.29027937
523 739.36470385
524 740.720286138
525 742.598018641
526 744.335172239
527 746.694889555
528 748.893945267
529 751.544861741
530 754.446811972
531 757.840788366
532 761.154433959
533 765.040436518
534 769.458630641
535 773.947114216
536 778.977830707
537 783.978423147
538 789.250132044
539 794.813040099
540 800.677188663
541 807.194024995
542 813.510034321
543 820.478731416
544 827.618131465
545 835.038689323
546 842.760487688
547 850.181045546
548 858.103670917
549 865.283236367
550 873.025117434
551 881.379520867
552 889.051112481
553 896.672497344
554 904.836115122
555 913.059981002
556 921.524839288
557 929.045810648
558 937.540792986
559 946.136188826
560 954.731584666
561 963.1261535
562 971.33997803
563 979.172231248
564 987.47642793
565 995.559714906
566 1004.3258137
567 1012.49947283
568 1020.53255305
569 1029.15807294
570 1037.64301393
571 1046.50952623
572 1055.67727904
573 1063.88106221
574 1072.57687156
575 1081.85507922
576 1091.52489954
577 1100.95372745
578 1110.0110254
579 1119.76117652
580 1130.28451162
581 1140.86809481
582 1152.34535819
583 1163.93307641
584 1176.2136478
585 1189.98033904
586 1204.09847753
587 1218.63835274
588 1233.5899233
589 1250.67026013
590 1268.17233367
591 1287.42160216
592 1307.38380652
593 1328.03886404
594 1348.42280511
595 1370.66439598
596 1394.17119699
597 1418.66205032
598 1443.55455767
599 1467.47305404
600 1492.71700864
601 1519.09563583
602 1545.072609
603 1571.6520632
604 1597.45833342
605 1623.60600955
606 1649.41227977
607 1674.58594492
608 1699.87006493
609 1723.24632838
610 1745.66866356
611 1768.36211519
612 1790.2522588
613 1811.32905304
614 1831.73307681
615 1850.83172504
616 1869.48855386
617 1888.75790505
618 1906.6415499
619 1923.19973651
620 1940.16961849
621 1956.92863211
622 1972.17140183
623 1987.07276565
624 2001.5222687
625 2015.33916669
626 2028.3025499
627 2041.40651202
628 2053.95819987
629 2066.15844046
630 2077.91686164
631 2089.10292585
632 2100.46973437
633 2111.69596398
634 2122.71132524
635 2132.74263417
636 2142.53295069
637 2152.81529338
638 2163.15788417
639 2173.88204627
640 2183.30083283
641 2192.67945399
642 2201.87733085
643 2211.04508365
644 2220.33333266
645 2229.20988631
646 2237.6747446
647 2246.53121555
648 2255.61863755
649 2264.37469499
650 2272.21698956
651 2280.7320546
652 2289.42786394
653 2297.82243278
654 2305.9157611
655 2313.62751812
656 2320.85729032
657 2329.0811562
658 2336.74270647
659 2344.46450483
660 2352.31684075
661 2360.24950747
662 2367.95122314
663 2375.80355906
664 2383.58560552
665 2391.31744524
666 2399.11957441
667 2406.71083522
668 2414.65354329
669 2422.15443195
670 2429.2135012
671 2436.08178479
672 2443.6529629
673 2451.79649798
674 2458.74511237
675 2465.94476052
676 2472.98374707
677 2479.74157581
678 2486.7102729
679 2494.41198857
680 2501.65180212
681 2508.47992031
682 2515.00679799
683 2522.15623939
684 2529.59687995
685 2536.5555357
686 2543.66481169
687 2550.42264043
688 2557.76286749
689 2564.87214349
690 2571.90108868
691 2578.46813177
692 2585.67782127
693 2592.28502975
694 2599.14327199
695 2606.50358175
696 2613.48232019
697 2619.75816412
698 2626.84735742
699 2633.63531021
700 2640.34293219
701 2647.76349005
702 2653.96904453
703 2660.43567411
704 2666.81193153
705 2673.31872652
706 2680.16692741
707 2686.66368104
708 2693.09014522
709 2699.74756045
710 2706.50538919
711 2713.42387954
712 2720.04112937
713 2726.56800705
714 2733.5668282
715 2740.47527719
716 2747.19294053
717 2753.75998361
718 2759.67433893
719 2765.93010015
720 2772.95904535
721 2779.60641923
722 2786.14333827
723 2791.90707333
724 2798.33353751
725 2804.72987764
726 2811.01576291
727 2817.46230979
728 2823.45699591
729 2830.19474195
730 2836.75174368
731 2843.28866271
732 2850.40798006
733 2856.67378264
734 2863.11028817
735 2869.59700045
736 2875.91300977
737 2882.3294326
738 2888.86635164
739 2895.41331202
740 2901.52849434
741 2908.25619903
742 2914.85336616
743 2920.96854848
744 2927.25443376
745 2933.68089794
746 2939.82620431
747 2946.42337144
748 2952.77954617
749 2959.2361344
750 2965.39148212
751 2971.76773955
752 2978.55569234
753 2984.67087466
754 2990.79609833
755 2998.05599459
756 3004.55274822
757 3011.27041155
758 3018.00815759
759 3024.02292641
760 3030.45943194
761 3036.94614422
762 3043.72405566
763 3050.33126415
764 3056.70752157
765 3062.91307605
766 3069.28933348
767 3076.01703816
768 3082.24267534
769 3088.35785766
770 3094.74415644
771 3101.40157167
772 3108.47068227
773 3115.62012367
774 3121.50435493
775 3128.12160477
776 3134.93968161
777 3141.15527743
778 3147.62190701
779 3154.17890875
780 3160.26396702
781 3166.8912582
782 3173.53863209
783 3180.22617137
784 3186.86350391
785 3193.25984404
786 3199.97750738
787 3206.58471586
788 3213.05134544
789 3219.29706531
790 3225.7636949
791 3231.94916667
792 3238.74716081
793 3245.21379039
794 3252.01178453
795 3258.0968428
796 3264.40281077
797 3270.7188201
798 3277.33606994
799 3283.55166576
800 3289.49614513
801 3296.29413927
802 3302.54990049
803 3308.86590982
804 3315.95510311
805 3322.01003733
806 3328.45658421
807 3335.15416485
808 3341.48021553
809 3348.27820967
810 3354.76492195
811 3361.10101398
812 3367.96929757
813 3374.67691955
814 3381.33433479
815 3387.78088167
816 3394.1169737
817 3401.17604294
818 3407.58242442
819 3414.34025316
820 3420.8972549
821 3427.03251992
822 3433.88072081
823 3440.59838415
824 3447.69761879
825 3454.69643994
826 3460.86182901
827 3467.5895337
828 3474.30719704
829 3480.79390932
830 3488.08392962
831 3494.69113811
832 3501.48913225
833 3508.29716774
834 3515.19557538
835 3521.53166741
836 3528.25937209
837 3535.07744893
838 3542.00598063
839 3548.69351992
840 3555.37101785
841 3562.3296736
842 3568.99713018
843 3575.56417327
844 3582.98473112
845 3589.3710299
846 3596.27947889
847 3603.07747303
848 3609.69472287
849 3616.3320554
850 3623.25054575
851 3630.58073145
852 3636.94694753
853 3644.32733999
854 3651.37636788
855 3658.87725654
856 3666.36810385
857 3673.00543639
858 3679.84359593
859 3687.19386433
860 3694.27301628
861 3701.64336739
862 3708.56185773
863 3715.58076158
864 3722.81053378
865 3729.91980978
866 3737.19978873
867 3744.09819637
868 3751.60912638
869 3758.87906399
870 3766.29962184
871 3773.8005105
872 3780.8294557
873 3788.0190625
874 3795.17854525
875 3802.56897906
876 3810.39119092
877 3817.43017747
878 3824.29846106
879 3832.7934434
880 3840.92693713
881 3849.17088571
882 3856.73202247
883 3864.56427569
884 3872.52706646
885 3880.73084964
886 3888.44260665
887 3896.71667929
888 3904.51880845
889 3912.93345999
890 3920.49459675
891 3929.00966179
892 3937.04274201
893 3944.85491253
894 3952.7373725
895 3960.46921222
896 3968.38179624
897 3976.62574482
898 3984.53832884
899 3992.69190527
900 4000.83544034
901 4009.23000918
902 4017.43379236
903 4025.56728608
904 4033.64053171
905 4042.01501784
906 4050.71082719
907 4058.96481712
908 4067.03806274
909 4075.00085351
910 4083.65649746
911 4091.89040469
912 4100.38538702
913 4109.06111367
914 4116.80299473
915 4125.02686061
916 4134.04399316
917 4142.36827255
918 4150.48168357
919 4158.4745984
920 4166.15623136
921 4174.21943564
922 4182.29268126
923 4190.7474982
924 4198.92115733
925 4207.46634641
926 4216.17219711
927 4224.58684864
928 4233.21236853
929 4241.46635846
930 4249.39902519
931 4257.99442103
932 4266.60989957
933 4274.8438068
934 4283.07771403
935 4291.03046345
936 4299.64594199
937 4308.46224754
938 4317.34884253
939 4325.92415567
940 4334.31872451
941 4343.57684947
942 4352.36303096
943 4360.56681414
944 4369.55382264
945 4377.52665476
946 4386.38312571
947 4394.9684802
948 4403.67433089
949 4412.69146345
950 4421.16636308
951 4429.80192432
952 4438.66843662
953 4447.94664428
954 4457.15456249
955 4466.15161234
956 4475.37961325
957 4484.71806901
958 4493.95611127
959 4503.35481513
960 4512.65310549
961 4522.07189205
962 4531.74171237
963 4541.6525251
964 4551.49304837
965 4561.25324085
966 4570.71219281
967 4580.33180638
968 4589.81084104
969 4599.65136432
970 4609.27097789
971 4619.01108766
972 4629.07252064
973 4639.37494603
974 4649.35604821
975 4659.17648878
976 4668.91659855
977 4679.21902394
978 4689.37082907
979 4699.41217935
980 4709.64431529
981 4719.43463181
982 4729.23498969
983 4738.97509946
984 4749.03653244
985 4759.17829622
986 4768.46654523
987 4778.55810227
988 4788.6496593
989 4798.38976907
990 4808.5014088
991 4817.5687481
992 4827.11807222
993 4837.259836
994 4846.73887067
995 4856.8906758
996 4866.28937967
997 4875.76841433
998 4885.53864815
999 4895.17834442
1000 4904.20551832
1001 4913.53393274
1002 4922.01887372
1003 4931.08621303
1004 4941.0472325
1005 4950.64676337
1006 4959.50323432
1007 4968.52036687
1008 4977.75840913
1009 4986.78558303
1010 4995.59184723
1011 5004.88009624
1012 5014.04784904
1013 5022.94448539
1014 5032.3532306
1015 5041.26994965
1016 5050.43770246
1017 5059.02305695
1018 5067.83936249
1019 5076.47492374
1020 5085.29122928
1021 5094.23807238
1022 5102.34144206
1023 5110.77617629
1024 5119.20086918
1025 5127.94688527
1026 5136.93389377
1027 5145.24813181
1028 5153.73307279
1029 5162.39875809
1030 5171.03431933
1031 5179.83054217
1032 5187.97407725
1033 5195.68583427
1034 5204.31135416
1035 5213.36865211
1036 5221.77326229
1037 5229.75613577
1038 5237.61851304
1039 5246.42477723
1040 5254.87959417
1041 5263.57540351
1042 5272.35154366
1043 5280.29425173
1044 5288.82939947
1045 5297.01309995
1046 5305.30725528
1047 5314.11351947
1048 5322.75912206
1049 5331.49509681
1050 5340.89380067
1051 5349.39882436
1052 5357.92393075
1053 5366.91093925
1054 5375.26534268
1055 5384.08164823
1056 5392.76741622
1057 5400.70008294
1058 5408.87374207
1059 5417.30847631
1060 5426.30552616
1061 5434.77038444
1062 5443.38586298
1063 5452.43311959
1064 5460.95822597
1065 5469.72432477
1066 5478.21930711
1067 5486.70424809
1068 5495.34985069
1069 5503.84483302
1070 5512.26952591
1071 5520.53355719
1072 5528.75742307
1073 5537.21224
1074 5545.36581643
1075 5554.02146037
1076 5562.56664946
1077 5571.66411282
1078 5580.46033566
1079 5588.78461504
1080 5597.55071384
1081 5606.33689533
1082 5614.78167092
1083 5623.0858676
1084 5631.42018834
1085 5639.72438502
1086 5649.11304753
1087 5657.90927038
1088 5666.74565862
1089 5674.9695245
1090 5684.26781486
1091 5693.08412041
1092 5702.02092216
1093 5710.97780661
1094 5719.83427755
1095 5728.11839154
1096 5737.5371781
1097 5746.93588196
1098 5756.45508203
1099 5765.63287618
1100 5774.31864418
1101 5783.27552863
1102 5792.61398439
1103 5802.40430091
1104 5812.03395583
1105 5821.47282509
1106 5831.35351377
1107 5841.01329274
1108 5850.62286496
1109 5860.64413254
1110 5870.0830018
1111 5880.06410398
1112 5889.7339243
1113 5899.93593619
1114 5909.93712106
1115 5919.62702409
1116 5928.84498364
1117 5938.52484531
1118 5948.59631964
1119 5958.71800073
1120 5968.70914426
1121 5978.54966753
1122 5988.50064566
1123 5998.73278159
1124 6009.23603399
1125 6019.25730157
1126 6028.78654298
1127 6038.72747976
1128 6048.9997811
1129 6058.98088328
1130 6068.93186141
1131 6078.36068932
1132 6088.97439657
1133 6099.75880677
1134 6110.19176971
1135 6120.68498075
1136 6130.34475972
1137 6140.5266889
1138 6150.37725353
1139 6160.137446
1140 6170.35954059
1141 6179.8486166
1142 6189.65901583
1143 6199.58991125
1144 6210.23374255
1145 6221.0081114
1146 6230.72813847
1147 6240.7594474
1148 6251.4233614
1149 6262.56926021
1150 6273.80553118
1151 6284.81085108
1152 6294.63129166
1153 6305.53619806
1154 6316.67205552
1155 6327.51671383
1156 6338.58228184
1157 6349.34660934
1158 6361.07490646
1159 6372.64254199
1160 6383.52736569
1161 6395.46653118
1162 6406.78313294
1163 6418.36080981
1164 6430.35018205
1165 6442.34959563
1166 6454.68037378
1167 6466.37854686
1168 6478.34783639
1169 6490.68865588
1170 6502.66798677
1171 6514.86822736
1172 6527.77136247
1173 6540.36321572
1174 6553.959204
1175 6567.31419988
1176 6580.91018815
1177 6594.43588698
1178 6608.20257822
1179 6622.90311503
1180 6637.60365184
1181 6652.92675237
1182 6667.71766133
1183 6682.44832219
1184 6698.50444129
1185 6714.50031229
1186 6730.27527358
1187 6746.00002812
1188 6760.99176408
1189 6777.98172876
1190 6795.4034715
1191 6812.83525558
1192 6830.34737047
1193 6847.63857565
1194 6865.51217915
1195 6883.70710586
1196 6902.17314903
1197 6920.52873734
1198 6938.53287839
1199 6957.45078232
1200 6976.60967866
1201 6995.18617668
1202 7014.87726458
1203 7034.07632631
1204 7052.71307243
1205 7072.60498734
1206 7091.75384232
1207 7111.75621208
1208 7131.18622487
1209 7150.75681657
1210 7170.00608506
1211 7189.18506409
1212 7208.06280262
1213 7227.60327027
1214 7244.99488895
1215 7262.8182857
1216 7280.6517238
1217 7297.79230873
1218 7314.37057804
1219 7329.21169375
1220 7345.157358
1221 7360.53066528
1222 7375.50231855
1223 7389.26900978
1224 7402.4934681
1225 7415.56730617
1226 7427.84787756
1227 7439.86737385
1228 7451.56554692
1229 7461.07470564
1230 7470.58386435
1231 7479.83194796
1232 7487.95540034
1233 7495.87802571
1234 7502.41494474
1235 7509.07235998
1236 7514.91642584
1237 7520.24838284
1238 7525.43976094
1239 7530.00857531
1240 7534.29623188
1241 7538.01153149
1242 7542.2088159
1243 7546.09481846
1244 7549.01685139
1245 7551.69789192
1246 7554.32872569
1247 7556.67840166
1248 7559.15861518
1249 7561.20705063
1250 7563.01449368
1251 7564.72152323
1252 7566.35826333
1253 7568.04521018
1254 7569.27025491
1255 7570.40492749
1256 7571.66009628
1257 7572.91526506
1258 7573.93948279
1259 7575.01390727
1260 7575.98791825
1261 7576.91172247
1262 7577.70498915
1263 7578.69908282
1264 7579.70321785
1265 7580.48644317
1266 7581.3499993
1267 7582.36417568
1268 7583.147401
1269 7584.07120522
1270 7585.0050508
1271 7585.72802802
1272 7586.48112929
1273 7587.44509892
1274 7588.28857234
1275 7588.98142551
1276 7589.72448543
1277 7590.5780002
1278 7591.25077067
1279 7592.04403735
1280 7592.78709727
1281 7593.41970233
1282 7594.0924728
1283 7594.75520192
1284 7595.43801374
1285 7596.16099096
1286 7596.95425763
1287 7597.6671935
1288 7598.39017072
1289 7599.21356145
1290 7600.01686947
1291 7600.66955724
1292 7601.53311336
1293 7602.28621463
1294 7602.9991505
1295 7603.79241717
1296 7604.48527034
1297 7605.10783406
1298 7605.80068723
1299 7606.453375
1300 7607.31693112
1301 7608.00978429
1302 7608.55201721
1303 7609.20470498
1304 7609.9276822
1305 7610.45987376
1306 7611.13264423
1307 7611.79537335
1308 7612.43801977
1309 7613.09070753
1310 7613.73335395
1311 7614.40612442
1312 7615.20943244
1313 7615.81191346
1314 7616.36418773
1315 7617.06708224
1316 7617.76997676
1317 7618.28208563
1318 7618.9347734
1319 7619.54729576
1320 7620.05940463
1321 7620.62172024
1322 7621.20411856
1323 7621.77647553
1324 7622.31870844
1325 7622.88102406
1326 7623.31280212
1327 7623.88515909
1328 7624.51776415
1329 7625.15036922
1330 7625.73276754
1331 7626.2850418
1332 7626.88752282
1333 7627.42975573
1334 7628.09248485
1335 7628.72508992
1336 7629.26732284
1337 7629.95013465
1338 7630.57269837
1339 7631.20530344
1340 7631.64712285
1341 7632.12910767
1342 7632.71150598
1343 7633.3742351
1344 7633.86626126
1345 7634.42857688
1346 7635.04109925
1347 7635.63353891
1348 7636.19585453
1349 7636.70796339
1350 7637.38073386
1351 7637.90288408
1352 7638.44511699
1353 7638.98734991
1354 7639.42916932
1355 7639.98144358
1356 7640.62409
1357 7641.24665372
1358 7641.74872123
1359 7642.31103685
1360 7642.78298031
1361 7643.33525458
1362 7644.0582318
1363 7644.66071282
1364 7645.24311113
1365 7645.84559215
1366 7646.45811452
1367 7647.06059553
1368 7647.48233224
1369 7648.03460651
1370 7648.52663267
1371 7649.17932044
1372 7649.6311812
1373 7650.23366222
1374 7650.81606054
1375 7651.47878966
1376 7652.02102257
1377 7652.59337954
1378 7653.2059019
1379 7653.74813482
1380 7654.34057449
1381 7654.8627247
1382 7655.59574327
1383 7656.10785214
1384 7656.5998783
1385 7657.14211121
1386 7657.83496438
1387 7658.4173627
1388 7658.99976102
1389 7659.48174583
1390 7660.08422685
1391 7660.59633571
1392 7661.15865133
1393 7661.81133909
1394 7662.34353066
1395 7662.85563952
1396 7663.42799649
1397 7664.15097371
1398 7664.59279312
1399 7665.17519144
1400 7665.65717625
1401 7666.26969862
1402 7666.79184883
1403 7667.3842885
1404 7667.89639736
1405 7668.47879568
1406 7669.0411113
1407 7669.64359231
1408 7670.17578388
1409 7670.73809949
1410 7671.21004296
1411 7671.77235857
1412 7672.33467419
1413 7672.94719656
1414 7673.38901597
1415 7673.90112483
1416 7674.50360585
1417 7675.12616957
1418 7675.57803033
1419 7676.03993244
1420 7676.61228941
1421 7677.13443962
1422 7677.67667254
1423 7678.1887814
1424 7678.67076622
1425 7679.17283373
1426 7679.81548015
1427 7680.32758901
1428 7680.73928437
1429 7681.33172404
1430 7681.8639156
1431 7682.35594177
1432 7682.86805063
1433 7683.41028355
1434 7683.83202026
1435 7684.20355022
1436 7684.66545233
1437 7685.10727175
1438 7685.69971141
1439 7686.21182028
1440 7686.70384644
1441 7687.04525235
1442 7687.41678231
1443 7687.89876712
1444 7688.37071059
1445 7688.76232325
1446 7689.29451481
1447 7689.76645828
1448 7690.25848444
1449 7690.68022115
1450 7691.17224731
1451 7691.55381863
1452 7692.01572074
1453 7692.4474988
1454 7692.82907011
1455 7693.35122033
1456 7693.73279164
1457 7694.2047351
1458 7694.62647181
1459 7695.08837392
1460 7695.58040009
1461 7695.95193005
1462 7696.44395621
1463 7696.94602373
1464 7697.33763639
1465 7697.82966255
1466 7698.28152331
1467 7698.63297057
1468 7698.93421108
1469 7699.37603049
1470 7699.7375191
1471 7700.10904906
1472 7700.60107523
1473 7701.00272924
1474 7701.50479675
1475 7701.94661617
1476 7702.17756722
1477 7702.48884908
1478 7702.99091659
1479 7703.36244655
1480 7703.83439002
1481 7704.19587863
1482 7704.55736724
1483 7705.05943475
1484 7705.56150227
1485 7706.14390058
1486 7706.40497569
1487 7706.8066297
1488 7707.32877992
1489 7707.81076473
1490 7708.20237739
1491 7708.71448625
1492 7709.14626432
1493 7709.71862128
1494 7710.19056475
1495 7710.63238416
1496 7711.02399682
1497 7711.54614703
1498 7712.04821455
1499 7712.52015801
1500 7712.88164662
1501 10000.0
