0 0.0
1 0.0
2 0.0
3 0.0
4 0.0
5 0.0
6 0.0
7 0.0
8 0.0
28 0.389711613406
29 0.779423226812
30 0.779423226812
31 1.94855806703
32 2.33826968044
33 5.06625097428
34 7.40452065472
35 8.57365549493
36 11.6913484022
37 17.1473109899
38 21.0444271239
39 25.3312548714
40 30.0077942323
41 36.2431800468
42 40.5300077942
43 49.1036632892
44 54.5596258769
45 63.5229929852
46 72.8760717069
47 80.2805923617
48 90.0233826968
49 97.8176149649
50 105.22213562
51 112.236944661
52 117.692907249
53 125.87685113
54 134.840218239
55 144.19329696
56 151.987529228
57 157.833203429
58 164.848012471
59 171.862821512
60 178.48791894
61 186.282151208
62 193.686671863
63 202.260327358
64 207.326578332
65 212.78254092
66 219.407638348
67 227.981293843
68 236.944660951
69 239.672642245
70 245.518316446
71 252.533125487
72 263.834762276
73 270.459859704
74 279.033515199
75 289.166017147
76 294.621979735
77 300.857365549
78 307.482462977
79 313.328137178
80 320.34294622
81 327.747466875
82 334.762275916
83 342.946219797
84 350.740452065
85 358.534684334
86 367.498051442
87 376.851130164
88 384.255650818
89 392.049883087
90 402.182385035
91 407.248636009
92 412.704598597
93 422.447388932
94 431.410756041
95 440.374123149
96 448.168355417
97 455.572876072
98 465.315666407
99 475.837879969
100 484.02182385
101 491.426344505
102 498.441153546
103 506.625097428
104 515.97817615
105 524.162120031
106 532.735775526
107 538.191738114
108 543.647700701
109 548.324240062
110 554.559625877
111 560.015588465
112 566.250974279
113 574.434918161
114 581.839438815
115 588.07482463
116 595.479345284
117 604.442712393
118 608.339828527
119 617.303195635
120 621.979734996
121 626.656274357
122 634.840218239
123 644.19329696
124 651.597817615
125 657.443491816
126 662.120031177
127 669.134840218
128 674.980514419
129 684.333593141
130 688.620420889
131 694.855806703
132 703.429462198
133 712.392829306
134 718.238503507
135 723.694466095
136 730.319563523
137 737.724084178
138 743.180046765
139 751.363990647
140 756.430241621
141 761.496492595
142 766.173031956
143 771.628994544
144 777.474668745
145 782.930631333
146 788.38659392
147 793.452844895
148 798.908807482
149 807.482462977
150 812.159002338
151 819.17381138
152 827.357755261
153 833.593141076
154 840.607950117
155 849.571317225
156 857.755261107
157 862.821512081
158 869.446609509
159 874.512860483
160 879.968823071
161 884.645362432
162 892.049883087
163 896.726422447
164 900.233826968
165 906.079501169
166 911.535463757
167 914.263445051
168 921.667965705
169 927.90335152
170 933.749025721
171 942.322681216
172 950.116913484
173 955.572876072
174 962.977396726
175 969.602494154
176 980.124707716
177 984.02182385
178 988.698363211
179 993.374902572
180 998.441153546
181 1007.01480904
182 1012.47077163
183 1018.70615744
184 1027.27981294
185 1030.39750585
186 1035.07404521
187 1042.08885425
188 1045.59625877
189 1050.27279813
190 1054.16991426
191 1063.13328137
192 1071.31722525
193 1079.89088075
194 1155.88464536
195 1300.07794232
196 2162.8994544
197 3044.81683554
198 4863.99064692
199 5558.84645362
200 5890.49103663
201 5999.61028839
202 6060.79501169
203 6107.95011691
204 6153.54637568
205 6194.07638348
206 6227.59158223
207 6256.81995323
208 6296.18082619
209 6351.13016368
210 6412.31488698
211 6465.31566641
212 6495.32346064
213 6518.31644583
214 6540.53000779
215 6564.69212783
216 6584.1777085
217 6598.20732658
218 6610.67809821
219 6617.69290725
220 6623.14886984
221 6627.43569758
222 6630.9431021
223 6635.22992985
224 6637.95791115
225 6640.29618083
226 6643.02416212
227 6644.58300857
228 6648.09041309
229 6657.0537802
230 6661.73031956
231 6686.67186282
232 6707.32657833
233 6757.98908807
234 6766.17303196
235 6773.96726422
236 6777.47466875
237 6780.20265004
238 6782.93063133
239 6786.04832424
240 6787.21745908
241 6789.16601715
242 6791.11457521
243 6794.23226812
244 6795.79111458
245 6798.51909587
246 6801.24707716
247 6802.02650039
248 6805.53390491
249 6810.9898675
250 6813.71784879
251 6816.44583009
252 6819.95323461
253 6822.29150429
254 6822.6812159
255 6824.62977397
256 6826.57833203
257 6827.74746687
258 6829.30631333
259 6830.08573655
260 6833.59314108
261 6836.71083398
262 6838.26968044
263 6840.99766173
264 6843.72564302
265 6846.84333593
266 6848.01247077
267 6848.791894
268 6851.13016368
269 6854.6375682
270 6860.4832424
271 6865.15978176
272 6869.44660951
273 6872.95401403
274 6877.63055339
275 6881.13795791
276 6883.8659392
277 6886.98363211
278 6892.82930631
279 6895.55728761
280 6899.45440374
281 6916.99142634
282 6927.12392829
283 6960.63912705
284 6974.66874513
285 6985.5806703
286 6990.64692128
287 6993.76461419
288 6996.88230709
289 6999.61028839
290 7003.89711613
291 7010.13250195
292 7015.97817615
293 7018.70615744
294 7021.04442712
295 7023.77240842
296 7026.50038971
297 7030.39750585
298 7036.63289166
299 7040.53000779
300 7043.6477007
301 7047.93452845
302 7051.83164458
303 7057.28760717
304 7061.96414653
305 7065.08183944
306 7067.42010912
307 7069.7583788
308 7072.87607171
309 7076.77318784
310 7082.61886204
311 7086.51597818
312 7090.0233827
313 7093.53078722
314 7094.69992206
315 7097.03819174
316 7100.54559626
317 7103.66328917
318 7106.39127046
319 7107.5604053
320 7107.95011691
321 7109.50896337
322 7110.67809821
323 7111.84723305
324 7112.23694466
325 7113.79579111
326 7114.57521434
327 7116.52377241
328 7120.03117693
329 7122.36944661
330 7123.92829306
331 7126.26656274
332 7127.43569758
333 7127.8254092
334 7128.99454404
335 7131.72252533
336 7133.28137178
337 7134.45050663
338 7134.84021824
339 7136.39906469
340 7137.56819953
341 7139.90646921
342 7143.02416212
343 7144.97272019
344 7146.53156664
345 7147.70070148
346 7150.03897116
347 7151.59781761
348 7152.76695246
349 7153.54637568
350 7153.54637568
351 7153.9360873
352 7154.32579891
353 7155.10522214
354 7155.88464536
355 7156.27435698
356 7157.83320343
357 7159.39204988
358 7161.34060795
359 7162.50974279
360 7165.23772408
361 7173.03195635
362 7176.53936087
363 7180.43647701
364 7182.38503507
365 7183.94388153
366 7184.72330475
367 7184.72330475
368 7185.50272798
369 7185.89243959
370 7186.67186282
371 7189.0101325
372 7189.78955573
373 7190.17926734
374 7191.7381138
375 7192.51753702
376 7193.68667186
377 7194.46609509
378 7194.8558067
379 7196.41465316
380 7197.19407638
381 7197.583788
382 7198.75292284
383 7199.14263445
384 7199.92205768
385 7201.09119252
386 7201.09119252
387 7201.87061574
388 7202.65003897
389 7202.65003897
390 7203.4294622
391 7203.81917381
392 7204.59859704
393 7206.54715511
394 7206.54715511
395 7207.32657833
396 7207.71628995
397 7208.88542479
398 7209.66484801
399 7210.05455963
400 7210.44427124
401 7211.61340608
402 7212.78254092
403 7214.73109899
404 7216.28994544
405 7217.45908028
406 7219.40763835
407 7222.52533125
408 7223.6944661
409 7225.25331255
410 7226.03273578
411 7226.42244739
412 7227.20187062
413 7229.92985191
414 7230.31956352
415 7230.70927514
416 7231.09898675
417 7231.87840998
418 7232.6578332
419 7232.6578332
420 7233.04754482
421 7233.04754482
422 7233.43725643
423 7233.43725643
424 7233.43725643
425 7233.43725643
426 7233.82696804
427 7234.99610288
428 7234.99610288
429 7236.94466095
430 7238.89321902
431 7241.62120031
432 7245.51831645
433 7247.0771629
434 7248.24629774
435 7251.36399065
436 7252.53312549
437 7254.09197194
438 7254.87139517
439 7255.65081839
440 7257.59937646
441 7258.7685113
442 7259.54793453
443 7260.32735776
444 7261.88620421
445 7262.27591582
446 7262.27591582
447 7262.27591582
448 7262.66562744
449 7263.44505066
450 7265.39360873
451 7266.56274357
452 7267.3421668
453 7268.51130164
454 7270.4598597
455 7271.23928293
456 7271.62899454
457 7271.62899454
458 7273.57755261
459 7273.96726422
460 7273.96726422
461 7274.35697584
462 7275.91582229
463 7276.3055339
464 7277.08495713
465 7278.64380359
466 7280.59236165
467 7281.37178488
468 7281.76149649
469 7282.54091972
470 7283.32034295
471 7285.26890101
472 7286.43803585
473 7286.43803585
474 7286.82774747
475 7287.21745908
476 7287.99688231
477 7288.77630553
478 7289.55572876
479 7291.11457521
480 7291.50428683
481 7291.89399844
482 7292.67342167
483 7293.45284489
484 7293.84255651
485 7294.23226812
486 7295.40140296
487 7296.18082619
488 7296.96024942
489 7298.12938426
490 7299.68823071
491 7300.07794232
492 7301.24707716
493 7301.24707716
494 7302.80592362
495 7310.60015588
496 7314.88698363
497 7322.29150429
498 7328.91660171
499 7334.76227592
500 7337.49025721
501 7338.26968044
502 7339.82852689
503 7341.38737334
504 7342.16679657
505 7343.72564302
506 7345.67420109
507 7346.0639127
508 7348.01247077
509 7348.791894
510 7349.96102884
511 7351.90958691
512 7352.29929852
513 7352.68901013
514 7353.46843336
515 7355.02727981
516 7356.19641465
517 7356.19641465
518 7357.75526111
519 7358.53468433
520 7359.70381917
521 7359.70381917
522 7360.87295401
523 7361.26266563
524 7362.04208885
525 7363.21122369
526 7363.99064692
527 7365.93920499
528 7366.71862822
529 7367.49805144
530 7367.49805144
531 7368.66718628
532 7369.44660951
533 7369.83632112
534 7370.22603274
535 7371.78487919
536 7372.1745908
537 7372.56430242
538 7372.56430242
539 7374.12314887
540 7375.29228371
541 7376.85113016
542 7378.020265
543 7379.57911146
544 7380.7482463
545 7383.08651598
546 7383.47622759
547 7383.47622759
548 7383.47622759
549 7384.64536243
550 7384.64536243
551 7385.03507405
552 7385.81449727
553 7385.81449727
554 7387.37334373
555 7388.54247857
556 7388.93219018
557 7388.93219018
558 7390.10132502
559 7390.49103663
560 7391.66017147
561 7392.4395947
562 7393.21901793
563 7393.21901793
564 7393.99844115
565 7394.38815277
566 7394.38815277
567 7394.77786438
568 7395.16757599
569 7395.16757599
570 7395.16757599
571 7395.16757599
572 7395.55728761
573 7396.33671083
574 7397.11613406
575 7397.89555729
576 7398.67498051
577 7399.06469213
578 7399.45440374
579 7400.23382697
580 7400.23382697
581 7401.79267342
582 7402.18238504
583 7403.74123149
584 7403.74123149
585 7404.52065472
586 7404.91036633
587 7405.68978956
588 7407.63834762
589 7411.14575214
590 7413.48402182
591 7415.04286828
592 7417.38113796
593 7419.32969602
594 7420.10911925
595 7422.05767732
596 7422.83710055
597 7424.00623539
598 7424.00623539
599 7424.78565861
600 7424.78565861
601 7425.56508184
602 7426.34450507
603 7426.34450507
604 7427.51363991
605 7429.07248636
606 7430.63133281
607 7431.41075604
608 7432.19017927
609 7432.57989088
610 7432.96960249
611 7433.74902572
612 7433.74902572
613 7434.13873733
614 7434.13873733
615 7435.30787217
616 7437.25643024
617 7437.25643024
618 7437.25643024
619 7437.64614186
620 7438.42556508
621 7438.8152767
622 7439.59469992
623 7439.59469992
624 7439.98441154
625 7440.76383476
626 7441.15354638
627 7441.54325799
628 7442.71239283
629 7443.49181606
630 7445.83008574
631 7446.21979735
632 7446.21979735
633 7446.21979735
634 7446.60950896
635 7446.60950896
636 7446.60950896
637 7447.7786438
638 7448.16835542
639 7448.16835542
640 7449.33749026
641 7449.72720187
642 7450.11691348
643 7450.89633671
644 7454.40374123
645 7460.63912705
646 7470.38191738
647 7487.13951676
648 7510.13250195
649 7521.43413874
650 7528.44894778
651 7533.51519875
652 7535.46375682
653 7538.97116134
654 7540.14029618
655 7541.30943102
656 7542.08885425
657 7543.25798909
658 7544.81683554
659 7545.59625877
660 7547.54481684
661 7548.32424006
662 7548.71395168
663 7548.71395168
664 7549.10366329
665 7549.4933749
666 7549.4933749
667 7550.66250974
668 7551.05222136
669 7551.83164458
670 7552.61106781
671 7553.78020265
672 7554.16991426
673 7556.89789556
674 7557.67731878
675 7558.0670304
676 7558.0670304
677 7559.23616524
678 7559.62587685
679 7560.79501169
680 7561.1847233
681 7563.13328137
682 7563.13328137
683 7563.9127046
684 7564.69212783
685 7564.69212783
686 7565.08183944
687 7565.47155105
688 7565.86126267
689 7566.64068589
690 7567.03039751
691 7567.03039751
692 7568.19953235
693 7570.14809041
694 7572.09664848
695 7572.87607171
696 7572.87607171
697 7573.26578332
698 7574.43491816
699 7575.604053
700 7577.55261107
701 7578.33203429
702 7579.11145752
703 7579.50116913
704 7581.06001559
705 7581.83943882
706 7583.00857366
707 7583.00857366
708 7583.39828527
709 7583.39828527
710 7584.56742011
711 7585.34684334
712 7586.12626656
713 7586.90568979
714 7586.90568979
715 7587.2954014
716 7587.2954014
717 7588.07482463
718 7588.85424786
719 7589.24395947
720 7590.0233827
721 7590.80280592
722 7591.19251754
723 7592.36165238
724 7593.1410756
725 7593.1410756
726 7593.92049883
727 7593.92049883
728 7594.69992206
729 7594.69992206
730 7595.08963367
731 7595.47934528
732 7597.42790335
733 7597.42790335
734 7597.42790335
735 7597.42790335
736 7597.42790335
737 7598.20732658
738 7598.59703819
739 7600.54559626
740 7601.32501949
741 7601.7147311
742 7602.10444271
743 7602.10444271
744 7602.49415433
745 7603.27357755
746 7604.83242401
747 7605.61184723
748 7606.00155885
749 7607.17069369
750 7607.5604053
751 7608.33982853
752 7608.72954014
753 7609.11925175
754 7609.11925175
755 7609.89867498
756 7610.28838659
757 7610.28838659
758 7610.28838659
759 7610.28838659
760 7610.28838659
761 7610.28838659
762 7611.06780982
763 7612.62665627
764 7613.01636789
765 7613.4060795
766 7613.79579111
767 7614.18550273
768 7614.57521434
769 7614.96492595
770 7615.35463757
771 7616.1340608
772 7616.1340608
773 7616.52377241
774 7616.52377241
775 7616.52377241
776 7616.91348402
777 7618.08261886
778 7618.47233048
779 7618.86204209
780 7620.03117693
781 7620.81060016
782 7621.59002338
783 7621.59002338
784 7621.979735
785 7622.36944661
786 7622.75915822
787 7622.75915822
788 7623.14886984
789 7623.14886984
790 7623.14886984
791 7623.92829306
792 7624.31800468
793 7624.70771629
794 7625.48713952
795 7625.87685113
796 7627.43569758
797 7628.21512081
798 7629.38425565
799 7630.55339049
800 7632.50194856
801 7633.6710834
802 7633.6710834
803 7653.54637568
804 7697.97349961
805 7712.39282931
806 7748.24629774
807 7953.23460639
808 8344.11535464
809 8729.92985191
810 9068.97895557
811 9245.51831645
812 9380.7482463
813 9456.3522993
814 9537.41231489
815 9591.19251754
816 9633.28137178
817 9672.64224474
818 9697.19407638
819 9714.34138737
820 9726.03273578
821 9741.2314887
822 9750.19485581
823 9762.66562744
824 9769.29072486
825 9779.0335152
826 9786.43803585
827 9796.96024942
828 9805.92361652
829 9813.32813718
830 9819.95323461
831 9821.90179267
832 9826.96804365
833 9828.91660171
834 9831.2548714
835 9833.98285269
836 9835.93141076
837 9837.87996882
838 9839.43881528
839 9841.77708496
840 9842.55650818
841 9843.33593141
842 9846.0639127
843 9846.84333593
844 9848.40218239
845 9850.74045207
846 9855.02727981
847 9857.75526111
848 9861.26266563
849 9864.38035853
850 9867.88776306
851 9871.78487919
852 9872.95401403
853 9874.9025721
854 9875.29228371
855 9875.68199532
856 9876.85113016
857 9878.40997662
858 9879.18939984
859 9880.35853468
860 9881.52766952
861 9882.69680436
862 9883.47622759
863 9885.03507405
864 9885.81449727
865 9887.37334373
866 9888.15276695
867 9888.93219018
868 9890.49103663
869 9891.27045986
870 9892.04988309
871 9892.4395947
872 9894.77786438
873 9895.16757599
874 9895.16757599
875 9895.55728761
876 9895.94699922
877 9895.94699922
878 9895.94699922
879 9896.72642245
880 9897.11613406
881 9897.50584567
882 9897.89555729
883 9897.89555729
884 9897.89555729
885 9897.89555729
886 9899.06469213
887 9899.45440374
888 9899.84411535
889 9899.84411535
890 9899.84411535
891 9899.84411535
892 9899.84411535
893 9899.84411535
894 9899.84411535
895 9899.84411535
896 9899.84411535
897 9900.23382697
898 9900.23382697
899 9900.62353858
900 9900.62353858
901 9900.62353858
902 9901.01325019
903 9901.40296181
904 9901.79267342
905 9902.57209665
906 9903.74123149
907 9904.1309431
908 9904.1309431
909 9904.52065472
910 9904.52065472
911 9904.52065472
912 9904.52065472
913 9904.52065472
914 9905.68978956
915 9906.07950117
916 9906.07950117
917 9906.07950117
918 9906.46921278
919 9907.63834762
920 9908.02805924
921 9908.02805924
922 9908.02805924
923 9908.41777085
924 9909.19719408
925 9910.36632892
926 9910.36632892
927 9910.36632892
928 9910.75604053
929 9911.14575214
930 9911.14575214
931 9911.14575214
932 9911.92517537
933 9911.92517537
934 9911.92517537
935 9911.92517537
936 9912.7045986
937 9913.09431021
938 9913.09431021
939 9913.48402182
940 9914.26344505
941 9915.43257989
942 9915.43257989
943 9915.43257989
944 9915.43257989
945 9915.8222915
946 9915.8222915
947 9916.21200312
948 9916.21200312
949 9916.60171473
950 9916.99142634
951 9916.99142634
952 9916.99142634
953 9917.77084957
954 9918.16056118
955 9918.5502728
956 9918.5502728
957 9918.5502728
958 9918.93998441
959 9918.93998441
960 9918.93998441
961 9918.93998441
962 9918.93998441
963 9919.32969602
964 9919.32969602
965 9919.71940764
966 9919.71940764
967 9920.10911925
968 9920.88854248
969 9920.88854248
970 9920.88854248
971 9920.88854248
972 9921.66796571
973 9922.44738893
974 9922.44738893
975 9922.44738893
976 9922.44738893
977 9922.44738893
978 9922.44738893
979 9922.44738893
980 9922.83710055
981 9923.22681216
982 9923.61652377
983 9924.00623539
984 9924.00623539
985 9924.395947
986 9924.395947
987 9924.395947
988 9924.395947
989 9924.395947
990 9924.78565861
991 9924.78565861
992 9924.78565861
993 9924.78565861
994 9924.78565861
995 9925.17537023
996 9925.95479345
997 9925.95479345
998 9926.34450507
999 9926.73421668
1000 9926.73421668
1001 9926.73421668
1002 9927.12392829
1003 9927.12392829
1004 9927.12392829
1005 9927.12392829
1006 9927.51363991
1007 9927.51363991
1008 9927.90335152
1009 9928.29306313
1010 9928.29306313
1011 9929.07248636
1012 9929.07248636
1013 9929.07248636
1014 9929.46219797
1015 9929.46219797
1016 9929.46219797
1017 9929.46219797
1018 9929.85190959
1019 9930.2416212
1020 9930.2416212
1021 9931.02104443
1022 9931.02104443
1023 9931.02104443
1024 9931.02104443
1025 9931.02104443
1026 9931.02104443
1027 9931.02104443
1028 9931.02104443
1029 9931.41075604
1030 9931.41075604
1031 9931.41075604
1032 9931.41075604
1033 9931.41075604
1034 9931.80046765
1035 9931.80046765
1036 9931.80046765
1037 9931.80046765
1038 9931.80046765
1039 9931.80046765
1040 9932.19017927
1041 9932.19017927
1042 9932.19017927
1043 9932.57989088
1044 9932.57989088
1045 9932.57989088
1046 9932.57989088
1047 9932.96960249
1048 9933.35931411
1049 9933.35931411
1050 9933.74902572
1051 9933.74902572
1052 9933.74902572
1053 9934.13873733
1054 9934.52844895
1055 9934.52844895
1056 9934.52844895
1057 9934.52844895
1058 9934.52844895
1059 9934.52844895
1060 9934.91816056
1061 9934.91816056
1062 9934.91816056
1063 9934.91816056
1064 9934.91816056
1065 9934.91816056
1066 9934.91816056
1067 9935.30787217
1068 9935.30787217
1069 9935.30787217
1070 9936.0872954
1071 9936.0872954
1072 9936.0872954
1073 9936.0872954
1074 9936.0872954
1075 9936.0872954
1076 9936.47700701
1077 9937.25643024
1078 9938.03585347
1079 9938.42556508
1080 9938.42556508
1081 9938.42556508
1082 9938.42556508
1083 9938.42556508
1084 9938.42556508
1085 9938.42556508
1086 9938.42556508
1087 9938.42556508
1088 9938.8152767
1089 9938.8152767
1090 9938.8152767
1091 9938.8152767
1092 9939.20498831
1093 9939.20498831
1094 9939.20498831
1095 9939.59469992
1096 9939.59469992
1097 9939.98441154
1098 9939.98441154
1099 9940.37412315
1100 9941.15354638
1101 9941.15354638
1102 9941.15354638
1103 9941.9329696
1104 9941.9329696
1105 9941.9329696
1106 9941.9329696
1107 9941.9329696
1108 9941.9329696
1109 9942.32268122
1110 9942.71239283
1111 9942.71239283
1112 9942.71239283
1113 9942.71239283
1114 9942.71239283
1115 9942.71239283
1116 9942.71239283
1117 9943.10210444
1118 9943.49181606
1119 9943.49181606
1120 9944.27123928
1121 9944.27123928
1122 9944.27123928
1123 9944.6609509
1124 9945.44037412
1125 9945.44037412
1126 9945.44037412
1127 9945.44037412
1128 9945.83008574
1129 9945.83008574
1130 9945.83008574
1131 9945.83008574
1132 9946.21979735
1133 9946.21979735
1134 9946.21979735
1135 9946.21979735
1136 9946.60950896
1137 9946.60950896
1138 9946.60950896
1139 9946.99922058
1140 9947.38893219
1141 9947.7786438
1142 9947.7786438
1143 9947.7786438
1144 9947.7786438
1145 9947.7786438
1146 9947.7786438
1147 9948.16835542
1148 9948.94777864
1149 9948.94777864
1150 9948.94777864
1151 9948.94777864
1152 9949.33749026
1153 9949.72720187
1154 9950.11691348
1155 9950.11691348
1156 9950.5066251
1157 9950.89633671
1158 9951.28604832
1159 9951.67575994
1160 9951.67575994
1161 9951.67575994
1162 9952.06547155
1163 9952.45518316
1164 9952.45518316
1165 9952.84489478
1166 9952.84489478
1167 9953.23460639
1168 9953.23460639
1169 9953.624318
1170 9953.624318
1171 9953.624318
1172 9954.01402962
1173 9954.40374123
1174 9954.79345284
1175 9954.79345284
1176 9955.18316446
1177 9955.18316446
1178 9955.18316446
1179 9955.18316446
1180 9955.57287607
1181 9955.57287607
1182 9955.57287607
1183 9956.3522993
1184 9956.74201091
1185 9956.74201091
1186 9956.74201091
1187 9957.13172253
1188 9957.13172253
1189 9959.08028059
1190 9959.85970382
1191 9960.63912705
1192 9961.02883866
1193 9961.41855027
1194 9961.41855027
1195 9962.58768511
1196 9962.58768511
1197 9963.75681995
1198 9964.14653157
1199 9964.53624318
1200 9965.31566641
1201 9965.31566641
1202 9965.70537802
1203 9966.09508963
1204 9966.09508963
1205 9966.09508963
1206 9966.09508963
1207 9966.48480125
1208 9967.65393609
1209 9967.65393609
1210 9967.65393609
1211 9968.82307093
1212 9969.21278254
1213 9969.60249415
1214 9969.60249415
1215 9969.60249415
1216 9969.60249415
1217 9970.38191738
1218 9970.38191738
1219 9971.94076383
1220 9972.33047545
1221 9972.72018706
1222 9972.72018706
1223 9973.49961029
1224 9974.66874513
1225 9974.66874513
1226 9975.05845674
1227 9975.05845674
1228 9975.44816836
1229 9976.22759158
1230 9976.22759158
1231 9977.39672642
1232 9977.39672642
1233 9978.17614965
1234 9978.17614965
1235 9978.17614965
1236 9978.56586126
1237 9978.56586126
1238 9978.56586126
1239 9978.56586126
1240 9979.34528449
1241 9980.51441933
1242 9980.90413094
1243 9980.90413094
1244 9981.29384256
1245 9981.29384256
1246 9981.29384256
1247 9981.68355417
1248 9982.07326578
1249 9982.07326578
1250 9982.4629774
1251 9982.85268901
1252 9983.63211224
1253 9984.80124708
1254 9984.80124708
1255 9985.19095869
1256 9985.19095869
1257 9985.19095869
1258 9985.19095869
1259 9985.5806703
1260 9986.36009353
1261 9986.74980514
1262 9986.74980514
1263 9987.13951676
1264 9987.13951676
1265 9988.3086516
1266 9988.3086516
1267 9988.3086516
1268 9988.69836321
1269 9989.08807482
1270 9989.08807482
1271 9989.47778644
1272 9989.47778644
1273 9989.86749805
1274 9989.86749805
1275 9989.86749805
1276 9989.86749805
1277 9990.25720966
1278 9990.64692128
1279 9990.64692128
1280 9990.64692128
1281 9990.64692128
1282 9991.03663289
1283 9991.81605612
1284 9991.81605612
1285 9991.81605612
1286 9991.81605612
1287 9992.20576773
1288 9992.20576773
1289 9992.20576773
1290 9992.20576773
1291 9992.20576773
1292 9992.98519096
1293 9992.98519096
1294 9992.98519096
1295 9993.37490257
1296 9993.37490257
1297 9993.37490257
1298 9993.37490257
1299 9994.1543258
1300 9994.1543258
1301 9994.1543258
1302 9994.54403741
1303 9994.93374903
1304 9994.93374903
1305 9994.93374903
1306 9994.93374903
1307 9994.93374903
1308 9994.93374903
1309 9994.93374903
1310 9994.93374903
1311 9994.93374903
1312 9995.32346064
1313 9995.32346064
1314 9995.32346064
1315 9995.71317225
1316 9995.71317225
1317 9995.71317225
1318 9995.71317225
1319 9995.71317225
1320 9995.71317225
1321 9996.10288387
1322 9996.10288387
1323 9996.10288387
1324 9996.10288387
1325 9996.49259548
1326 9996.49259548
1327 9996.49259548
1328 9996.49259548
1329 9996.49259548
1330 9996.49259548
1331 9996.49259548
1332 9996.49259548
1333 9996.88230709
1334 9997.27201871
1335 9997.27201871
1336 9997.27201871
1337 9997.27201871
1338 9997.27201871
1339 9997.66173032
1340 9997.66173032
1341 9997.66173032
1342 9997.66173032
1343 9997.66173032
1344 9997.66173032
1345 9998.05144193
1346 9998.05144193
1347 9998.05144193
1348 9998.05144193
1349 9998.05144193
1350 9998.05144193
1351 9998.05144193
1352 9998.44115355
1353 9998.44115355
1354 9998.44115355
1355 9998.44115355
1356 9998.44115355
1357 9998.44115355
1358 9998.44115355
1359 9998.44115355
1360 9998.44115355
1361 9998.44115355
1365 9998.83086516
1366 9999.22057677
1367 9999.22057677
1368 9999.22057677
1369 9999.22057677
1370 9999.22057677
1371 9999.61028839
1372 9999.61028839
1373 9999.61028839
1374 9999.61028839
1375 9999.61028839
1376 9999.61028839
1377 9999.61028839
1378 9999.61028839
1379 9999.61028839
1380 9999.61028839
1402 10000.0
1403 10000.0
1404 10000.0
1405 10000.0
1406 10000.0
1407 10000.0
1408 10000.0
1409 10000.0
1410 10000.0
1411 10000.0
1501 10000.0
