0 0.0
1 0.0
2 0.0
3 0.0
4 0.0
5 0.0
6 0.0
7 0.0
8 0.0
27 0.149936277082
28 0.599745108329
29 0.899617662493
30 1.19949021666
31 1.79923532499
32 2.39898043332
33 2.84878926456
34 3.59847064997
35 5.0978334208
36 6.29732363745
37 7.19694129995
38 8.54636779369
39 9.44598545618
40 10.0457305645
41 11.8449658895
42 12.8945198291
43 14.0940100457
44 15.4434365395
45 17.6924806957
46 20.6912062373
47 23.689931779
48 26.6886573206
49 29.8373191394
50 33.1359172352
51 35.9847064997
52 39.7331134268
53 42.2820301372
54 45.7305645101
55 48.2794812205
56 50.8283979309
57 52.7775695329
58 54.4268685809
59 56.0761676288
60 58.7750206162
61 62.8233000975
62 65.2222805308
63 67.6212609641
64 71.5196041682
65 74.818202264
66 77.6669915286
67 80.3658445161
68 83.814378889
69 86.2133593223
70 90.1117025264
71 92.960491791
72 96.8588349951
73 100.307369368
74 102.406477247
75 105.105330235
76 107.054501837
77 109.45348227
78 112.152335258
79 114.551315691
80 117.250168678
81 119.499212835
82 122.348002099
83 125.196791364
84 127.745708074
85 130.444561062
86 134.192967989
87 136.591948422
88 138.990928855
89 140.79016418
90 142.589399505
91 145.738061324
92 148.436914311
93 150.536022191
94 152.035384961
95 155.18404678
96 158.482644876
97 160.281880201
98 161.931179249
99 164.630032236
100 166.429267561
101 168.078566609
102 170.327610765
103 172.276782367
104 174.675762801
105 176.624934403
106 178.124297174
107 180.073468776
108 181.722767824
109 184.271684534
110 186.970537522
111 190.11919934
112 192.967988605
113 194.317415099
114 197.765949471
115 199.865057351
116 202.413974061
117 204.962890771
118 208.561361421
119 211.859959517
120 213.809131119
121 217.707474323
122 221.605817528
123 224.754479346
124 226.853587225
125 229.552440213
126 233.150910863
127 236.149636405
128 239.298298223
129 241.397406102
130 244.246195367
131 247.094984632
132 249.943773896
133 254.291925931
134 257.140715196
135 260.439313292
136 264.487592773
137 269.735362471
138 275.432941
139 278.881475373
140 283.979308794
141 288.477397106
142 292.825549142
143 297.323637454
144 302.121598321
145 306.319814079
146 309.168603344
147 311.867456331
148 314.416373041
149 317.864907414
150 321.313441787
151 326.261338931
152 327.910637979
153 330.459554689
154 332.558662568
155 335.407451833
156 339.005922483
157 340.805157808
158 342.454456856
159 345.003373566
160 347.702226554
161 351.450633481
162 355.498912962
163 359.547192443
164 362.845790539
165 366.144388635
166 370.192668116
167 374.690756429
168 379.188844741
169 381.737761451
170 385.486168378
171 388.634830197
172 392.383237124
173 396.131644051
174 399.28030587
175 401.979158857
176 405.127820676
177 408.126546218
178 410.375590374
179 413.824124747
180 416.822850289
181 420.271384662
182 424.019791589
183 427.01851713
184 429.867306395
185 432.116350551
186 435.864757478
187 440.062973236
188 445.310742934
189 450.858385186
190 456.106154884
191 460.304370642
192 465.102331509
193 469.900292376
194 855.836269585
195 1254.51683035
196 1845.56563461
197 3123.47252418
198 3269.2105855
199 3440.43781393
200 3492.01589325
201 3521.40340355
202 3547.19244321
203 3572.68161032
204 3594.12249794
205 3609.26606192
206 3621.56083664
207 3641.20248894
208 3669.39050903
209 3701.32693605
210 3722.46795112
211 3741.95966714
212 3756.05367719
213 3771.0473049
214 3784.39163356
215 3793.38781018
216 3799.98500637
217 3805.6825849
218 3811.97990854
219 3815.87825174
220 3817.97735962
221 3820.22640378
222 3823.07519304
223 3832.37124222
224 3839.11837469
225 3841.96716396
226 3845.41569833
227 3847.66474248
228 3850.66346803
229 3856.21111028
230 3859.95951721
231 3890.39658145
232 3904.79046405
233 3908.08906215
234 3913.33683185
235 3916.33555739
236 3918.28472899
237 3920.68370942
238 3923.23262613
239 3925.03186146
240 3928.18052328
241 3929.67988605
242 3932.52867531
243 3934.47784692
244 3936.27708224
245 3939.27580778
246 3940.62523428
247 3953.66969038
248 3956.36854337
249 3973.01147013
250 3976.31006822
251 3978.55911238
252 3980.95809281
253 3982.60739186
254 3983.80688208
255 3986.80560762
256 3989.05465177
257 3990.25414199
258 3993.85261264
259 3997.60101957
260 4000.89961766
261 4002.99872554
262 4006.44725991
263 4008.99617662
264 4010.19566684
265 4014.3938826
266 4017.24267186
267 4022.04063273
268 4028.63782892
269 4034.48534373
270 4060.42431966
271 4066.12189819
272 4071.36966789
273 4076.61743759
274 4081.41539846
275 4085.46367794
276 4089.96176625
277 4095.05959967
278 4099.25781543
279 4113.50176175
280 4121.14851188
281 4171.07729215
282 4198.51563086
283 4204.66301822
284 4211.56008696
285 4218.15728315
286 4221.90569008
287 4225.35422445
288 4230.90186671
289 4234.80020991
290 4239.74810705
291 4244.54606792
292 4248.29447485
293 4254.44186221
294 4258.19026914
295 4264.03778394
296 4269.13561736
297 4273.18389684
298 4276.63243122
299 4279.63115676
300 4283.82937252
301 4288.62733338
302 4292.82554914
303 4296.12414724
304 4298.07331884
305 4301.22198066
306 4312.76707399
307 4317.11522603
308 4320.71369668
309 4323.11267711
310 4325.36172127
311 4327.16095659
312 4329.55993703
313 4331.35917235
314 4333.15840768
315 4334.80770672
316 4336.45700577
317 4338.2562411
318 4339.60566759
319 4340.95509409
320 4341.25496664
321 4342.90426569
322 4343.35407452
323 4344.40362846
324 4345.4531824
325 4346.95254517
326 4348.75178049
327 4350.25114326
328 4351.45063348
329 4352.50018742
330 4353.84961391
331 4354.14948647
332 4356.09865807
333 4356.5484669
334 4357.14821201
335 4358.19776595
336 4359.69712872
337 4361.04655521
338 4371.09228578
339 4374.54082015
340 4383.3870605
341 4389.38451158
342 4390.73393808
343 4392.23330085
344 4392.83304596
345 4394.03253617
346 4395.53189894
347 4397.18119799
348 4397.63100682
349 4398.38068821
350 4399.13036959
351 4399.7301147
352 4400.32985981
353 4401.07954119
354 4402.27903141
355 4403.62845791
356 4406.17737462
357 4408.27648249
358 4409.92578154
359 4424.6195367
360 4428.36794362
361 4432.11635055
362 4434.51533098
363 4435.86475748
364 4437.36412025
365 4438.86348302
366 4440.06297324
367 4440.9625909
368 4442.16208112
369 4442.9117625
370 4443.66144389
371 4444.41112527
372 4444.71099783
373 4444.8609341
374 4445.91048804
375 4446.36029687
376 4446.66016943
377 4447.10997826
378 4447.70972337
379 4447.85965964
380 4448.30946848
381 4449.20908614
382 4449.95876752
383 4450.40857636
384 4450.55851263
385 4451.45813029
386 4451.90793913
387 4453.4073019
388 4453.55723817
389 4454.15698328
390 4454.60679211
391 4455.05660094
392 4455.80628233
393 4456.10615488
394 4457.15570882
395 4457.60551765
396 4458.35519904
397 4459.2548167
398 4459.40475298
399 4460.45430692
400 4461.65379714
401 4467.65124822
402 4476.19761601
403 4479.49621411
404 4511.73251368
405 4517.28015593
406 4521.32843541
407 4524.62703351
408 4527.47582278
409 4529.2750581
410 4530.92435715
411 4531.97391109
412 4532.87352875
413 4534.22295524
414 4535.12257291
415 4536.4719994
416 4537.22168079
417 4538.421171
418 4539.32078866
419 4539.92053377
420 4541.12002399
421 4542.31951421
422 4544.26868581
423 4545.01836719
424 4546.51772996
425 4548.01709274
426 4549.51645551
427 4551.01581828
428 4555.36397031
429 4559.26231352
430 4561.81123023
431 4579.95351975
432 4582.50243646
433 4584.9014169
434 4588.20001499
435 4590.1491866
436 4591.94842192
437 4593.29784841
438 4594.79721119
439 4596.14663768
440 4597.79593673
441 4599.14536322
442 4600.64472599
443 4601.84421621
444 4603.1936427
445 4604.69300547
446 4605.1428143
447 4606.94204963
448 4608.29147612
449 4609.49096634
450 4611.44013794
451 4612.18981933
452 4613.83911837
453 4614.88867231
454 4616.08816253
455 4616.83784392
456 4617.88739786
457 4618.33720669
458 4619.68663318
459 4621.03605967
460 4623.13516755
461 4624.18472149
462 4625.53414799
463 4626.43376565
464 4627.78319214
465 4629.73236375
466 4631.9814079
467 4633.78064323
468 4635.42994227
469 4636.47949621
470 4637.97885898
471 4639.32828548
472 4639.92803059
473 4640.97758453
474 4641.42739336
475 4642.92675613
476 4644.57605518
477 4646.22535422
478 4646.82509933
479 4647.42484444
480 4648.17452583
481 4648.92420721
482 4649.52395232
483 4651.17325137
484 4652.07286903
485 4653.12242297
486 4654.47184946
487 4655.07159457
488 4655.82127596
489 4657.17070245
490 4657.32063873
491 4657.92038384
492 4658.52012895
493 4659.11987405
494 4661.51885449
495 4664.66751631
496 4667.21643302
497 4695.25451683
498 4698.40317865
499 4702.0016493
500 4705.60011995
501 4707.69922783
502 4707.99910038
503 4709.1985906
504 4710.69795337
505 4711.44763476
506 4712.94699753
507 4713.99655147
508 4714.74623285
509 4715.64585051
510 4716.24559562
511 4717.14521328
512 4717.89489467
513 4718.49463978
514 4719.54419372
515 4719.99400255
516 4720.59374766
517 4721.04355649
518 4721.94317415
519 4722.54291926
520 4722.69285554
521 4722.69285554
522 4723.5924732
523 4724.34215458
524 4724.94189969
525 4725.5416448
526 4725.99145363
527 4726.89107129
528 4727.19094385
529 4727.64075268
530 4728.39043407
531 4728.99017917
532 4729.73986056
533 4730.03973311
534 4730.48954194
535 4730.63947822
536 4730.93935078
537 4731.83896844
538 4732.43871355
539 4732.88852238
540 4733.78814004
541 4734.08801259
542 4734.38788515
543 4735.13756653
544 4735.88724792
545 4737.83641952
546 4739.48571857
547 4741.884699
548 4744.13374316
549 4747.1324687
550 4749.23157658
551 4753.27985606
552 4755.97870905
553 4759.5771797
554 4761.37641502
555 4764.8249494
556 4766.47424844
557 4768.57335632
558 4770.37259165
559 4772.17182697
560 4774.27093485
561 4775.47042507
562 4776.81985156
563 4778.01934178
564 4779.06889572
565 4779.51870455
566 4780.86813104
567 4781.46787615
568 4782.66736637
569 4784.16672914
570 4785.81602819
571 4787.46532724
572 4788.81475373
573 4790.3141165
574 4790.76392533
575 4792.71309693
576 4794.06252343
577 4795.71182248
578 4796.91131269
579 4798.26073919
580 4798.86048429
581 4799.4602294
582 4800.50978334
583 4801.55933728
584 4811.45513157
585 4815.65334733
586 4817.75245521
587 4848.48939201
588 4857.33563236
589 4861.68378439
590 4864.2327011
591 4866.1818727
592 4869.18059825
593 4871.4296424
594 4873.07894145
595 4875.32798561
596 4875.62785816
597 4876.97728465
598 4877.72696604
599 4879.07639253
600 4880.27588275
601 4881.32543669
602 4882.22505435
603 4883.27460829
604 4884.17422595
605 4885.22377989
606 4886.57320639
607 4887.47282405
608 4888.52237799
609 4889.87180448
610 4890.32161331
611 4891.37116725
612 4891.97091236
613 4893.32033886
614 4894.51982907
615 4896.01919184
616 4897.06874578
617 4897.81842717
618 4898.86798111
619 4899.16785366
620 4900.2174076
621 4900.51728016
622 4902.01664293
623 4902.91626059
624 4903.66594197
625 4903.96581453
626 4904.86543219
627 4905.61511358
628 4906.81460379
629 4907.56428518
630 4908.31396656
631 4908.91371167
632 4909.21358423
633 4909.96326561
634 4910.56301072
635 4910.86288327
636 4911.31269211
637 4912.21230977
638 4913.26186371
639 4914.01154509
640 4914.31141765
641 4914.91116276
642 4917.01027063
643 4924.20721193
644 4925.40670215
645 4930.65447185
646 4955.54389385
647 4959.29230077
648 4961.54134493
649 4963.34058025
650 4966.48924207
651 4967.98860484
652 4970.68745783
653 4971.88694805
654 4973.08643826
655 4973.98605593
656 4975.03560987
657 4976.23510008
658 4977.13471774
659 4978.78401679
660 4979.68363446
661 4981.93267861
662 4984.18172277
663 4986.13089437
664 4987.03051203
665 4988.08006597
666 4990.77891896
667 4992.42821801
668 4993.62770822
669 4994.37738961
670 4995.57687983
671 4996.62643377
672 4997.52605143
673 4998.87547792
674 4999.17535048
675 5000.67471325
676 5000.9745858
677 5001.42439463
678 5002.17407602
679 5002.9237574
680 5003.67343879
681 5004.12324762
682 5004.87292901
683 5005.17280156
684 5005.32273784
685 5005.62261039
686 5007.27190944
687 5008.1715271
688 5008.47139966
689 5009.67088987
690 5010.87038009
691 5011.91993403
692 5012.66961541
693 5013.11942424
694 5013.71916935
695 5014.16897818
696 5014.76872329
697 5015.66834096
698 5016.56795862
699 5017.31764
700 5018.51713022
701 5018.81700277
702 5019.56668416
703 5020.6162381
704 5021.66579204
705 5022.26553715
706 5023.16515481
707 5024.06477247
708 5024.81445386
709 5025.26426269
710 5026.01394407
711 5026.61368918
712 5027.36337057
713 5027.36337057
714 5027.66324312
715 5028.26298823
716 5028.71279706
717 5029.46247845
718 5029.91228728
719 5030.66196866
720 5031.11177749
721 5032.31126771
722 5033.0609491
723 5033.81063048
724 5034.26043931
725 5035.75980208
726 5036.9592923
727 5037.85890996
728 5039.05840018
729 5040.8576355
730 5042.05712572
731 5043.10667966
732 5044.45610615
733 5045.80553265
734 5046.70515031
735 5047.75470425
736 5048.20451308
737 5049.55393958
738 5050.30362096
739 5051.05330235
740 5051.3531749
741 5051.80298373
742 5051.95292001
743 5052.40272884
744 5052.55266512
745 5053.00247395
746 5053.60221906
747 5054.20196417
748 5055.10158183
749 5055.85126321
750 5056.30107204
751 5056.90081715
752 5057.50056226
753 5058.84998875
754 5059.89954269
755 5060.94909663
756 5061.54884174
757 5062.14858685
758 5062.89826824
759 5063.64794962
760 5064.54756728
761 5065.7470575
762 5066.19686633
763 5066.64667516
764 5066.94654772
765 5067.84616538
766 5068.89571932
767 5069.19559187
768 5070.69495464
769 5071.59457231
770 5072.79406252
771 5074.29342529
772 5075.04310668
773 5075.34297923
774 5075.79278807
775 5077.29215084
776 5078.49164105
777 5078.94144988
778 5080.1409401
779 5080.74068521
780 5081.79023915
781 5082.38998426
782 5082.98972937
783 5083.4395382
784 5084.18921958
785 5084.78896469
786 5085.08883724
787 5086.43826374
788 5088.08756279
789 5089.43698928
790 5091.08628833
791 5092.28577854
792 5094.5348227
793 5095.58437664
794 5096.93380313
795 5097.53354824
796 5098.58310218
797 5100.38233751
798 5101.28195517
799 5102.93125422
800 5104.43061699
801 5105.48017093
802 5106.82959742
803 5391.85846015
804 5796.08666317
805 5920.8336457
806 6052.47769698
807 7198.14079016
808 8497.33863108
809 8694.50483544
810 8952.24529575
811 9051.05330235
812 9139.81557838
813 9245.37071745
814 9306.24484594
815 9343.27910638
816 9376.86483245
817 9408.80125946
818 9431.59157358
819 9450.78341705
820 9463.67793688
821 9477.02226554
822 9490.81640303
823 9507.15945723
824 9517.95486918
825 9528.45040858
826 9539.99550191
827 9550.19116875
828 9557.68798261
829 9562.3360072
830 9567.13396806
831 9569.68288477
832 9573.28135542
833 9577.02976235
834 9580.77816928
835 9583.02721343
836 9585.57613014
837 9588.57485569
838 9592.32326261
839 9596.52147837
840 9600.2698853
841 9604.1682285
842 9608.81625309
843 9613.76415024
844 9618.86198366
845 9626.05892496
846 9630.55701327
847 9633.85561137
848 9638.2037634
849 9640.90261639
850 9645.4007047
851 9648.09955769
852 9651.39815578
853 9653.79713622
854 9657.39560687
855 9660.99407752
856 9663.24312167
857 9666.69165605
858 9669.09063648
859 9671.78948947
860 9675.08808756
861 9678.0868131
862 9681.98515631
863 9684.98388185
864 9688.13254367
865 9690.83139666
866 9693.08044081
867 9694.27993103
868 9696.37903891
869 9698.32821051
870 9699.22782817
871 9700.12744584
872 9701.17699978
873 9701.47687233
874 9701.92668116
875 9702.37648999
876 9702.82629882
877 9703.87585276
878 9704.32566159
879 9705.22527926
880 9706.12489692
881 9706.8745783
882 9707.02451458
883 9707.17445086
884 9708.07406852
885 9708.37394108
886 9708.82374991
887 9709.42349501
888 9709.72336757
889 9710.02324012
890 9710.1731764
891 9710.32311268
892 9710.47304895
893 9710.92285779
894 9710.92285779
895 9711.37266662
896 9711.82247545
897 9712.122348
898 9712.72209311
899 9712.87202939
900 9713.02196566
901 9713.77164705
902 9713.92158333
903 9714.82120099
904 9715.4209461
905 9715.57088237
906 9716.02069121
907 9716.32056376
908 9716.62043631
909 9716.62043631
910 9716.77037259
911 9717.07024515
912 9717.66999025
913 9718.11979909
914 9718.71954419
915 9719.16935302
916 9719.61916186
917 9720.21890696
918 9720.81865207
919 9720.96858835
920 9721.2684609
921 9721.86820601
922 9722.46795112
923 9722.76782367
924 9723.06769623
925 9723.51750506
926 9723.81737761
927 9724.26718645
928 9724.71699528
929 9725.31674039
930 9726.06642177
931 9726.21635805
932 9726.36629432
933 9726.66616688
934 9727.41584826
935 9727.56578454
936 9728.16552965
937 9728.4654022
938 9729.06514731
939 9729.06514731
940 9729.51495614
941 9730.11470125
942 9730.26463753
943 9730.71444636
944 9731.16425519
945 9731.46412775
946 9732.36374541
947 9732.81355424
948 9732.81355424
949 9733.41329935
950 9734.01304446
951 9734.31291701
952 9734.76272584
953 9735.36247095
954 9735.36247095
955 9735.81227978
956 9736.26208861
957 9736.41202489
958 9736.71189744
959 9736.71189744
960 9736.86183372
961 9737.01177
962 9737.46157883
963 9737.61151511
964 9738.36119649
965 9738.81100532
966 9739.56068671
967 9739.86055926
968 9740.16043182
969 9740.31036809
970 9740.9101132
971 9741.20998576
972 9742.10960342
973 9742.55941225
974 9742.70934853
975 9742.8592848
976 9743.15915736
977 9743.75890247
978 9744.2087113
979 9744.80845641
980 9745.25826524
981 9745.70807407
982 9745.85801035
983 9746.45775545
984 9746.90756429
985 9746.90756429
986 9747.35737312
987 9747.50730939
988 9748.1070545
989 9748.40692706
990 9748.40692706
991 9748.85673589
992 9749.00667216
993 9749.15660844
994 9749.15660844
995 9749.456481
996 9749.90628983
997 9750.20616238
998 9750.35609866
999 9750.65597121
1000 9750.95584377
1001 9751.55558887
1002 9751.85546143
1003 9752.15533398
1004 9752.60514281
1005 9753.05495165
1006 9753.3548242
1007 9753.3548242
1008 9753.95456931
1009 9754.25444186
1010 9754.40437814
1011 9754.70425069
1012 9755.3039958
1013 9755.90374091
1014 9756.20361346
1015 9756.20361346
1016 9756.50348602
1017 9756.80335857
1018 9757.40310368
1019 9757.55303996
1020 9757.70297624
1021 9758.30272134
1022 9758.45265762
1023 9759.05240273
1024 9759.65214784
1025 9760.10195667
1026 9760.5517655
1027 9760.70170178
1028 9760.70170178
1029 9761.15151061
1030 9761.60131944
1031 9762.05112827
1032 9762.65087338
1033 9763.40055476
1034 9763.8503636
1035 9764.00029987
1036 9764.15023615
1037 9764.30017243
1038 9764.60004498
1039 9765.64959892
1040 9765.7995352
1041 9766.69915286
1042 9767.29889797
1043 9768.64832446
1044 9768.94819702
1045 9769.99775096
1046 9770.59749606
1047 9771.49711373
1048 9772.69660394
1049 9773.44628533
1050 9773.89609416
1051 9774.64577555
1052 9775.39545693
1053 9776.44501087
1054 9776.8948197
1055 9777.04475598
1056 9777.34462853
1057 9777.79443736
1058 9778.2442462
1059 9778.69405503
1060 9779.59367269
1061 9780.1934178
1062 9780.94309918
1063 9781.54284429
1064 9781.54284429
1065 9782.44246195
1066 9782.74233451
1067 9783.34207962
1068 9783.79188845
1069 9785.4411875
1070 9786.19086888
1071 9786.94055027
1072 9787.69023165
1073 9787.84016793
1074 9788.28997676
1075 9788.58984931
1076 9789.18959442
1077 9789.93927581
1078 9791.13876602
1079 9791.73851113
1080 9793.2378739
1081 9793.83761901
1082 9795.03710923
1083 9795.78679061
1084 9796.68640828
1085 9797.73596222
1086 9798.4856436
1087 9799.98500637
1088 9800.88462403
1089 9802.08411425
1090 9802.53392308
1091 9802.83379564
1092 9803.7334133
1093 9804.48309468
1094 9805.38271235
1095 9806.43226629
1096 9807.6317565
1097 9809.13111927
1098 9810.63048205
1099 9811.23022715
1100 9811.82997226
1101 9813.02946248
1102 9813.62920759
1103 9815.12857036
1104 9816.02818802
1105 9817.67748707
1106 9818.1272959
1107 9819.77659495
1108 9820.82614889
1109 9821.72576655
1110 9822.62538421
1111 9823.82487443
1112 9825.62410975
1113 9826.52372742
1114 9828.17302646
1115 9829.2225804
1116 9831.02181573
1117 9831.47162456
1118 9831.92143339
1119 9832.5211785
1120 9834.02054127
1121 9834.77022266
1122 9835.51990404
1123 9836.71939426
1124 9837.7689482
1125 9838.06882075
1126 9838.96843841
1127 9840.46780118
1128 9841.36741885
1129 9842.86678162
1130 9843.91633556
1131 9845.26576205
1132 9846.46525227
1133 9847.21493365
1134 9847.81467876
1135 9848.71429642
1136 9849.61391409
1137 9850.96334058
1138 9851.56308569
1139 9851.86295824
1140 9852.76257591
1141 9854.1120024
1142 9855.31149262
1143 9856.21111028
1144 9857.41060049
1145 9858.16028188
1146 9859.05989954
1147 9860.55926231
1148 9861.15900742
1149 9861.90868881
1150 9863.40805158
1151 9864.45760552
1152 9865.2072869
1153 9866.40677712
1154 9868.05607617
1155 9869.25556638
1156 9870.60499288
1157 9871.05480171
1158 9872.70410076
1159 9873.7536547
1160 9874.95314491
1161 9875.55289002
1162 9877.05225279
1163 9877.95187046
1164 9879.15136067
1165 9879.90104206
1166 9880.50078717
1167 9881.25046855
1168 9882.30002249
1169 9883.64944898
1170 9884.24919409
1171 9884.69900292
1172 9886.19836569
1173 9887.39785591
1174 9887.99760102
1175 9889.19709124
1176 9890.24664518
1177 9891.14626284
1178 9892.19581678
1179 9893.69517955
1180 9895.04460604
1181 9896.24409626
1182 9897.89339531
1183 9898.79301297
1184 9899.69263063
1185 9900.44231202
1186 9902.09161107
1187 9902.5414199
1188 9903.74091011
1189 9904.4905915
1190 9905.98995427
1191 9907.48931704
1192 9908.53887098
1193 9909.88829747
1194 9910.48804258
1195 9911.23772397
1196 9912.43721418
1197 9914.38638579
1198 9915.28600345
1199 9915.88574856
1200 9917.08523877
1201 9918.58460154
1202 9919.93402804
1203 9920.23390059
1204 9922.03313592
1205 9922.93275358
1206 9924.1322438
1207 9925.18179774
1208 9925.93147912
1209 9926.98103306
1210 9928.18052328
1211 9929.08014094
1212 9929.67988605
1213 9931.02931254
1214 9933.2783567
1215 9935.07759202
1216 9935.97720969
1217 9937.1766999
1218 9937.92638129
1219 9938.97593523
1220 9940.02548917
1221 9941.22497938
1222 9943.17415099
1223 9944.07376865
1224 9945.27325886
1225 9946.17287653
1226 9947.82217558
1227 9948.27198441
1228 9949.17160207
1229 9949.92128345
1230 9951.12077367
1231 9951.87045506
1232 9953.21988155
1233 9954.11949921
1234 9954.8691806
1235 9955.46892571
1236 9955.91873454
1237 9956.36854337
1238 9956.66841592
1239 9957.86790614
1240 9958.61758753
1241 9959.21733263
1242 9960.56675913
1243 9961.16650424
1244 9961.91618562
1245 9962.51593073
1246 9963.26561211
1247 9964.0152935
1248 9965.36471999
1249 9965.66459255
1250 9966.71414649
1251 9967.76370043
1252 9968.36344554
1253 9968.81325437
1254 9969.11312692
1255 9969.71287203
1256 9970.16268086
1257 9970.91236225
1258 9971.51210735
1259 9971.96191619
1260 9972.56166129
1261 9973.01147013
1262 9973.76115151
1263 9974.06102406
1264 9974.66076917
1265 9974.96064173
1266 9975.110578
1267 9975.56038684
1268 9976.4600045
1269 9977.35962216
1270 9977.80943099
1271 9977.80943099
1272 9978.4091761
1273 9978.85898493
1274 9979.00892121
1275 9979.45873004
1276 9979.90853887
1277 9980.3583477
1278 9980.95809281
1279 9981.10802909
1280 9981.7077742
1281 9982.00764675
1282 9982.75732814
1283 9982.90726441
1284 9983.50700952
1285 9983.80688208
1286 9984.40662718
1287 9985.00637229
1288 9985.6061174
1289 9985.75605368
1290 9986.20586251
1291 9986.50573506
1292 9986.95554389
1293 9987.40535273
1294 9987.70522528
1295 9988.30497039
1296 9988.60484294
1297 9988.60484294
1298 9988.9047155
1299 9989.05465177
1300 9989.05465177
1301 9989.35452433
1302 9989.80433316
1303 9989.95426944
1304 9990.40407827
1305 9990.70395082
1306 9991.15375965
1307 9991.30369593
1308 9991.75350476
1309 9991.90344104
1310 9992.20331359
1311 9992.35324987
1312 9992.65312242
1313 9992.8030587
1314 9993.25286753
1315 9993.25286753
1316 9993.55274009
1317 9994.00254892
1318 9994.00254892
1319 9994.15248519
1320 9994.30242147
1321 9994.30242147
1322 9994.30242147
1323 9994.30242147
1324 9994.45235775
1325 9994.60229403
1326 9994.60229403
1327 9994.60229403
1328 9994.7522303
1329 9994.7522303
1330 9994.7522303
1331 9994.90216658
1332 9995.20203913
1333 9995.35197541
1334 9995.35197541
1335 9995.35197541
1336 9995.50191169
1337 9995.50191169
1338 9995.50191169
1339 9995.95172052
1340 9995.95172052
1341 9995.95172052
1342 9996.1016568
1343 9996.25159307
1344 9996.40152935
1345 9996.40152935
1346 9996.55146563
1347 9996.55146563
1348 9996.7014019
1349 9996.85133818
1350 9996.85133818
1351 9996.85133818
1352 9996.85133818
1353 9996.85133818
1354 9997.00127446
1355 9997.00127446
1356 9997.00127446
1357 9997.15121074
1358 9997.30114701
1359 9997.30114701
1360 9997.30114701
1361 9997.45108329
1362 9997.60101957
1363 9997.60101957
1364 9997.75095584
1365 9997.75095584
1366 9997.75095584
1367 9997.75095584
1368 9997.90089212
1369 9997.90089212
1370 9997.90089212
1371 9998.0508284
1372 9998.20076467
1373 9998.20076467
1374 9998.20076467
1375 9998.20076467
1376 9998.50063723
1377 9998.50063723
1378 9998.50063723
1379 9998.65057351
1380 9998.65057351
1381 9998.65057351
1382 9998.65057351
1383 9998.65057351
1384 9998.65057351
1385 9998.65057351
1386 9998.80050978
1387 9998.80050978
1388 9998.80050978
1389 9998.80050978
1390 9998.80050978
1391 9998.80050978
1392 9998.80050978
1393 9998.80050978
1394 9998.95044606
1395 9998.95044606
1396 9998.95044606
1397 9999.10038234
1398 9999.10038234
1399 9999.25031861
1400 9999.25031861
1401 9999.25031861
1402 9999.25031861
1403 9999.25031861
1404 9999.25031861
1405 9999.25031861
1406 9999.25031861
1407 9999.25031861
1408 9999.25031861
1409 9999.40025489
1410 9999.55019117
1411 9999.55019117
1412 9999.55019117
1413 9999.55019117
1414 9999.55019117
1415 9999.55019117
1416 9999.55019117
1417 9999.55019117
1418 9999.70012745
1419 9999.70012745
1420 9999.70012745
1421 9999.70012745
1422 9999.70012745
1423 9999.70012745
1424 9999.70012745
1425 9999.70012745
1426 9999.70012745
1427 9999.70012745
1429 9999.85006372
1430 9999.85006372
1431 9999.85006372
1432 9999.85006372
1433 9999.85006372
1434 10000.0
1435 10000.0
1436 10000.0
1437 10000.0
1438 10000.0
1439 10000.0
1440 10000.0
1441 10000.0
1442 10000.0
1443 10000.0
1501 10000.0
