0 0.0
1 0.0
2 0.0
3 0.0
4 0.0
5 0.0
6 0.0
7 0.0
8 0.0
61 0.0621039211529
62 0.567807279112
63 1.6945498486
64 5.17236943316
65 14.3193898201
66 33.1368779294
67 61.7224256372
68 88.0722321835
69 128.839020426
70 177.164743072
71 209.920125485
72 235.125445485
73 254.892236389
74 270.391600711
75 282.058265899
76 290.868150714
77 297.575374198
78 302.845335508
79 307.999960963
80 312.311747489
81 316.454966229
82 320.607056957
83 324.146980463
84 327.713519935
85 330.925179857
86 334.269919611
87 337.85420306
88 341.651414239
89 345.377649509
90 349.103884778
91 352.102616971
92 354.586773817
93 357.532274077
94 359.768015239
95 361.755340715
96 363.467634541
97 364.958128649
98 366.484110712
99 367.992348797
100 369.243299209
101 370.556353542
102 372.046847649
103 373.44862187
104 374.894756034
105 376.340890198
106 377.72492044
107 379.268646481
108 380.785756554
109 381.947987079
110 382.968265783
111 383.819976702
112 384.653943643
113 385.541142517
114 386.197669683
115 386.85419685
116 387.475236061
117 388.25597107
118 389.258505797
119 390.50058422
120 391.503118948
121 392.204006058
122 392.869405213
123 393.517060391
124 394.253435456
125 395.060786431
126 395.797161496
127 396.515792584
128 397.074727874
129 397.562687254
130 398.01515868
131 398.529734027
132 398.884613576
133 399.461292844
134 399.975868191
135 400.712243256
136 401.155842693
137 401.599442129
138 402.140633442
139 402.672952766
140 403.506919708
141 404.065854998
142 404.553814378
143 404.997413815
144 405.494245185
145 405.822508768
146 406.328212126
147 406.754067585
148 407.206539011
149 407.738858335
150 408.217945726
151 408.61718522
152 409.087400623
153 409.397920228
154 409.601975969
155 409.939111541
156 410.178655237
157 410.462558877
158 410.773078482
159 411.021494167
160 411.411861672
161 411.660277356
162 411.926437018
163 412.228084635
164 412.662812083
165 413.159643453
166 413.683090788
167 414.16217818
168 414.632393583
169 415.138096941
170 415.661544276
171 416.282583488
172 417.03670253
173 417.515789922
174 418.074725212
175 418.615916525
176 419.024028007
177 419.35229159
178 419.618451252
179 419.920098869
180 420.186258532
181 420.496778137
182 420.745193822
183 420.96699354
184 421.188793259
185 421.383977011
186 421.588032752
187 421.827576448
188 422.013888211
189 422.23568793
190 422.58169549
191 422.759135265
192 422.945447028
193 423.184990724
194 423.380174477
195 423.601974195
196 423.761669992
197 423.947981756
198 424.231885395
199 424.453685114
200 424.657740855
201 424.799692674
202 425.030364381
203 425.332011998
204 425.589299672
205 425.81109939
206 426.086131041
207 426.307930759
208 426.636194343
209 427.017689858
210 427.319337475
211 427.665345036
212 428.215408338
213 428.756599651
214 429.235687042
215 429.803494321
216 430.326941657
217 430.885876947
218 431.453684226
219 432.083595427
220 432.802226514
221 433.724913343
222 434.949247788
223 435.987270471
224 436.838981389
225 437.548740488
226 438.018955891
227 438.533531238
228 438.897282776
229 439.163442438
230 439.411858123
231 439.695761762
232 440.015153357
233 440.316800974
234 440.653936546
235 440.937840185
236 441.212871836
237 441.443543543
238 441.665343262
239 441.904886958
240 442.108942698
241 442.419462304
242 442.605774068
243 442.756597876
244 443.022757538
245 443.191325324
246 443.404253054
247 443.492972941
248 443.599436806
249 443.794620558
250 443.927700389
251 444.025292265
252 444.167244085
253 444.389043804
254 444.593099545
255 444.947979094
256 445.2584987
257 445.755330069
258 446.323137348
259 447.148232301
260 448.257230893
261 449.88967682
262 451.601970646
263 454.219207323
264 456.818700023
265 460.580423247
266 463.685619305
267 466.95051116
268 469.851651476
269 473.258495151
270 478.244552821
271 482.219203774
272 487.293981332
273 493.655197255
274 501.498035298
275 508.089922929
276 515.968248927
277 523.917550834
278 531.902340697
279 541.484088532
280 548.226799971
281 554.437192087
282 559.165962083
283 563.451132642
284 566.760384441
285 570.06963624
286 572.181169559
287 575.073437887
288 577.282563082
289 579.411840379
290 581.620965574
291 583.395363321
292 585.799672269
293 587.236934444
294 589.073436112
295 590.297770558
296 591.832624609
297 593.083575021
298 594.059493782
299 595.203980329
300 595.993587327
301 597.031610009
302 597.688137175
303 598.601952015
304 599.187503272
305 599.861774415
306 600.32311783
307 600.95302903
308 601.476476365
309 601.920075802
310 602.328187284
311 602.754042743
312 603.05569036
313 603.499289797
314 603.854169347
315 604.164688953
316 604.510696513
317 604.856704074
318 605.122863736
319 605.380151409
320 605.646311071
321 606.018934598
322 606.311710227
323 606.551253923
324 606.764181652
325 606.977109382
326 607.26988501
327 607.48281274
328 607.695740469
329 607.953028143
330 608.201443827
331 608.378883602
332 608.600683321
333 608.822483039
334 609.017666791
335 609.1684906
336 609.372546341
337 609.523370149
338 609.709681913
339 609.975841575
340 610.162153338
341 610.312977147
342 610.525904876
343 610.729960617
344 610.925144369
345 611.191304032
346 611.395359772
347 611.697007389
348 611.892191142
349 612.149478815
350 612.32691859
351 612.459998421
352 612.74390206
353 612.965701779
354 613.214117463
355 613.382685249
356 613.604484968
357 613.835156675
358 614.083572359
359 614.314244067
360 614.527171796
361 614.695739582
362 614.882051346
363 615.121595042
364 615.263546861
365 615.511962546
366 615.645042377
367 615.831354141
368 616.008793915
369 616.159617724
370 616.345929487
371 616.532241251
372 616.727425003
373 616.895992789
374 617.002456654
375 617.206512395
376 617.312976259
377 617.44605609
378 617.570263933
379 617.685599786
380 617.845295584
381 617.969503426
382 618.217919111
383 618.342126953
384 618.413102863
385 618.617158604
386 618.78572639
387 618.936550198
388 619.096245995
389 619.193837872
390 619.318045714
391 619.504357477
392 619.619693331
393 619.726157196
394 619.921340948
395 620.143140666
396 620.320580441
397 620.427044306
398 620.604484081
399 620.773051867
400 620.906131698
401 621.039211529
402 621.154547382
403 621.287627213
404 621.465066988
405 621.704610684
406 621.837690515
407 622.094978188
408 622.281289952
409 622.423241771
410 622.485345693
411 622.618425524
412 622.78699331
413 622.893457174
414 623.008793028
415 623.168488825
416 623.310440645
417 623.443520476
418 623.603216273
419 623.691936161
420 623.83388798
421 624.011327755
422 624.179895541
423 624.295231395
424 624.419439237
425 624.552519068
426 624.650110944
427 624.800934753
428 624.934014584
429 625.022734471
430 625.120326347
431 625.262278167
432 625.395357998
433 625.501821863
434 625.59054175
435 625.73249357
436 625.901061356
437 626.01639721
438 626.193836984
439 626.282556872
440 626.415636703
441 626.593076477
442 626.699540342
443 626.797132218
444 626.912468072
445 627.010059948
446 627.098779835
447 627.2052437
448 627.373811486
449 627.427043419
450 627.56012325
451 627.684331092
452 627.808538934
453 627.90613081
454 628.012594675
455 628.163418484
456 628.287626326
457 628.447322123
458 628.624761898
459 628.74896974
460 628.855433605
461 628.96189747
462 629.050617357
463 629.139337245
464 629.307905031
465 629.440984862
466 629.556320715
467 629.769248445
468 629.857968332
469 629.964432197
470 630.070896062
471 630.132999983
472 630.248335837
473 630.425775611
474 630.541111465
475 630.656447319
476 630.754039195
477 630.922606981
478 631.055686812
479 631.13553471
480 631.286358519
481 631.375078406
482 631.517030226
483 631.623494091
484 631.685598012
485 631.792061877
486 631.90739773
487 632.004989606
488 632.111453471
489 632.217917336
490 632.342125178
491 632.457461032
492 632.608284841
493 632.705876717
494 632.856700525
495 632.980908367
496 633.078500244
497 633.167220131
498 633.282555984
499 633.397891838
500 633.539843658
501 633.637435534
502 633.752771387
503 633.912467185
504 633.992315083
505 634.107650937
506 634.231858779
507 634.36493861
508 634.489146453
509 634.613354295
510 634.746434126
511 634.897257934
512 635.012593788
513 635.172289585
514 635.252137484
515 635.402961292
516 635.509425157
517 635.633633
518 635.784456808
519 635.890920673
520 636.032872493
521 636.183696301
522 636.33452011
523 636.467599941
524 636.574063806
525 636.662783693
526 636.849095456
527 636.937815344
528 637.10638313
529 637.230590972
530 637.328182848
531 637.541110578
532 637.656446431
533 637.842758195
534 637.931478082
535 637.993582003
536 638.117789846
537 638.233125699
538 638.348461553
539 638.454925418
540 638.632365192
541 638.747701046
542 638.889652866
543 639.031604685
544 639.155812528
545 639.253404404
546 639.430844179
547 639.519564066
548 639.643771908
549 639.794595717
550 639.90993157
551 640.113987311
552 640.273683109
553 640.389018962
554 640.504354816
555 640.655178624
556 640.788258455
557 640.96569823
558 641.17862596
559 641.356065734
560 641.639969374
561 641.861769092
562 642.083568811
563 642.36747245
564 642.562656202
565 642.864303819
566 643.201439391
567 643.662782806
568 644.070894288
569 644.585469634
570 645.197636857
571 645.80980408
572 646.528435167
573 647.238194266
574 648.12539314
575 648.915000138
576 650.130462594
577 651.345925051
578 652.508155576
579 653.856697864
580 655.160880208
581 656.988509887
582 658.895987466
583 660.856696976
584 663.056950183
585 665.514491063
586 668.193831661
587 670.864300271
588 673.863032463
589 676.817404713
590 680.20650441
591 684.048075533
592 687.916262622
593 691.908657553
594 696.051876293
595 700.390278785
596 705.296488556
597 710.486601966
598 715.676715377
599 720.716004979
600 726.243253962
601 732.231846358
602 737.963151082
603 744.004975411
604 749.718536157
605 756.532223507
606 763.24831898
607 770.159598205
608 777.301549138
609 784.328164217
610 791.895970609
611 799.064537508
612 806.499264069
613 813.809782787
614 821.217893382
615 828.936523582
616 836.947929411
617 844.950463251
618 853.192540787
619 861.266050537
620 869.321816309
621 877.279990205
622 885.823715358
623 894.51826432
624 903.088605439
625 911.437146839
626 920.220415688
627 929.793291534
628 939.641199032
629 949.462490562
630 958.857926634
631 969.318001354
632 979.467556468
633 990.797086084
634 1001.84271206
635 1012.93269798
636 1024.29771555
637 1036.23941239
638 1048.99733219
639 1061.64878813
640 1074.37121998
641 1087.86551485
642 1101.80340915
643 1115.85663931
644 1130.93902016
645 1145.54231362
646 1161.03280595
647 1177.25080136
648 1194.07209201
649 1211.50554987
650 1228.97449569
651 1246.10630594
652 1265.1988257
653 1283.93646591
654 1303.33063329
655 1322.47638498
656 1340.96560951
657 1361.04292002
658 1380.41047143
659 1399.92884665
660 1419.2697821
661 1437.5372069
662 1457.01122218
663 1476.98206882
664 1496.2165404
665 1515.50424392
666 1533.1595015
667 1553.37876383
668 1571.77926847
669 1589.83376555
670 1608.34073405
671 1625.90727175
672 1642.92374614
673 1660.21525219
674 1677.89712574
675 1693.88444944
676 1710.21778071
677 1726.08089657
678 1741.66010879
679 1757.45224874
680 1772.55237357
681 1786.30395611
682 1800.14425854
683 1814.2684646
684 1827.72727152
685 1841.91358151
686 1854.89330103
687 1867.26972531
688 1879.98328517
689 1892.26211758
690 1903.91991078
691 1915.72852779
692 1926.45476217
693 1938.06819543
694 1949.32674913
695 1960.23929528
696 1970.79696188
697 1981.31026853
698 1991.76147126
699 2002.56755354
700 2012.70823667
701 2022.78681587
702 2032.19112393
703 2041.18732051
704 2050.9642521
705 2060.12014447
706 2069.19618895
707 2078.09479365
708 2086.93129443
709 2095.76779521
710 2104.45347219
711 2113.28110098
712 2121.7715942
713 2129.87171991
714 2138.42431706
715 2146.40023493
716 2154.34953684
717 2162.47627852
718 2169.96423701
719 2178.36601035
720 2186.20884839
721 2194.34446206
722 2202.24940402
723 2210.03901013
724 2217.53584062
725 2224.94395121
726 2233.02633295
727 2240.23925979
728 2247.54977851
729 2255.29502468
730 2262.71200726
731 2270.61694922
732 2278.19362761
733 2285.73481803
734 2293.19616056
735 2300.42683138
736 2307.817198
737 2314.95914893
738 2321.77283628
739 2329.0035071
740 2336.0123782
741 2342.99463333
742 2350.33176802
743 2356.93252764
744 2364.00350266
745 2370.95914183
746 2378.0744768
747 2384.74621233
748 2391.75508343
749 2398.68410663
750 2405.42681807
751 2412.12516957
752 2419.22276055
753 2426.05419188
754 2432.09601621
755 2438.77662373
756 2445.70564693
757 2453.00729366
758 2459.46610146
759 2465.98701318
760 2472.85393246
761 2479.78295567
762 2486.69423489
763 2493.3038665
764 2499.91349811
765 2506.48764176
766 2513.43440894
767 2520.43440806
768 2527.33681529
769 2533.58269536
770 2539.90842333
771 2546.04783954
772 2552.48003137
773 2559.24935878
774 2565.68155061
775 2572.21133432
776 2578.50157433
777 2585.34187765
778 2591.75632551
779 2598.23287728
780 2604.54086127
781 2611.02628504
782 2617.2810371
783 2623.8995407
784 2630.85517987
785 2637.06557198
786 2643.56873973
787 2649.97431559
788 2656.28229958
789 2662.83869926
790 2668.64097989
791 2675.51677116
792 2682.27722658
793 2688.99332205
794 2695.8070094
795 2702.04401748
796 2708.55605722
797 2715.47620843
798 2721.91727225
799 2728.53577585
800 2735.03007161
801 2741.32918361
802 2748.01866312
803 2754.45972694
804 2761.3443902
805 2767.77658203
806 2774.42170159
807 2781.2708769
808 2787.80066061
809 2794.55224404
810 2800.9578199
811 2807.11498009
812 2813.50281198
813 2820.29875535
814 2826.72207519
815 2832.85261941
816 2839.45337903
817 2845.87669887
818 2852.16693889
819 2858.98062624
820 2864.75629091
821 2870.83360319
822 2876.91091547
823 2883.9020426
824 2890.2810025
825 2896.90837809
826 2903.41154583
827 2909.87035363
828 2916.44449728
829 2922.94766503
830 2929.15805714
831 2935.48378511
832 2942.04018479
833 2948.03764917
834 2954.29240123
835 2960.72459306
836 2967.26324876
837 2973.63333668
838 2979.92357669
839 2986.35576852
840 2993.01863206
841 2999.39759196
842 3005.68783198
843 3011.92484006
844 3018.22395206
845 3025.00215146
846 3031.28351948
847 3037.31647182
848 3043.73979167
849 3050.0921356
850 3056.81710307
851 3063.15170302
852 3069.12255144
853 3075.66120714
854 3082.32407068
855 3089.0845261
856 3095.47235799
857 3101.6029022
858 3108.16817387
859 3114.37856598
860 3120.9793256
861 3127.25182164
862 3133.37349387
863 3139.75245377
864 3145.94510191
865 3151.90707834
866 3159.09338922
867 3165.11746957
868 3171.48755748
869 3178.31898881
870 3184.98185235
871 3191.68020384
872 3198.20998755
873 3204.79300319
874 3211.0122673
875 3217.52430703
876 3224.11619466
877 3230.83229014
878 3237.36207385
879 3244.23786512
880 3250.50148916
881 3257.33292049
882 3263.54331261
883 3270.01099239
884 3276.8601677
885 3283.29235953
886 3290.37220654
887 3297.15927793
888 3303.49387788
889 3310.14786944
890 3317.0325327
891 3323.95268391
892 3330.72201132
893 3336.82593957
894 3343.63962692
895 3350.37346637
896 3357.31136156
897 3364.00084106
898 3370.29995307
899 3376.75876087
900 3383.68778407
901 3390.78537506
902 3397.3683907
903 3403.65863072
904 3409.8956388
905 3416.93112586
906 3423.9932289
907 3430.44316471
908 3437.17700416
909 3443.79550776
910 3450.8487388
911 3457.83986593
912 3464.60032134
913 3471.31641682
914 3477.92604843
915 3484.44696015
916 3491.4114713
917 3498.40259843
918 3505.2783897
919 3511.75494148
920 3517.99194956
921 3525.08954055
922 3532.40893125
923 3539.79929787
924 3546.84365693
925 3553.64847229
926 3560.45328765
927 3568.15417387
928 3575.36710071
929 3582.7042354
930 3589.56228269
931 3596.89054539
932 3604.22768007
933 3612.06164613
934 3619.43426877
935 3626.60283567
936 3634.8449132
937 3642.54579942
938 3649.86519013
939 3657.47735647
940 3664.89433905
941 3672.9678488
942 3680.69535099
943 3688.55593301
944 3696.19471531
945 3703.34553823
946 3711.19724826
947 3718.88039051
948 3726.82969242
949 3735.28469768
950 3742.96783993
951 3751.12119758
952 3758.9817796
953 3767.11739327
954 3775.29736688
955 3783.25554078
956 3791.14273877
957 3799.29609641
958 3806.95262269
959 3815.08823636
960 3822.99317833
961 3830.79165643
962 3839.18455777
963 3847.96782662
964 3856.45831984
965 3864.34551783
966 3872.4811315
967 3881.33537626
968 3889.40001402
969 3897.70419547
970 3906.05273688
971 3914.04639873
972 3922.15539643
973 3930.65476164
974 3939.17187083
975 3947.52041223
976 3955.51407408
977 3963.69404769
978 3972.24664484
979 3981.2517134
980 3989.49379094
981 3997.53181273
982 4005.85373817
983 4013.90950394
984 4021.84993386
985 4030.57109879
986 4038.50265672
987 4046.94878999
988 4055.26184344
989 4064.1160882
990 4072.91710102
991 4080.79542702
992 4088.5318012
993 4097.08439834
994 4105.63699548
995 4114.34041643
996 4122.85752562
997 4130.88667543
998 4139.43040058
999 4148.09833357
1000 4156.90821839
1001 4165.86005502
1002 4174.13762051
1003 4182.85878544
1004 4192.01467782
1005 4201.18831417
1006 4210.04255893
1007 4218.91454767
1008 4227.99946413
1009 4236.9246848
1010 4245.71682564
1011 4254.68640625
1012 4263.60275493
1013 4272.67879941
1014 4281.67499599
1015 4291.21238388
1016 4300.00452471
1017 4309.00072129
1018 4318.11225372
1019 4327.93354526
1020 4336.86763791
1021 4346.7244174
1022 4356.30616523
1023 4365.76370523
1024 4375.14139732
1025 4384.66104123
1026 4394.35812492
1027 4403.95761674
1028 4413.1223811
1029 4422.39360933
1030 4431.77130142
1031 4441.48612909
1032 4450.73074135
1033 4459.82452981
1034 4469.80551713
1035 4479.26305713
1036 4489.17306855
1037 4499.18954383
1038 4508.23897234
1039 4517.63440841
1040 4527.39359602
1041 4536.76241613
1042 4546.95633118
1043 4556.0767356
1044 4565.54314759
1045 4575.55075088
1046 4585.52286622
1047 4595.65467736
1048 4604.96139354
1049 4614.01969404
1050 4623.79662563
1051 4632.98800596
1052 4642.05517845
1053 4650.97152713
1054 4659.52412427
1055 4669.04376818
1056 4678.10206868
1057 4687.16924117
1058 4696.36949349
1059 4705.25035421
1060 4714.88533398
1061 4724.14769022
1062 4733.21486271
1063 4742.441731
1064 4750.8701203
1065 4760.22119642
1066 4769.59888852
1067 4778.47087725
1068 4787.54692173
1069 4795.8422312
1070 4804.94489164
1071 4814.20724788
1072 4822.64450917
1073 4831.51649791
1074 4839.46579981
1075 4848.58620423
1076 4857.49368093
1077 4866.63182932
1078 4875.38848221
1079 4883.79912753
1080 4892.71547621
1081 4901.66731284
1082 4910.38847777
1083 4919.19836259
1084 4927.62675189
1085 4936.33017284
1086 4945.44170527
1087 4954.49113378
1088 4964.03739366
1089 4972.31495915
1090 4980.48606077
1091 4988.86121814
1092 4997.7953108
1093 5006.32129197
1094 5015.38846446
1095 5023.34663836
1096 5032.24524306
1097 5041.06399987
1098 5049.81178076
1099 5058.32001796
1100 5066.81938317
1101 5075.70911588
1102 5084.53674467
1103 5093.46196534
1104 5102.33395408
1105 5110.78895934
1106 5119.36817245
1107 5128.09820937
1108 5136.63306253
1109 5145.29212354
1110 5153.09060164
1111 5161.77627861
1112 5170.58616342
1113 5178.80162499
1114 5187.44294202
1115 5195.85358734
1116 5204.69896011
1117 5213.04750151
1118 5221.68881854
1119 5229.84217619
1120 5238.43026129
1121 5246.90301053
1122 5255.94356705
1123 5264.50503618
1124 5273.12860924
1125 5281.84977416
1126 5289.64825226
1127 5298.23633736
1128 5307.15268604
1129 5316.28196245
1130 5324.63050385
1131 5333.4936206
1132 5342.33012138
1133 5351.51262972
1134 5360.27815459
1135 5368.80413577
1136 5377.07282927
1137 5385.6342984
1138 5394.3732073
1139 5403.50248371
1140 5412.0994408
1141 5420.19956651
1142 5429.51515469
1143 5438.38714342
1144 5447.40995597
1145 5456.93847187
1146 5465.03859759
1147 5473.74201854
1148 5483.15519859
1149 5492.47965875
1150 5501.33390351
1151 5510.31235611
1152 5518.9802891
1153 5528.38459716
1154 5537.98408898
1155 5546.98915754
1156 5556.35797765
1157 5565.1412465
1158 5574.86494615
1159 5584.24263825
1160 5593.85987404
1161 5603.45049386
1162 5612.53541033
1163 5622.25910998
1164 5631.72552196
1165 5640.70397456
1166 5650.596242
1167 5659.70777443
1168 5668.94351471
1169 5678.7204463
1170 5688.52399385
1171 5697.98153384
1172 5706.85352258
1173 5716.57722223
1174 5725.7419866
1175 5735.64312603
1176 5745.35795369
1177 5755.28570909
1178 5764.89407289
1179 5774.25402101
1180 5783.97772066
1181 5794.46441135
1182 5804.188111
1183 5814.05376248
1184 5823.49355849
1185 5833.87378531
1186 5844.01446844
1187 5853.94222383
1188 5863.41750781
1189 5874.07276628
1190 5884.35540122
1191 5895.14373953
1192 5905.52396635
1193 5915.73562538
1194 5925.94728442
1195 5936.56705493
1196 5946.92953778
1197 5958.1792195
1198 5968.1779508
1199 5978.59366558
1200 5989.88770724
1201 6000.09049429
1202 6010.4795931
1203 6020.80658798
1204 6031.63041424
1205 6042.5340884
1206 6053.41114659
1207 6064.69631626
1208 6075.52901451
1209 6086.50366457
1210 6097.70898635
1211 6109.1715958
1212 6120.15511785
1213 6131.33382366
1214 6142.37944964
1215 6154.32114647
1216 6166.04104359
1217 6178.21341214
1218 6189.83571738
1219 6201.81290218
1220 6214.22481442
1221 6226.65447064
1222 6238.75586328
1223 6251.50491109
1224 6263.75712753
1225 6276.72797507
1226 6289.42379095
1227 6302.6164382
1228 6315.67600562
1229 6328.35407752
1230 6342.23873989
1231 6356.18550619
1232 6369.75077696
1233 6383.92821496
1234 6397.21845409
1235 6410.98778061
1236 6425.644306
1237 6440.21211151
1238 6454.68232514
1239 6469.11705081
1240 6484.03973586
1241 6500.14239542
1242 6515.42883201
1243 6530.99917224
1244 6546.46304861
1245 6561.92692498
1246 6578.37559209
1247 6594.23870795
1248 6611.44149411
1249 6627.8369293
1250 6644.02830874
1251 6661.25771087
1252 6679.62272755
1253 6696.47950615
1254 6713.99281191
1255 6730.6987667
1256 6748.14109656
1257 6766.13348972
1258 6784.17911481
1259 6802.59736342
1260 6819.66706975
1261 6837.00293574
1262 6855.03968884
1263 6872.26909097
1264 6889.64044491
1265 6906.896463
1266 6923.42497802
1267 6940.56566026
1268 6957.12966323
1269 6974.13726564
1270 6989.69873388
1271 7005.49974582
1272 7021.54917344
1273 7037.66070499
1274 7053.04473345
1275 7067.1866835
1276 7081.18668173
1277 7095.19555194
1278 7109.34637397
1279 7122.88502879
1280 7135.53648472
1281 7147.36284571
1282 7159.23356664
1283 7171.10428757
1284 7182.48704911
1285 7192.99148378
1286 7202.5821036
1287 7212.71391474
1288 7222.48197434
1289 7231.8862824
1290 7240.58083136
1291 7248.36156548
1292 7256.72785086
1293 7264.01175361
1294 7271.51745608
1295 7278.26016752
1296 7284.61251146
1297 7290.41479209
1298 7296.43000045
1299 7301.76206568
1300 7306.90781915
1301 7311.5922292
1302 7316.12581545
1303 7320.74812158
1304 7325.06878009
1305 7329.30071872
1306 7332.92049012
1307 7336.26522988
1308 7339.51237776
1309 7342.52885393
1310 7345.37676231
1311 7348.34000655
1312 7350.76205947
1313 7353.19298439
1314 7355.13594992
1315 7357.3539471
1316 7359.38563252
1317 7361.47942187
1318 7363.49336331
1319 7365.28550503
1320 7367.05103079
1321 7368.71896467
1322 7370.32479464
1323 7371.88626465
1324 7373.39450274
1325 7375.0003327
1326 7376.37549095
1327 7377.80388114
1328 7379.3298632
1329 7380.64291754
1330 7381.86725198
1331 7382.94963461
1332 7384.20058502
1333 7385.38055952
1334 7386.55166203
1335 7387.54532477
1336 7388.53898751
1337 7389.77219395
1338 7390.84570458
1339 7391.75064743
1340 7392.96610989
1341 7393.95977263
1342 7394.94456338
1343 7395.90273816
1344 7396.98512079
1345 7397.96991154
1346 7398.93695831
1347 7399.87738912
1348 7400.80894793
1349 7401.67840283
1350 7402.62770562
1351 7403.44392859
1352 7404.26015155
1353 7405.10299048
1354 7406.04342129
1355 7406.98385209
1356 7407.89766693
1357 7408.77599382
1358 7409.70755264
1359 7410.57700753
1360 7411.34887055
1361 7412.10298959
1362 7413.00793245
1363 7413.7531795
1364 7414.58714644
1365 7415.42111338
1366 7416.05989657
1367 7416.65431982
1368 7417.46167079
1369 7418.26014978
1370 7419.05862876
1371 7419.65305201
1372 7420.42491503
1373 7421.07257021
1374 7421.74684135
1375 7422.40336852
1376 7422.95343182
1377 7423.67206291
1378 7424.35520604
1379 7425.03834917
1380 7425.61502844
1381 7426.2005797
1382 7426.91033879
1383 7427.58460994
1384 7428.26775307
1385 7428.91540825
1386 7429.55419144
1387 7430.21959059
1388 7430.83175782
1389 7431.35520515
1390 7431.95850039
1391 7432.56179562
1392 7433.32478665
1393 7434.02567376
1394 7434.61122502
1395 7435.17016031
1396 7435.76458355
1397 7436.39449475
1398 7436.91794209
1399 7437.51236533
1400 7438.0091967
1401 7438.50602807
1402 7439.1181953
1403 7439.78359445
1404 7440.38688968
1405 7441.09664878
1406 7441.58460816
1407 7442.29436726
1408 7443.01299835
1409 7443.61629358
1410 7444.24620479
1411 7444.92934792
1412 7445.63023503
1413 7446.22465827
1414 7446.82795351
1415 7447.54658459
1416 7448.24747171
1417 7448.87738291
1418 7449.65811791
1419 7450.20818122
1420 7450.81147645
1421 7451.53010754
1422 7452.27535459
1423 7452.78992994
1424 7453.49968904
1425 7454.2360641
1426 7454.8659753
1427 7455.47814252
1428 7456.21451759
1429 7456.84442879
1430 7457.47433999
1431 7458.21071506
1432 7458.89385819
1433 7459.58587331
1434 7460.29563241
1435 7460.84569571
1436 7461.49335089
1437 7462.17649402
1438 7462.76204528
1439 7463.42744443
1440 7464.07509961
1441 7464.70501081
1442 7465.53010576
1443 7466.23099287
1444 7466.85203208
1445 7467.41983936
1446 7468.13847045
1447 7468.75063767
1448 7469.32731694
1449 7469.9927161
1450 7470.51616343
1451 7470.99525082
1452 7471.60741805
1453 7472.17522533
1454 7472.77852056
1455 7473.41730375
1456 7474.10044688
1457 7474.68599814
1458 7475.37801326
1459 7475.96356452
1460 7476.65557964
1461 7477.18789896
1462 7477.77345022
1463 7478.44772136
1464 7479.07763256
1465 7479.7607757
1466 7480.3906869
1467 7481.04721406
1468 7481.57953339
1469 7482.2005726
1470 7482.80386783
1471 7483.46926699
1472 7484.18789808
1473 7484.8000653
1474 7485.4299765
1475 7486.08650366
1476 7486.71641486
1477 7487.399558
1478 7488.08270113
1479 7488.66825239
1480 7489.2892916
1481 7489.86597087
1482 7490.48701008
1483 7491.19676918
1484 7491.85329634
1485 7492.4388476
1486 7493.02439886
1487 7493.59220614
1488 7494.33745319
1489 7494.98510837
1490 7495.77471536
1491 7496.44898651
1492 7497.03453776
1493 7497.53136913
1494 7498.13466437
1495 7498.79119153
1496 7499.45659069
1497 7500.04214195
1498 7500.60994923
1499 7501.18662849
1500 7501.8076677
1501 10000.0
