0
3427
3427
3427
3427
3427
3427
3427
3427
3427
3427
3427
3427
3835
3835
3835
3835
4265
4403
4888
4989
4989
5063
5907
5960
5967
6013
7969
8097
8097
8269
8269
8269
9133
9323
11682
13377
13377
13906
14005
14924
15344
16338
17946
18808
18808
19664
20608
21081
21614
22084
22210
22210
22492
24311
24316
25345
25345
25509
25509
26198
28551
29387
30543
31032
32187
32563
32563
34581
38132
38925
38925
39719
41427
42104
42747
42828
43666
43666
45125
45145
45904
48031
48772
50796
50796
51674
52089
52739
53009
54655
55570
56712
56712
57276
57565
58157
58650
59288
59288
60176
61261
61501
62244
63037
63130
64100
64100
65209
66109
66109
66470
66759
67335
67850
67850
68898
68980
69723
71046
72284
73226
73226
73484
74239
75182
75825
75825
75825
75825
75825
79284
80183
81340
81787
82129
82129
82501
84346
85686
85850
86566
88307
88715
89711
89711
90980
91339
91544
94171
94305
95596
95596
98326
99195
101238
101501
102219
103671
103671
105257
105422
107179
108855
109192
109846
109846
110526
112246
112759
113749
114113
114722
115234
115234
115789
116397
116854
117157
117560
118950
118950
119567
120033
122017
124277
124396
124661
124661
125137
126408
127170
128432
129225
130147
130551
130551
130656
131518
131649
132745
133713
136161
136161
137684
138595
139125
139893
141293
141493
141493
141975
143868
144816
145896
146470
146871
146871
148096
148234
149282
149822
150262
150512
150749
151552
151552
152341
152616
153132
154162
155352
155779
155779
155930
157691
158671
159689
160553
161544
161544
162278
162456
163339
164444
165747
165870
165870
165973
165973
167033
168188
169782
171201
173364
173364
173592
175990
177004
177182
177416
178440
178440
178715
181521
183270
184198
185591
186079
186079
187738
188950
190017
190719
191294
192955
193834
193834
195453
196074
196436
196436
197114
197756
197934
197934
199570
200343
200809
201819
202523
202913
202913
204008
205274
205789
205996
205999
207501
207501
208685
209892
211581
211613
211613
211769
211769
213323
214670
216211
216655
217002
217563
217563
219550
221555
222776
223948
225018
225527
225527
226663
227332
227681
228098
228909
229060
231708
231708
232020
232138
232557
232557
234060
236920
237867
239928
239928
240244
240599
240674
241875
242449
243312
243312
243967
244477
244927
246373
247260
248216
248216
249099
250170
251646
252794
255518
255893
257299
257299
258701
259318
259928
260713
261131
262005
262005
263577
264173
264957
265396
267343
270781
270781
271506
271702
271958
272553
273385
274342
274342
275330
276613
277395
278591
279471
280078
280322
280322
281205
282541
283933
284645
284686
285419
286097
286097
287164
288624
289672
290488
291199
293214
293214
294387
294963
294963
296410
299270
301389
301389
301998
302891
305177
307070
308078
308383
308383
309290
309421
311512
312302
313469
313822
313822
316229
317546
318642
319559
320826
321755
321755
322045
324102
324398
325495
326220
327649
327649
328347
328715
329228
329802
330117
331197
331197
332123
332663
333667
335341
335540
338163
338622
339621
339621
340600
341901
343423
344097
346341
347324
347324
347559
348784
349700
351105
351448
352358
354176
354176
354559
354623
355498
356581
358207
358338
358338
359259
360427
360671
362221
363764
364524
364524
365108
365863
366367
366757
369388
371314
371314
371954
372658
373730
374218
375298
377074
378008
378008
378227
379646
380605
381184
381831
384186
384186
385408
385900
386776
387891
388176
389106
389106
389498
390743
391337
391727
392906
393542
393542
393542
394710
395293
395563
396746
397555
397555
398290
398479
399239
399782
400493
401164
401164
401599
401814
402597
404197
404685
405969
405969
405969
407108
407616
407680
408285
409355
409355
410291
411123
411757
411766
412032
412200
412938
412938
415448
415585
416001
416330
416814
416814
417065
418521
418722
419896
420135
420564
420564
421177
422063
422941
423951
425593
426185
426185
426883
428068
429070
429445
430110
430395
430395
432392
433806
434334
434712
436058
436595
438457
438457
438457
439369
441140
443032
443897
444759
444759
445447
446126
447391
450102
450502
450502
450502
450502
450502
