0 0.0
1 11.943713149
2 2666.0344349
3 2813.60658082
4 2909.32450732
5 3006.15690002
6 3131.01916882
7 3285.21502889
8 3364.97295842
9 5922.35745347
10 8447.40140128
11 9629.51358808
12 9680.2533413
13 9711.437367
14 9729.66835168
15 9741.78028614
16 9750.31751773
17 9757.38281283
18 9761.86170526
19 9765.9831274
20 9770.04146655
21 9773.78439074
22 9777.16984465
23 9781.16510081
24 9787.15798505
25 9792.56209469
26 9798.15545331
27 9804.94738878
28 9812.28604352
29 9818.02659579
30 9823.43070544
31 9830.49600054
32 9836.0683315
33 9841.51449647
34 9846.35085919
35 9852.40682642
36 9857.70579775
37 9866.34816765
38 9873.98120968
39 9880.66800683
40 9886.87116771
41 9891.6654751
42 9896.01820155
43 9899.5508491
44 9904.2820735
45 9908.97124257
46 9915.34262476
47 9920.59954076
48 9925.22562683
49 9928.84238504
50 9932.8376412
51 9936.18103978
52 9939.73471499
53 9943.09914123
54 9945.4542396
55 9948.22989124
56 9950.52190662
57 9953.48680724
58 9955.61060131
59 9957.96569967
60 9960.15257673
61 9962.40253678
62 9965.03099478
63 9967.59636978
64 9969.88838516
65 9971.6757366
66 9973.21075607
67 9974.95605218
68 9976.76443129
69 9978.02609113
70 9980.10782986
71 9981.600794
72 9982.69423253
73 9984.31336266
74 9985.46988418
75 9986.6264057
76 9987.4464846
77 9988.2034805
78 9989.04458706
79 9989.71747231
80 9990.28521923
81 9990.72680018
82 9991.46276842
83 9991.94640469
84 9992.28284731
85 9992.76648359
86 9993.20806453
87 9993.62861781
88 9993.81786679
89 9994.07019875
90 9994.46972437
91 9994.78513933
92 9995.14260962
93 9995.66830122
94 9995.89960552
95 9996.19399282
96 9996.46735245
97 9996.63557376
98 9996.82482274
99 9997.05612704
100 9997.24537602
101 9997.39256966
102 9997.6028463
103 9997.68695696
104 9997.91826126
105 9998.10751024
106 9998.27573155
107 9998.40189754
108 9998.54909118
109 9998.63320184
110 9998.7173125
111 9998.73834016
112 9998.84347848
113 9998.86450614
114 9998.88553381
115 9998.92758914
116 9998.96964446
117 9999.01169979
118 9999.13786578
119 9999.2430041
120 9999.28505942
121 9999.32711475
122 9999.39019774
123 9999.41122541
124 9999.43225307
125 9999.43225307
126 9999.43225307
127 9999.45328074
128 9999.45328074
129 9999.49533606
130 9999.53739139
131 9999.57944672
132 9999.62150205
133 9999.62150205
134 9999.62150205
135 9999.62150205
136 9999.62150205
137 9999.64252971
138 9999.66355738
139 9999.66355738
140 9999.68458504
141 9999.68458504
142 9999.68458504
143 9999.68458504
144 9999.68458504
145 9999.68458504
146 9999.68458504
147 9999.68458504
148 9999.7056127
149 9999.7056127
150 9999.72664037
151 9999.72664037
152 9999.72664037
153 9999.74766803
154 9999.7686957
155 9999.7686957
156 9999.7686957
157 9999.7686957
158 9999.78972336
159 9999.78972336
160 9999.78972336
161 9999.78972336
162 9999.78972336
163 9999.81075102
164 9999.81075102
165 9999.81075102
166 9999.81075102
167 9999.81075102
168 9999.81075102
169 9999.81075102
170 9999.81075102
171 9999.81075102
172 9999.81075102
174 9999.83177869
175 9999.85280635
176 9999.85280635
177 9999.85280635
178 9999.85280635
179 9999.85280635
180 9999.85280635
181 9999.87383402
182 9999.87383402
183 9999.89486168
184 9999.89486168
185 9999.89486168
186 9999.89486168
187 9999.89486168
188 9999.89486168
189 9999.89486168
190 9999.89486168
191 9999.89486168
192 9999.89486168
347 9999.91588934
348 9999.91588934
349 9999.91588934
350 9999.91588934
351 9999.91588934
352 9999.91588934
353 9999.91588934
354 9999.91588934
355 9999.91588934
356 9999.91588934
377 9999.93691701
378 9999.93691701
379 9999.93691701
380 9999.93691701
381 9999.93691701
382 9999.93691701
383 9999.93691701
384 9999.93691701
385 9999.93691701
386 9999.93691701
423 9999.95794467
424 9999.95794467
425 9999.95794467
426 9999.95794467
427 9999.95794467
428 9999.95794467
429 9999.95794467
430 9999.95794467
431 9999.95794467
432 9999.95794467
445 9999.97897234
446 9999.97897234
447 9999.97897234
448 9999.97897234
449 9999.97897234
450 9999.97897234
451 9999.97897234
452 9999.97897234
453 9999.97897234
454 9999.97897234
492 10000.0
493 10000.0
494 10000.0
495 10000.0
496 10000.0
497 10000.0
498 10000.0
499 10000.0
500 10000.0
501 10000.0
1501 10000.0
