0 16.6659062147
1 404.568475502
2 469.022787145
3 519.933048204
4 817.397861289
5 999.906344331
6 1038.68939698
7 1082.80361847
8 1112.82146108
9 1130.78413809
10 1144.11206021
11 1157.51202515
12 1171.22417565
13 1185.32055454
14 1197.11156311
15 1209.21475725
16 1219.8290664
17 1231.40394651
18 1240.93761332
19 1251.31177972
20 1261.83003177
21 1277.03106727
22 1297.17904322
23 1321.86571698
24 1353.73265869
25 1388.79349886
26 1431.34679253
27 1474.71657153
28 1521.23222043
29 1567.24356958
30 1610.10904882
31 1652.4702283
32 1697.8812206
33 1741.56318516
34 1800.37414239
35 1891.22014125
36 2020.15277881
37 2199.61144905
38 2379.69449041
39 2556.8718046
40 2729.03013551
41 2892.6874134
42 3067.34322882
43 3237.31626079
44 3401.83805254
45 3559.587819
46 3705.11431995
47 3850.04046405
48 3980.26987241
49 4103.8953554
50 4216.04201537
51 4316.51773814
52 4409.86122151
53 4497.56135047
54 4571.81348594
55 4639.24556757
56 4701.53859454
57 4758.09221001
58 4810.56339888
59 4858.44786141
60 4901.40939775
61 4938.03116572
62 4976.55006136
63 5011.10660176
64 5043.30974331
65 5072.79927189
66 5101.04005821
67 5127.26364551
68 5153.91948974
69 5178.12587802
70 5201.90000937
71 5224.52145555
72 5246.11028796
73 5267.81919173
74 5290.8248663
75 5313.08609838
76 5335.01113062
77 5358.61716204
78 5380.47015146
79 5405.42098223
80 5429.41124204
81 5454.36207282
82 5479.74516052
83 5504.62394847
84 5533.24896318
85 5559.42452194
86 5589.58645019
87 5616.38638006
88 5647.74902202
89 5677.1424935
90 5708.52914973
91 5736.26563629
92 5764.41036552
93 5797.59809231
94 5824.08583662
95 5856.09686398
96 5883.97743619
97 5914.61964992
98 5940.57908021
99 5970.74100846
100 5995.8119106
101 6023.74051136
102 6049.41177036
103 6072.96977323
104 6100.56217416
105 6123.92806284
106 6149.11903636
107 6172.19675375
108 6196.13898501
109 6218.1120458
110 6240.3492636
111 6258.33595489
112 6278.3398452
113 6298.15162132
114 6315.70605568
115 6334.1250039
116 6350.88696721
117 6368.9697156
118 6384.33885101
119 6401.19687142
120 6416.80614958
121 6432.6315562
122 6446.2476496
123 6459.19134333
124 6471.9189086
125 6483.80597427
126 6497.03783929
127 6508.27651956
128 6520.4757708
129 6530.72986583
130 6541.27213216
131 6551.35812727
132 6561.78032222
133 6570.9777892
134 6579.69497069
135 6588.91645194
136 6597.89779045
137 6606.18271501
138 6613.81925416
139 6622.99270686
140 6631.92601682
141 6644.98978193
142 6660.19081742
143 6678.39363718
144 6697.84519919
145 6719.8903028
146 6750.10025959
147 6780.33423067
148 6819.59756879
149 6859.36520668
150 6911.86040983
151 6962.33841395
152 7024.12714117
153 7081.78541325
154 7144.0063974
155 7220.2757319
156 7287.94795627
157 7374.23124305
158 7454.17476148
159 7547.20605928
160 7632.88898922
161 7733.48478336
162 7822.69781158
163 7923.91797685
164 8017.30948876
165 8109.30817278
166 8214.94696448
167 8302.57505061
168 8405.09198668
169 8493.46451531
170 8592.83558147
171 8674.00382788
172 8764.99391238
173 8840.78296139
174 8918.63723797
175 8993.99403005
176 9059.43292693
177 9130.27503548
178 9189.39817828
179 9255.36538919
180 9307.76453524
181 9365.27872167
182 9410.42555695
183 9460.59137551
184 9501.39162718
185 9538.42163782
186 9580.4226032
187 9612.67377329
188 9646.10164282
189 9674.27038632
190 9704.74450013
191 9730.22364493
192 9755.43863272
193 9774.40990925
194 9795.61451327
195 9813.43310464
196 9829.97893948
197 9846.62083142
198 9858.94015403
199 9873.5168184
200 9885.45191262
201 9896.88270708
202 9906.41637389
203 9915.15756966
204 9922.16973769
205 9929.08584863
206 9935.61773118
207 9941.21305704
208 9947.52881113
209 9952.33166594
210 9956.84634947
211 9960.7126476
212 9964.86711701
213 9967.98897265
214 9970.96674263
215 9973.10401303
216 9975.28931197
217 9978.05095349
218 9979.85202404
219 9981.72513742
220 9983.09395104
221 9984.3426933
222 9985.80756402
223 9987.08032054
224 9988.16096288
225 9989.02547674
226 9989.96203343
227 9990.68246166
228 9991.40288988
229 9991.85916109
230 9992.38747512
231 9992.84374632
232 9993.13191761
233 9993.44410317
234 9993.82833156
235 9994.1645314
236 9994.38065986
237 9994.54875978
238 9994.69284543
239 9994.78890252
240 9995.02904526
241 9995.26918801
242 9995.38925938
243 9995.50933075
244 9995.72545921
245 9995.82151631
246 9995.94158768
247 9996.0136305
248 9996.15771615
249 9996.25377324
250 9996.44588744
251 9996.54194453
252 9996.56595881
253 9996.71004445
254 9996.83011582
255 9996.87814437
256 9996.97420147
257 9997.02223001
258 9997.14230138
259 9997.16631566
260 9997.19032993
261 9997.26237275
262 9997.3104013
263 9997.33441558
264 9997.33441558
265 9997.38244412
266 9997.45448695
267 9997.5025155
268 9997.52652977
269 9997.55054404
270 9997.59857259
271 9997.64660114
272 9997.64660114
273 9997.64660114
274 9997.67061541
275 9997.69462969
276 9997.74265824
277 9997.79068678
278 9997.83871533
279 9997.83871533
280 9997.86272961
281 9997.91075815
282 9997.91075815
283 9997.98280098
284 9998.03082953
285 9998.10287235
286 9998.10287235
287 9998.1509009
288 9998.24695799
289 9998.34301509
290 9998.39104364
291 9998.39104364
292 9998.41505791
293 9998.41505791
294 9998.41505791
295 9998.51111501
296 9998.51111501
297 9998.51111501
298 9998.58315783
299 9998.6071721
300 9998.63118638
301 9998.7032292
302 9998.72724347
303 9998.7992863
304 9998.84731484
305 9998.87132912
306 9998.89534339
307 9998.94337194
308 9999.06344331
309 9999.08745758
310 9999.08745758
311 9999.11147186
312 9999.13548613
313 9999.20752896
314 9999.2555575
315 9999.27957178
316 9999.30358605
317 9999.37562887
318 9999.37562887
319 9999.4476717
320 9999.47168597
321 9999.51971452
322 9999.51971452
323 9999.51971452
324 9999.56774307
325 9999.59175734
326 9999.61577161
327 9999.66380016
328 9999.68781444
329 9999.68781444
330 9999.68781444
331 9999.68781444
332 9999.73584299
333 9999.73584299
334 9999.75985726
335 9999.78387153
336 9999.78387153
337 9999.78387153
338 9999.78387153
339 9999.78387153
340 9999.80788581
341 9999.80788581
342 9999.83190008
343 9999.85591436
344 9999.85591436
345 9999.85591436
346 9999.85591436
347 9999.85591436
348 9999.85591436
349 9999.85591436
350 9999.85591436
351 9999.85591436
352 9999.85591436
353 9999.87992863
354 9999.87992863
355 9999.87992863
356 9999.87992863
357 9999.87992863
358 9999.87992863
359 9999.87992863
360 9999.87992863
361 9999.87992863
362 9999.87992863
383 9999.9039429
384 9999.9039429
385 9999.9039429
386 9999.9039429
387 9999.9039429
388 9999.9039429
389 9999.9039429
390 9999.9039429
391 9999.9039429
392 9999.9039429
396 9999.92795718
397 9999.92795718
398 9999.92795718
399 9999.92795718
400 9999.92795718
401 9999.92795718
402 9999.92795718
403 9999.92795718
404 9999.92795718
405 9999.92795718
628 9999.95197145
629 9999.95197145
630 9999.95197145
631 9999.95197145
632 9999.95197145
633 9999.95197145
634 9999.95197145
635 9999.95197145
636 9999.95197145
637 9999.95197145
644 9999.97598573
645 9999.97598573
646 9999.97598573
647 9999.97598573
648 9999.97598573
649 9999.97598573
650 9999.97598573
651 9999.97598573
652 9999.97598573
653 9999.97598573
671 10000.0
672 10000.0
673 10000.0
674 10000.0
675 10000.0
676 10000.0
677 10000.0
678 10000.0
679 10000.0
680 10000.0
1501 10000.0
