0 0.0
1 0.0
2 0.0
3 0.0
4 0.0
5 0.0
6 0.0
7 0.0
8 0.0
598 526.315789474
599 526.315789474
600 526.315789474
601 526.315789474
602 526.315789474
603 526.315789474
604 1578.94736842
605 1578.94736842
606 1578.94736842
607 1578.94736842
608 1578.94736842
609 2105.26315789
610 2105.26315789
611 2105.26315789
612 2105.26315789
613 2105.26315789
614 2105.26315789
615 3157.89473684
616 3157.89473684
617 3157.89473684
618 3684.21052632
619 3684.21052632
620 3684.21052632
621 3684.21052632
622 3684.21052632
623 3684.21052632
624 3684.21052632
625 3684.21052632
626 3684.21052632
627 3684.21052632
647 4210.52631579
648 4210.52631579
649 4210.52631579
650 4210.52631579
651 4210.52631579
652 4210.52631579
653 4210.52631579
654 4210.52631579
655 4210.52631579
656 4210.52631579
663 4736.84210526
664 4736.84210526
665 4736.84210526
666 4736.84210526
667 4736.84210526
668 4736.84210526
669 4736.84210526
670 4736.84210526
671 4736.84210526
672 4736.84210526
919 5263.15789474
920 5263.15789474
921 5263.15789474
922 5263.15789474
923 5263.15789474
924 5263.15789474
925 5263.15789474
926 5263.15789474
927 5263.15789474
928 5263.15789474
933 5789.47368421
934 5789.47368421
935 5789.47368421
936 5789.47368421
937 5789.47368421
938 5789.47368421
939 5789.47368421
940 5789.47368421
941 5789.47368421
942 5789.47368421
982 6315.78947368
983 6315.78947368
984 6315.78947368
985 6315.78947368
986 6315.78947368
987 6315.78947368
988 6315.78947368
989 6315.78947368
990 6315.78947368
991 6315.78947368
1006 6842.10526316
1007 6842.10526316
1008 6842.10526316
1009 6842.10526316
1010 6842.10526316
1011 6842.10526316
1012 6842.10526316
1013 6842.10526316
1014 6842.10526316
1015 6842.10526316
1059 7368.42105263
1060 7368.42105263
1061 7368.42105263
1062 7368.42105263
1063 7368.42105263
1064 7368.42105263
1065 7368.42105263
1066 7368.42105263
1067 7368.42105263
1068 7368.42105263
1072 7894.73684211
1073 7894.73684211
1074 7894.73684211
1075 7894.73684211
1076 7894.73684211
1077 7894.73684211
1078 7894.73684211
1079 7894.73684211
1080 7894.73684211
1081 7894.73684211
1084 8421.05263158
1085 8421.05263158
1086 8421.05263158
1087 8421.05263158
1088 8421.05263158
1089 8421.05263158
1090 8421.05263158
1091 8421.05263158
1092 8421.05263158
1093 8421.05263158
1096 8947.36842105
1097 8947.36842105
1098 8947.36842105
1099 8947.36842105
1100 8947.36842105
1101 8947.36842105
1102 8947.36842105
1103 8947.36842105
1104 8947.36842105
1105 8947.36842105
1123 9473.68421053
1124 9473.68421053
1125 9473.68421053
1126 9473.68421053
1127 9473.68421053
1128 9473.68421053
1129 9473.68421053
1130 9473.68421053
1131 9473.68421053
1132 9473.68421053
1183 10000.0
1184 10000.0
1185 10000.0
1186 10000.0
1187 10000.0
1188 10000.0
1189 10000.0
1190 10000.0
1191 10000.0
1192 10000.0
1501 10000.0
