0
3436
3436
3436
3436
3436
3436
3436
3436
3436
3436
3436
3436
3436
3845
3845
3845
3845
3845
3845
3845
3845
3845
3845
3845
3845
3845
4573
4687
5308
5406
5651
5942
5942
6718
6963
7048
7100
7128
7239
7239
8224
8872
11897
14561
16266
16931
16931
17476
21399
23713
28312
28588
31439
31439
34621
34878
36126
37914
40069
44345
44345
44488
48371
49465
50363
52037
57350
62119
63374
64191
64191
65649
67566
68699
70861
74108
76927
76927
78236
80135
82033
82720
86914
86914
87559
90906
92465
93613
98557
99910
99910
100740
102351
104146
105881
109961
113265
113265
114969
116075
121697
121710
125449
127051
127051
128956
130899
131631
132422
133325
133729
133729
135044
136620
139506
142341
144968
146244
146244
149777
151553
152294
152445
154390
155074
157161
157161
158215
161342
161616
167311
168315
170052
171298
171298
171722
173904
176566
179202
179202
180226
180226
180743
183307
185691
187529
189125
189125
191338
192321
194972
195990
198407
203183
203183
205059
207022
208395
209377
210981
211571
213366
213366
214826
216784
219209
222857
224259
224959
224959
224984
229500
231113
232953
234057
235509
235509
235944
238041
241024
242500
244010
244665
244665
246412
246736
248249
251302
252562
254957
254957
257302
258338
259046
260507
262087
263285
263285
264473
267899
269119
272812
275038
275750
278624
278624
280558
282961
285033
286592
287848
290027
290027
292736
292800
295920
299080
299831
299996
299996
301719
302272
304127
307066
308076
309858
309858
314493
314493
316274
319545
321835
324775
324775
328772
331649
332338
332338
332698
335128
335128
339026
340294
343938
346177
349141
352259
352259
355842
357702
359018
361439
363308
364822
364822
367616
368586
371220
373390
375542
377294
377294
378024
379702
381820
383149
384808
386154
387520
387520
390078
393301
395637
396650
397674
399955
401123
401123
402943
405176
405986
407013
408204
408204
408204
408909
410138
414578
418499
421008
421473
421473
424065
424375
424991
428262
429089
432768
434818
434818
438088
439199
441282
442902
446009
447317
449595
449595
450527
451726
453293
453694
455309
458298
458298
462912
466103
467539
468233
469850
472506
472506
474727
475422
476721
482134
486390
488686
488686
488813
492261
494970
495537
498021
500496
501636
503449
503449
505352
505699
506147
508494
509374
509808
509808
515594
517507
519369
520264
521985
523755
523755
525763
528498
530498
533651
536478
537835
537835
540497
541832
542051
543597
545377
545567
545567
546879
552041
553274
555415
555599
556084
560064
560064
561186
563698
564344
565529
568667
570370
570386
571446
571446
571865
575588
577772
580076
583083
584129
584129
588649
589381
593322
596409
596483
596762
596762
600372
601552
604477
607345
608183
609796
609796
611352
612114
616077
619235
624006
625004
625004
625621
627918
632794
633663
635156
638965
638965
640515
641944
643618
644842
646786
648413
650302
650302
651272
652504
655724
659181
663207
666335
666335
668201
670635
672622
674388
675494
675924
681454
681454
684326
684998
684998
686283
690551
692170
692170
692170
696007
696411
699777
701100
702773
705445
705445
708564
709295
710952
712976
713272
716393
718795
718795
719170
723047
723630
728216
728536
730761
730761
732183
735823
737793
740317
745069
746738
746738
747109
749924
750327
753148
757225
758587
758587
760601
763494
764675
765717
767226
768306
769306
769306
772112
776209
777457
779768
781518
784371
784371
784926
789271
792927
795104
798122
798122
798122
800223
801893
806668
809359
810335
810335
813639
814512
815838
818196
823052
823347
823347
825813
828740
830728
832098
835467
838046
838046
842205
844842
847779
852589
853111
856580
856580
858113
858807
862537
862774
864832
867693
867693
869202
871311
873773
875646
876717
881749
882802
882802
887060
887767
890180
890922
892959
892959
894616
896868
899457
901773
904701
906642
906642
908202
910504
913232
915042
915378
920986
920986
925141
927634
929326
933495
935315
937516
937516
938952
939740
941466
943401
946440
948761
948761
949170
951987
955076
956094
958438
964477
964477
966206
966873
967788
970361
973689
976693
976693
976693
979029
980042
981504
982701
985085
987276
988140
988140
989592
991560
991938
995796
997157
997699
997699
1000907
1000907
1000907
1000907
