0
2476
2476
3427
3427
3427
3427
3427
3427
3427
3427
3427
3427
3427
3427
3427
3845
3845
3845
3845
3845
3845
3845
3845
3845
3845
3845
3845
3996
4587
4587
4620
4620
4620
4724
4724
4724
4724
5012
5409
5604
5742
5830
5830
6031
6448
6806
7262
7386
9175
9175
12567
14853
15766
17939
20961
24058
24058
26491
28927
31182
33711
34493
36339
36339
38626
40061
42038
43402
45684
49351
49351
51004
52258
56706
58897
61165
61165
62992
65539
65539
68847
69768
71911
71911
76012
77724
79558
80983
82008
83406
83406
84886
85054
87650
88617
88981
92758
92758
94602
95387
97091
98061
99637
102112
102112
103536
106787
109137
112927
115377
115377
117584
118304
118821
120997
122460
123236
124186
124186
126001
128524
131061
132338
132371
135950
135950
138243
139946
142130
144386
144421
145055
145055
146476
148031
151050
152569
155738
155738
158001
159824
163662
164083
165444
165531
165531
171301
174510
175333
178247
180483
182054
182054
184533
185680
188047
190961
192961
193475
194708
196202
196202
198064
200521
200797
203469
205362
206834
206834
209899
211467
215005
218245
219418
220137
222128
222128
225379
228295
229693
231698
233162
234619
234619
236963
237592
240566
244160
245208
246269
246269
247657
249891
253350
256084
256539
256539
258932
261470
262550
263627
264693
268054
268054
270324
273336
274178
276710
279620
283077
283077
285000
287556
288904
291437
292044
294606
294606
296470
300092
302630
304266
305656
309159
310931
310931
312999
316022
319133
320620
321675
322728
322728
324914
328221
332038
333779
338968
340021
340021
342922
344471
346051
350038
350883
350883
350883
354836
357904
360941
362060
364464
365264
365264
366404
368380
370478
376520
378520
380311
380311
381918
384974
385948
390018
392672
394015
394015
398013
399396
399546
402971
403637
405533
410632
410632
412656
414874
417376
418107
418860
420987
420987
422586
426854
429694
432864
434489
437388
437388
439994
443011
444629
446069
447986
449461
451813
451813
453475
457007
459540
462513
464106
464106
466049
469574
472802
476532
478765
480361
480361
481111
483727
484519
488628
489696
489696
493101
494617
495496
498807
502946
502946
504755
506064
506064
510574
511775
513243
513243
515567
519335
522404
523543
525636
528518
528518
530788
532433
532631
535496
539807
543497
543497
545104
547438
550216
551622
552849
553946
553946
557021
559733
562277
566226
571122
571122
574349
575408
576364
581368
583098
583327
583327
585266
590576
594708
595542
599466
599466
600729
602991
604285
607978
610194
613359
613359
615180
615981
618865
621228
624227
628643
630165
630165
634641
636030
639230
642016
643892
645029
645029
646743
648490
650130
653179
656025
656118
661251
661251
662355
663835
666324
668387
671672
673344
676016
676016
677642
679521
683371
685494
688851
693447
693447
695836
698259
700212
705202
706541
707518
707518
712311
714668
716786
718873
720245
721821
724761
724761
729132
730302
734693
735051
737353
737353
739756
740805
741801
746284
750872
753625
753625
756831
758007
762373
764719
765620
768420
770542
770542
772479
773541
777168
777516
780418
781355
781355
782324
785733
787936
790260
794518
797099
797099
798749
801819
803944
807564
809906
812440
815138
816626
816626
818754
820005
821828
822630
823354
826614
828962
828962
830804
835332
836041
837669
839193
839777
839777
843800
846371
848252
850104
852275
852275
852741
857324
860128
863577
863577
867393
869482
873515
875630
875630
876590
880928
884296
885641
885641
889914
891560
891560
893365
895042
896239
898693
900004
903067
907837
910234
910234
911042
912661
915656
919501
924714
924714
927938
930276
933201
933557
935085
935085
936510
939529
940804
944299
946750
950414
950414
952083
954569
956440
957018
959712
959719
959719
963767
967810
969753
974307
976318
977388
977388
979837
983354
984587
989764
994497
996785
996785
999792
1001362
1006155
1010503
1012579
1013149
1013149
1017518
1019887
1020387
1023472
1025406
1027093
1027093
1031104
1033217
1034868
1036764
1039567
1039567
1042652
1044737
1049086
1051605
1054571
1058161
1058161
1059313
1061648
1064180
1065311
1070614
1074582
1074582
1077282
1077887
1078698
1081057
1084563
1088078
1088078
1089505
1090087
1092561
1095017
1095823
1098361
1102372
1102372
1103205
1106681
1107207
1108869
1112581
1116202
1116202
1117045
1119210
1121397
1123588
1126422
1127143
1127143
