0 0.0
1 0.0
2 0.0
3 0.0
4 0.0
5 0.0
6 0.0
7 0.0
8 0.0
34 0.0239554237475
35 0.0239554237475
36 0.0239554237475
37 0.0718662712425
38 0.0718662712425
39 0.09582169499
40 0.119777118737
41 0.119777118737
42 0.143732542485
43 0.143732542485
44 0.143732542485
45 0.167687966232
46 0.167687966232
47 0.167687966232
48 0.167687966232
49 0.19164338998
50 0.215598813727
51 0.215598813727
52 0.215598813727
53 0.239554237475
54 0.239554237475
55 0.239554237475
56 0.263509661222
57 0.263509661222
58 0.263509661222
59 0.263509661222
60 0.263509661222
61 0.311420508717
62 0.335375932465
63 0.359331356212
64 0.359331356212
65 0.38328677996
66 0.38328677996
67 0.38328677996
68 0.431197627455
69 0.455153051202
70 0.455153051202
71 0.47910847495
72 0.47910847495
73 0.503063898697
74 0.550974746192
75 0.550974746192
76 0.550974746192
77 0.550974746192
78 0.57493016994
79 0.598885593687
80 0.622841017435
81 0.646796441182
82 0.718662712425
83 0.742618136172
84 0.76657355992
85 0.838439831162
86 0.838439831162
87 0.86239525491
88 0.886350678657
89 0.934261526152
90 0.9582169499
91 0.9582169499
92 1.00612779739
93 1.03008322114
94 1.05403864489
95 1.05403864489
96 1.10194949238
97 1.10194949238
98 1.10194949238
99 1.12590491613
100 1.19777118737
101 1.22172661112
102 1.26963745862
103 1.26963745862
104 1.29359288236
105 1.31754830611
106 1.38941457735
107 1.4133700011
108 1.43732542485
109 1.50919169609
110 1.55710254359
111 1.67687966232
112 1.72479050982
113 1.77270135731
114 1.84456762856
115 1.96434474729
116 2.03621101854
117 2.10807728978
118 2.13203271353
119 2.22785440852
120 2.25180983226
121 2.25180983226
122 2.29972067976
123 2.32367610351
124 2.32367610351
125 2.39554237475
126 2.4194977985
127 2.51531949349
128 2.56323034098
129 2.58718576473
130 2.61114118848
131 2.65905203597
132 2.68300745972
133 2.73091830721
134 2.77882915471
135 2.80278457846
136 2.80278457846
137 2.8267400022
138 2.85069542595
139 2.8746508497
140 2.89860627345
141 2.92256169719
142 2.97047254469
143 2.99442796844
144 2.99442796844
145 3.04233881593
146 3.11420508717
147 3.11420508717
148 3.11420508717
149 3.16211593467
150 3.18607135842
151 3.23398220591
152 3.25793762966
153 3.30584847715
154 3.40167017214
155 3.44958101964
156 3.52144729088
157 3.59331356212
158 3.61726898587
159 3.64122440962
160 3.68913525711
161 3.76100152836
162 3.80891237585
163 3.90473407084
164 4.02451118958
165 4.07242203707
166 4.12033288457
167 4.14428830832
168 4.21615457956
169 4.21615457956
170 4.26406542705
171 4.31197627455
172 4.38384254579
173 4.43175339329
174 4.47966424078
175 4.55153051202
176 4.69526305451
177 4.743173902
178 4.86295102074
179 4.88690644449
180 4.93481729198
181 5.00668356323
182 5.17437152946
183 5.27019322445
184 5.34205949569
185 5.41392576693
186 5.53370288567
187 5.72534627565
188 5.82116797064
189 5.89303424188
190 6.03676678437
191 6.18049932685
192 6.34818729309
193 6.63565237805
194 6.7075186493
195 6.89916203928
196 6.99498373427
197 7.06685000551
198 7.13871627675
199 7.33035966673
200 7.49804763296
201 59.481317165
202 139.444521634
203 257.137518506
204 405.349725231
205 512.358603111
206 582.691727234
207 619.343525568
208 643.77805779
209 659.18139526
210 670.919552896
211 680.741276632
212 688.598655622
213 695.641550203
214 702.229291734
215 708.649345298
216 715.524551914
217 722.735134462
218 729.083321755
219 735.239865658
220 740.222593797
221 744.750168886
222 748.367437872
223 751.433732111
224 754.332338385
225 756.919524149
226 758.788047202
227 760.297238898
228 761.495010085
229 762.477182459
230 763.483310256
231 764.537348901
232 765.687209241
233 766.861025005
234 767.603643141
235 768.370216701
236 769.160745684
237 769.975230092
238 771.077179584
239 772.610326704
240 774.454894333
241 775.748487215
242 776.970213826
243 777.784698234
244 778.479405522
245 779.150157387
246 779.964641795
247 780.683304507
248 781.497788914
249 782.192496203
250 783.174668577
251 784.252662645
252 785.30670129
253 786.26491824
254 787.199179766
255 787.79806536
256 788.56463892
257 789.235390785
258 789.930098074
259 790.648760786
260 791.271601803
261 792.086086211
262 792.613105533
263 793.211991127
264 793.571322483
265 794.050430958
266 794.553494857
267 795.15238045
268 795.751266044
269 796.326196214
270 796.637616723
271 797.044858927
272 797.523967401
273 798.21867469
274 798.841515708
275 799.464356725
276 800.087197742
277 801.404746049
278 802.650428083
279 805.022015034
280 806.339563341
281 807.920621308
282 809.0225708
283 809.813099784
284 810.74736131
285 811.226469785
286 811.849310802
287 812.544018091
288 813.382457922
289 814.316719448
290 815.298891822
291 817.478835383
292 819.970199453
293 822.413652675
294 824.090532337
295 825.120615559
296 826.486074712
297 827.348469967
298 828.785795392
299 829.887744884
300 830.798050987
301 832.019777598
302 833.073816243
303 833.768523531
304 834.726740481
305 835.756823702
306 836.667129805
307 837.649302179
308 838.799162518
309 839.661557773
310 840.571863876
311 841.482169978
312 842.440386928
313 843.254871335
314 844.165177438
315 844.979661845
316 846.081611338
317 847.590803034
318 848.980217611
319 851.303893715
320 852.932862529
321 854.609742192
322 855.951245922
323 857.053195414
324 858.155144906
325 859.017540161
326 860.430910162
327 861.125617451
328 862.20361152
329 863.233694741
330 864.144000843
331 864.790797284
332 865.749014234
333 866.731186608
334 867.545671015
335 868.503887965
336 869.222550678
337 870.108901356
338 870.851519493
339 871.713914747
340 872.504443731
341 873.438705257
342 874.277145088
343 875.355139157
344 877.199706786
345 879.499427465
346 882.996919333
347 888.458755947
348 896.986886801
349 910.857077151
350 929.590218521
351 957.402465492
352 999.803565525
353 1055.23641608
354 1134.57677953
355 1228.93719367
356 1338.74885613
357 1482.673042
358 1651.27131434
359 1847.41832398
360 2061.81936652
361 2287.33572568
362 2537.9334135
363 2797.56229608
364 3063.0842129
365 3326.30640903
366 3569.14253956
367 3811.52351704
368 4045.73569502
369 4264.92782231
370 4463.66201772
371 4646.08256955
372 4811.32708256
373 4970.31922998
374 5112.39884822
375 5239.36259408
376 5351.3542001
377 5446.52909865
378 5541.17697788
379 5630.00368914
380 5706.39753547
381 5775.07773535
382 5836.52339726
383 5896.0765807
384 5951.17405532
385 5998.74952688
386 6042.49213064
387 6078.37735542
388 6115.9873707
389 6148.80630123
390 6179.6369316
391 6206.7784267
392 6230.87758299
393 6254.56949708
394 6274.06921201
395 6291.86809185
396 6310.0742139
397 6324.66306696
398 6336.68868969
399 6348.23520393
400 6358.17670479
401 6366.48923683
402 6373.02906751
403 6378.5627704
404 6385.24633362
405 6390.58839312
406 6395.49925499
407 6400.88922533
408 6404.33880635
409 6408.26749584
410 6412.14827449
411 6415.86136517
412 6419.47863416
413 6422.66470552
414 6426.13824196
415 6429.01289281
416 6431.79172196
417 6435.33712468
418 6439.45745756
419 6444.63182909
420 6449.13544876
421 6452.89645029
422 6456.05856622
423 6459.17277131
424 6462.93377284
425 6465.80842369
426 6468.75494081
427 6472.08474471
428 6475.24686064
429 6478.0256898
430 6480.61287556
431 6483.82290234
432 6486.0986676
433 6488.08696777
434 6490.45855472
435 6492.44685489
436 6494.19560083
437 6495.92039134
438 6497.83682524
439 6499.13041812
440 6500.47192185
441 6502.12484609
442 6503.49030524
443 6504.97554151
444 6506.41286694
445 6508.32930084
446 6510.86857575
447 6513.4318061
448 6515.2524183
449 6518.00729203
450 6520.33096813
451 6522.8223322
452 6525.00227577
453 6527.70923865
454 6530.77553289
455 6533.86578255
456 6537.17163103
457 6540.86076629
458 6544.31034731
459 6547.68806205
460 6551.25742019
461 6554.44349155
462 6557.74934003
463 6561.39056444
464 6564.76827919
465 6567.37942037
466 6570.06242783
467 6572.98498953
468 6575.4763536
469 6577.51256462
470 6579.57273106
471 6581.39334327
472 6583.04626751
473 6584.31590496
474 6586.08860632
475 6587.02286785
476 6587.8852631
477 6588.84348005
478 6589.65796446
479 6590.35267175
480 6591.07133446
481 6591.83790802
482 6592.55657073
483 6593.03567921
484 6593.49083226
485 6594.20949497
486 6595.0479348
487 6595.79055294
488 6596.79668074
489 6597.75489769
490 6599.19222311
491 6600.53372684
492 6601.99500769
493 6603.81561989
494 6605.39667786
495 6607.31311176
496 6609.20559024
497 6611.43344465
498 6614.14040753
499 6616.39221736
500 6618.47633923
501 6620.48859482
502 6622.66853838
503 6625.35154584
504 6627.79499907
505 6630.23845229
506 6632.80168263
507 6635.43677924
508 6638.35934094
509 6641.16212552
510 6644.34819688
511 6647.27075857
512 6651.70251197
513 6655.82284485
514 6660.75766214
515 6665.52479147
516 6669.88467859
517 6674.36434283
518 6679.08356131
519 6682.96433996
520 6687.03676199
521 6690.96545149
522 6695.08578437
523 6698.63118709
524 6702.29636692
525 6705.38661658
526 6708.06962404
527 6711.32756167
528 6714.32198964
529 6716.81335371
530 6719.61613829
531 6721.82003727
532 6723.49691694
533 6725.34148457
534 6727.4974727
535 6728.81502101
536 6730.13256932
537 6731.23451881
538 6732.40833457
539 6733.3425961
540 6734.20499135
541 6735.18716373
542 6735.81000474
543 6736.36097949
544 6736.86404339
545 6737.27128559
546 6737.70248322
547 6738.08577
548 6738.51696763
549 6739.06794237
550 6739.66682797
551 6740.0022039
552 6740.5052678
553 6741.0083317
554 6741.60721729
555 6742.39774627
556 6743.30805238
557 6744.26626933
558 6745.2484417
559 6746.37434662
560 6747.50025153
561 6749.03339865
562 6750.71027831
563 6752.02782662
564 6753.58492916
565 6755.21389798
566 6757.01055476
567 6758.95094408
568 6760.62782375
569 6762.66403476
570 6765.03562172
571 6767.38325324
572 6770.09021613
573 6771.9826946
574 6774.01890562
575 6775.98325037
576 6778.16319393
577 6780.17544952
578 6782.33143766
579 6784.15204987
580 6785.82892953
581 6787.84118512
582 6789.42224309
583 6790.62001428
584 6792.00942885
585 6793.27906631
586 6794.42892665
587 6795.81834123
588 6797.11193411
589 6798.21388361
590 6799.10023428
591 6799.89076327
592 6800.60942598
593 6801.18435615
594 6801.83115259
595 6802.5498153
596 6803.17265632
597 6803.62780937
598 6804.13087327
599 6804.49020463
600 6804.87349141
601 6805.28073361
602 6805.472377
603 6805.83170836
604 6806.19103971
605 6806.55037107
606 6807.02947954
607 6807.84396395
608 6809.04173514
609 6809.68853158
610 6810.62279311
611 6811.48518836
612 6812.27571735
613 6813.18602345
614 6813.97655243
615 6814.9587248
616 6815.70134294
617 6816.77933701
618 6817.68964311
619 6818.7915926
620 6819.82167583
621 6821.01944701
622 6822.09744108
623 6823.31916769
624 6824.70858227
625 6826.33755108
626 6827.8706982
627 6829.3798899
628 6831.05676956
629 6832.58991668
630 6833.83559872
631 6835.51247838
632 6836.80607126
633 6838.26735211
634 6839.75258838
635 6841.07013669
636 6842.45955127
637 6843.75314415
638 6844.95091534
639 6846.31637449
640 6847.68183364
641 6848.80773856
642 6850.02946517
643 6851.4667906
644 6852.80829433
645 6854.07793178
646 6855.56316806
647 6856.66511755
648 6857.81497789
649 6859.08461535
650 6860.52194077
651 6861.76762281
652 6863.32472535
653 6864.97764959
654 6866.58266298
655 6868.16372095
656 6869.84060061
657 6871.61330197
658 6873.55369129
659 6875.49408061
660 6877.50633621
661 6879.2071713
662 6880.71636299
663 6882.60884147
664 6884.52527537
665 6886.29797672
666 6888.07067808
667 6889.79546859
668 6891.71190249
669 6893.31691588
670 6895.23334978
671 6896.81440775
672 6898.2756886
673 6899.71301402
674 6901.65340335
675 6902.99490708
676 6904.21663369
677 6905.46231572
678 6906.49239894
679 6907.66621471
680 6908.74420878
681 6909.65451488
682 6910.6845981
683 6911.42721624
684 6912.33752234
685 6913.1040959
686 6913.55924895
687 6914.15813454
688 6914.54142132
689 6915.18821776
690 6915.54754912
691 6916.09852387
692 6916.50576607
693 6916.76927573
694 6917.05674082
695 6917.32025048
696 6917.53584929
697 6917.89518065
698 6918.15869031
699 6918.42219997
700 6918.7575759
701 6919.06899641
702 6919.2606398
703 6919.42832777
704 6919.59601573
705 6919.73974828
706 6919.93139167
707 6920.05116879
708 6920.1709459
709 6920.31467845
710 6920.43445557
711 6920.57818811
712 6920.69796523
713 6920.88960862
714 6921.08125201
715 6921.34476167
716 6921.48849421
717 6921.70409302
718 6921.94364726
719 6922.1832015
720 6922.25506777
721 6922.6862654
722 6923.1893293
723 6923.81217031
724 6924.45896675
725 6924.89016438
726 6925.65673794
727 6926.54308862
728 6927.14197421
729 6928.12414659
730 6929.44169489
731 6930.7592432
732 6932.46007829
733 6934.04113625
734 6935.78988219
735 6938.35311253
736 6940.19768016
737 6942.40157914
738 6944.55756728
739 6946.5937783
740 6948.77372186
741 6950.97762084
742 6953.34920779
743 6955.81661644
744 6958.93082153
745 6961.49405187
746 6964.46452441
747 6966.78820052
748 6969.20769831
749 6971.89070577
750 6974.50184696
751 6977.30463154
752 6979.72412934
753 6982.21549341
754 6984.49125867
755 6986.31187087
756 6988.39599274
757 6990.28847121
758 6992.22886054
759 6994.14529444
760 6995.91799579
761 6997.76256342
762 6999.36757681
763 7000.94863478
764 7002.17036139
765 7003.51186512
766 7004.92523512
767 7006.02718461
768 7006.98540156
769 7008.11130648
770 7009.02161258
771 7010.21938377
772 7011.27342242
773 7012.59097072
774 7013.66896479
775 7014.57927089
776 7015.51353242
777 7016.902947
778 7017.98094106
779 7019.39431107
780 7020.71185937
781 7022.02940768
782 7023.29904514
783 7024.99988022
784 7026.14974056
785 7027.85057565
786 7029.93469751
787 7031.94695311
788 7033.86338701
789 7035.49235582
790 7037.64834396
791 7039.68455498
792 7042.27174074
793 7044.33190719
794 7046.24834109
795 7048.16477499
796 7050.32076312
797 7052.7163055
798 7055.44722381
799 7057.33970228
800 7059.18426991
801 7061.00488212
802 7062.84944974
803 7064.90961619
804 7066.46671873
805 7068.11964297
806 7069.91629975
807 7071.66504568
808 7073.53356874
809 7074.94693874
810 7076.45613043
811 7077.9413667
812 7079.0433162
813 7080.21713196
814 7081.3669923
815 7082.42103095
816 7083.47506959
817 7084.40933112
818 7085.31963722
819 7086.25389875
820 7086.99651688
821 7087.78704587
822 7088.33802061
823 7089.00877248
824 7089.55974722
825 7089.91907858
826 7090.27840993
827 7090.66169671
828 7091.11684977
829 7091.50013655
830 7093.53634756
831 7099.28564926
832 7106.97534029
833 7113.99427944
834 7126.59483234
835 7144.27393506
836 7163.15080897
837 7185.14188797
838 7206.6538585
839 7230.27390632
840 7248.02487531
841 7263.09283685
842 7274.35188601
843 7283.57472415
844 7289.8750006
845 7296.17527704
846 7300.60703044
847 7304.17638858
848 7307.5301479
849 7310.38084333
850 7313.97415689
851 7316.46552096
852 7319.19643927
853 7320.99309605
854 7323.29281673
855 7325.01760724
856 7326.5986652
857 7328.05994605
858 7328.97025215
859 7330.23988961
860 7331.15019572
861 7332.08445724
862 7332.92289707
863 7333.80924775
864 7334.45604419
865 7335.00701894
866 7335.55799369
867 7335.89336962
868 7336.34852267
869 7336.80367572
870 7337.09114081
871 7337.37860589
872 7337.76189267
873 7337.95353606
874 7338.40868911
875 7338.81593131
876 7339.31899521
877 7339.67832657
878 7340.30116759
879 7340.94796403
880 7341.45102793
881 7341.90618098
882 7342.4332003
883 7343.03208589
884 7343.51119437
885 7344.13403539
886 7344.46941132
887 7344.94851979
888 7345.47553912
889 7345.93069217
890 7346.2660681
891 7346.74517658
892 7347.34406217
893 7347.94294776
894 7348.39810081
895 7349.02094183
896 7349.52400573
897 7349.88333709
898 7350.57804438
899 7351.08110827
900 7351.70394929
901 7352.39865658
902 7353.16523014
903 7353.57247234
904 7354.17135794
905 7355.10561946
906 7356.03988099
907 7356.99809794
908 7358.19586913
909 7359.39364031
910 7360.35185726
911 7361.02260913
912 7362.02873693
913 7363.05882015
914 7364.40032388
915 7365.3345854
916 7366.60422286
917 7367.73012778
918 7368.64043388
919 7369.45491829
920 7370.36522439
921 7371.44321846
922 7372.4972571
923 7373.67107287
924 7374.70115609
925 7375.87497185
926 7376.78527795
927 7377.55185151
928 7378.3423805
929 7379.27664202
930 7380.01926016
931 7380.92956626
932 7381.5763627
933 7382.10338203
934 7382.86995559
935 7383.4927966
936 7384.16354847
937 7384.76243406
938 7385.38527508
939 7385.93624983
940 7386.53513542
941 7386.96633305
942 7387.22984271
943 7387.66104034
944 7388.02037169
945 7388.3317922
946 7388.85881152
947 7389.26605373
948 7389.55351881
949 7389.86493932
950 7390.05658271
951 7390.48778034
952 7390.77524542
953 7391.01479966
954 7391.32622017
955 7391.63764068
956 7391.90115034
957 7392.06883831
958 7392.28443712
959 7392.42816966
960 7392.5719022
961 7392.73959017
962 7392.95518898
963 7393.24265407
964 7393.41034204
965 7393.60198543
966 7393.81758424
967 7393.96131678
968 7394.15296017
969 7394.27273729
970 7394.34460356
971 7394.41646983
972 7394.46438068
973 7394.56020238
974 7394.75184577
975 7394.84766746
976 7394.91953373
977 7394.94348916
978 7395.01535543
979 7395.11117712
980 7395.11117712
981 7395.25490966
982 7395.35073136
983 7395.51841933
984 7395.61424102
985 7395.71006272
986 7395.78192899
987 7395.87775068
988 7395.92566153
989 7395.94961695
990 7396.06939407
991 7396.16521577
992 7396.23708204
993 7396.33290373
994 7396.45268085
995 7396.5005917
996 7396.66827967
997 7396.69223509
998 7396.81201221
999 7396.97970017
1000 7397.12343272
1001 7397.21925441
1002 7397.33903153
1003 7397.45880865
1004 7397.53067492
1005 7397.60254119
1006 7397.69836289
1007 7397.86605085
1008 7397.9139617
1009 7398.03373882
1010 7398.08164967
1011 7398.27329306
1012 7398.36911475
1013 7398.46493645
1014 7398.60866899
1015 7398.68053526
1016 7398.80031238
1017 7398.99195577
1018 7399.08777746
1019 7399.27942085
1020 7399.3273317
1021 7399.44710882
1022 7399.59084136
1023 7399.7345739
1024 7399.75852933
1025 7399.80644018
1026 7399.95017272
1027 7400.06994984
1028 7400.2376378
1029 7400.38137035
1030 7400.54905831
1031 7400.62092458
1032 7400.81256797
1033 7400.90838967
1034 7401.10003306
1035 7401.21981018
1036 7401.31563187
1037 7401.43540899
1038 7401.57914153
1039 7401.7468295
1040 7401.86660662
1041 7401.91451747
1042 7402.08220543
1043 7402.20198255
1044 7402.34571509
1045 7402.46549221
1046 7402.70504645
1047 7402.77691272
1048 7402.80086814
1049 7402.96855611
1050 7403.13624408
1051 7403.42370916
1052 7403.63930798
1053 7403.73512967
1054 7403.97468391
1055 7404.33401526
1056 7404.74125747
1057 7405.02872255
1058 7405.22036594
1059 7405.50783103
1060 7405.81925154
1061 7406.03485035
1062 7406.29836001
1063 7406.63373594
1064 7406.87329018
1065 7407.28053239
1066 7407.75964086
1067 7408.19083849
1068 7408.74181323
1069 7409.43652052
1070 7410.01145069
1071 7410.44264832
1072 7410.87384595
1073 7411.328999
1074 7411.92788459
1075 7412.6465473
1076 7413.38916544
1077 7413.91618476
1078 7414.46715951
1079 7415.25768849
1080 7416.02426205
1081 7416.38359341
1082 7417.10225612
1083 7417.89278511
1084 7418.63540324
1085 7419.56966477
1086 7420.38414918
1087 7421.15072274
1088 7422.06102884
1089 7422.7317807
1090 7423.30671087
1091 7424.07328443
1092 7424.7440363
1093 7425.43874359
1094 7426.30113884
1095 7426.92397986
1096 7427.71450884
1097 7428.24152816
1098 7428.79250291
1099 7429.4872102
1100 7430.20587291
1101 7430.80475851
1102 7431.66715376
1103 7432.3139502
1104 7432.93679122
1105 7433.51172139
1106 7434.18247325
1107 7434.82926969
1108 7435.1406902
1109 7435.47606614
1110 7435.90726376
1111 7436.36241681
1112 7436.96130241
1113 7437.46436631
1114 7437.77578682
1115 7437.99138563
1116 7438.59027122
1117 7438.92564716
1118 7439.26102309
1119 7439.59639902
1120 7439.9796858
1121 7440.12341834
1122 7440.41088343
1123 7440.79417021
1124 7441.03372445
1125 7441.20141241
1126 7441.44096665
1127 7441.63261004
1128 7441.92007512
1129 7442.20754021
1130 7442.44709445
1131 7442.61478241
1132 7442.83038123
1133 7443.04598004
1134 7443.23762343
1135 7443.47717767
1136 7443.64486563
1137 7443.9083753
1138 7444.07606326
1139 7444.24375123
1140 7444.43539462
1141 7444.67494886
1142 7444.8186814
1143 7444.93845852
1144 7445.13010191
1145 7445.36965614
1146 7445.60921038
1147 7445.68107665
1148 7445.89667547
1149 7446.20809597
1150 7446.30391767
1151 7446.39973936
1152 7446.59138275
1153 7446.80698157
1154 7447.09444665
1155 7447.42982259
1156 7447.74124309
1157 7447.90893106
1158 7448.29221784
1159 7448.53177208
1160 7448.96296971
1161 7449.20252394
1162 7449.63372157
1163 7449.9690975
1164 7450.44820598
1165 7450.83149276
1166 7451.26269039
1167 7451.78970971
1168 7452.41255073
1169 7453.15516886
1170 7453.8019653
1171 7454.42480632
1172 7455.11951361
1173 7455.62257751
1174 7456.07773056
1175 7456.724527
1176 7457.29945717
1177 7457.77856565
1178 7458.6409609
1179 7459.69499954
1180 7460.70112734
1181 7461.5635226
1182 7462.40196243
1183 7463.40809023
1184 7464.55795057
1185 7465.58803379
1186 7466.45042904
1187 7467.36073514
1188 7468.46268464
1189 7469.6365004
1190 7470.57076193
1191 7471.98413193
1192 7473.18190311
1193 7474.28385261
1194 7475.3858021
1195 7476.94290464
1196 7478.06880956
1197 7479.33844702
1198 7480.20084227
1199 7481.37465804
1200 7482.57242922
1201 7483.72228956
1202 7484.8721499
1203 7485.90223312
1204 7487.10000431
1205 7488.13008753
1206 7489.2080816
1207 7490.59749618
1208 7491.36406974
1209 7492.60975177
1210 7493.78356754
1211 7494.83760618
1212 7495.65209059
1213 7496.68217381
1214 7497.71225703
1215 7498.62256313
1216 7499.34122585
1217 7500.05988856
1218 7501.04206093
1219 7501.95236704
1220 7502.86267314
1221 7503.98857805
1222 7504.99470585
1223 7505.68941314
1224 7506.50389755
1225 7507.31838195
1226 7508.03704467
1227 7508.63593026
1228 7509.66601348
1229 7510.38467619
1230 7511.12729433
1231 7511.75013535
1232 7512.34902094
1233 7512.99581738
1234 7513.81030179
1235 7514.36127654
1236 7514.84038501
1237 7515.46322603
1238 7515.87046823
1239 7516.39748756
1240 7516.99637315
1241 7517.42757078
1242 7517.76294671
1243 7518.33787688
1244 7518.93676247
1245 7519.34400468
1246 7519.70333603
1247 7520.01475654
1248 7520.51782044
1249 7520.92506264
1250 7521.30834942
1251 7521.73954705
1252 7522.09887841
1253 7522.26656637
1254 7522.48216519
1255 7522.84149654
1256 7523.17687248
1257 7523.48829298
1258 7523.94344604
1259 7524.23091112
1260 7524.47046536
1261 7524.73397502
1262 7525.09330638
1263 7525.35681604
1264 7525.69219197
1265 7525.97965705
1266 7526.33898841
1267 7526.50667638
1268 7526.67436434
1269 7526.84205231
1270 7526.96182943
1271 7527.39302706
1272 7527.70444756
1273 7528.01586807
1274 7528.13564519
1275 7528.37519943
1276 7528.49497655
1277 7528.68661994
1278 7528.87826333
1279 7528.99804045
1280 7529.18968384
1281 7529.40528265
1282 7529.62088146
1283 7529.88439112
1284 7530.09998994
1285 7530.33954418
1286 7530.69887553
1287 7530.93842977
1288 7531.13007316
1289 7531.13007316
1290 7531.24985028
1291 7531.48940452
1292 7531.63313706
1293 7531.70500333
1294 7531.94455757
1295 7532.08829011
1296 7532.32784435
1297 7532.42366604
1298 7532.49553231
1299 7532.63926486
1300 7532.73508655
1301 7532.83090825
1302 7532.92672994
1303 7533.04650706
1304 7533.14232875
1305 7533.33397214
1306 7533.40583842
1307 7533.47770469
1308 7533.54957096
1309 7533.71725892
1310 7533.95681316
1311 7534.1005457
1312 7534.38801079
1313 7534.65152045
1314 7534.81920842
1315 7535.05876265
1316 7535.17853977
1317 7535.37018316
1318 7535.44204943
1319 7535.63369282
1320 7535.7055591
1321 7535.84929164
1322 7535.94511333
1323 7536.04093503
1324 7536.18466757
1325 7536.23257842
1326 7536.35235554
1327 7536.44817723
1328 7536.6158652
1329 7536.75959774
1330 7536.85541944
1331 7536.97519655
1332 7537.09497367
1333 7537.26266164
1334 7537.38243876
1335 7537.47826045
1336 7537.66990384
1337 7537.81363639
1338 7537.88550266
1339 7537.98132435
1340 7538.07714605
1341 7538.19692317
1342 7538.34065571
1343 7538.41252198
1344 7538.69998706
1345 7538.72394249
1346 7538.91558588
1347 7538.98745215
1348 7539.20305096
1349 7539.37073893
1350 7539.4426052
1351 7539.49051605
1352 7539.5384269
1353 7539.61029317
1354 7539.75402571
1355 7539.96962452
1356 7540.06544622
1357 7540.20917876
1358 7540.30500046
1359 7540.37686673
1360 7540.42477757
1361 7540.448733
1362 7540.59246554
1363 7540.68828724
1364 7540.73619808
1365 7540.87993063
1366 7541.02366317
1367 7541.09552944
1368 7541.16739571
1369 7541.26321741
1370 7541.40694995
1371 7541.4548608
1372 7541.55068249
1373 7541.62254876
1374 7541.67045961
1375 7541.81419215
1376 7541.88605842
1377 7541.95792469
1378 7542.02979096
1379 7542.17352351
1380 7542.22143435
1381 7542.3651669
1382 7542.46098859
1383 7542.55681029
1384 7542.58076571
1385 7542.62867656
1386 7542.72449825
1387 7542.82031995
1388 7542.89218622
1389 7543.08382961
1390 7543.20360673
1391 7543.275473
1392 7543.37129469
1393 7543.46711639
1394 7543.51502724
1395 7543.61084893
1396 7543.63480436
1397 7543.6827152
1398 7543.89831402
1399 7543.94622486
1400 7544.04204656
1401 7544.25764537
1402 7544.32951164
1403 7544.40137792
1404 7544.47324419
1405 7544.52115503
1406 7544.64093215
1407 7544.7846647
1408 7544.97630809
1409 7545.14399605
1410 7545.26377317
1411 7545.31168402
1412 7545.55123826
1413 7545.5991491
1414 7545.71892622
1415 7545.93452504
1416 7546.05430215
1417 7546.26990097
1418 7546.43758893
1419 7546.67714317
1420 7546.94065283
1421 7547.53953843
1422 7547.97073605
1423 7548.71335419
1424 7549.19246267
1425 7549.98299165
1426 7550.65374351
1427 7551.3484508
1428 7552.09106894
1429 7552.64204369
1430 7553.64817148
1431 7554.60638843
1432 7556.0916247
1433 7557.1935742
1434 7558.6069442
1435 7560.25986844
1436 7562.439812
1437 7565.17073031
1438 7566.94343166
1439 7570.12950302
1440 7572.95624302
1441 7576.93284337
1442 7580.5980232
1443 7585.46097422
1444 7589.5813071
1445 7594.9233666
1446 7600.21751525
1447 7606.75734593
1448 7613.63255255
1449 7620.50775916
1450 7628.94006832
1451 7636.55789307
1452 7646.4754385
1453 7655.84200919
1454 7665.61582208
1455 7675.84478802
1456 7685.83419972
1457 7698.26706465
1458 7710.29268737
1459 7725.0492284
1460 7737.98515722
1461 7755.30492859
1462 7768.91160928
1463 7786.73444455
1464 7803.74279541
1465 7823.29042118
1466 7841.01743476
1467 7859.39124477
1468 7881.59792259
1469 7901.60070141
1470 7926.37060957
1471 7948.76893077
1472 7975.98229215
1473 7999.434652
1474 8027.98951711
1475 8052.61569272
1476 8079.97278664
1477 8106.80286124
1478 8133.3933816
1479 8164.99058552
1480 8192.03625893
1481 8226.62789082
1482 8255.44626559
1483 8290.70864935
1484 8320.43733022
1485 8355.86740194
1486 8385.62003823
1487 8416.83395538
1488 8453.19828862
1489 8483.62167678
1490 8520.94422698
1491 8554.1464443
1492 8591.80437043
1493 8624.95867689
1494 8661.94585116
1495 8694.66896
1496 8733.64443444
1497 8764.3792431
1498 8797.50959415
1499 8835.09565401
1500 8867.89062912
1501 10000.0
