0 0.0
1 0.0
2 0.0
3 0.0
4 0.0
5 0.0
6 0.0
7 0.0
8 0.0
55 0.0443742345445
56 0.843110456345
57 2.88432524539
58 9.0301567298
59 27.7782708248
60 86.9291254726
61 169.953318305
62 227.928255738
63 365.333073004
64 523.81565168
65 611.920694368
66 669.40751522
67 709.277764959
68 742.447505281
69 764.479312732
70 780.786843927
71 794.010365821
72 805.214860044
73 814.089706953
74 822.365501695
75 829.687250395
76 836.609630984
77 842.378281475
78 848.879106835
79 855.291183727
80 863.677914056
81 872.02027015
82 879.253270381
83 887.15188413
84 893.430838318
85 899.266050161
86 905.21219759
87 910.403983031
88 914.064857381
89 918.835087595
90 923.42782087
91 926.755888461
92 929.862084879
93 933.101404001
94 935.564174018
95 938.004756918
96 940.134720176
97 942.619677311
98 945.614938142
99 947.434281759
100 948.56582474
101 949.608619251
102 951.339214399
103 952.825751256
104 953.691048829
105 955.044462983
106 956.131631729
107 959.237828147
108 962.676831325
109 964.629297645
110 966.581763965
111 968.223610643
112 969.310779389
113 973.016027974
114 976.920960613
115 978.451871705
116 979.649976038
117 980.604022081
118 981.469319654
119 982.556488401
120 984.264896431
121 985.640497701
122 986.882976269
123 987.837022311
124 989.012939527
125 990.144482508
126 991.83070342
127 995.24751948
128 998.131844726
129 1000.48367916
130 1002.05896448
131 1003.47893999
132 1004.87672838
133 1006.36326523
134 1007.78324074
135 1010.80068869
136 1013.79594952
137 1015.28248638
138 1016.50277783
139 1017.52338522
140 1018.07806315
141 1018.76586379
142 1019.49803866
143 1020.42989758
144 1021.25082092
145 1022.18267985
146 1023.18110013
147 1024.86732104
148 1027.28571682
149 1029.68192549
150 1031.45689487
151 1034.09716182
152 1035.71682138
153 1038.64552086
154 1040.4870516
155 1043.59324802
156 1049.36189851
157 1053.93244467
158 1056.39521468
159 1058.61392641
160 1060.21139885
161 1061.52043877
162 1062.71854311
163 1063.96102167
164 1065.09256465
165 1066.22410763
166 1066.86753404
167 1067.99907702
168 1068.86437459
169 1069.75185928
170 1070.32872433
171 1071.17183479
172 1072.08150659
173 1073.47929498
174 1074.6552122
175 1075.76456806
176 1076.60767852
177 1077.42860186
178 1078.75982889
179 1079.69168782
180 1080.8232308
181 1081.91039955
182 1082.46507748
183 1083.9072401
184 1085.66002236
185 1086.74719111
186 1087.81217274
187 1088.85496725
188 1089.564955
189 1090.43025258
190 1091.60616979
191 1093.31457782
192 1095.71078649
193 1097.24169758
194 1098.37324056
195 1099.7044676
196 1101.21319157
197 1102.32254744
198 1104.40813646
199 1105.98342179
200 1107.42558441
201 1109.75523172
202 1114.25921653
203 1118.91851116
204 1121.47002964
205 1122.84563091
206 1124.55403894
207 1125.66339481
208 1126.77275067
209 1127.57148689
210 1128.45897158
211 1129.21333357
212 1129.94550844
213 1130.65549619
214 1131.34329683
215 1132.05328458
216 1132.40827846
217 1132.94076927
218 1133.58419567
219 1134.1388736
220 1134.73792577
221 1135.18166812
222 1135.49228776
223 1135.73634605
224 1136.04696569
225 1136.42414668
226 1137.02319885
227 1137.55568966
228 1138.13255471
229 1138.48754859
230 1138.8869167
231 1140.12939527
232 1142.79184934
233 1145.94241999
234 1150.49077903
235 1156.57004917
236 1165.66676725
237 1176.73813877
238 1196.99497684
239 1244.09822681
240 1291.17928966
241 1335.70883402
242 1367.59172154
243 1397.94369797
244 1426.3653952
245 1464.28317862
246 1488.24526527
247 1510.56550525
248 1549.57045741
249 1581.43115781
250 1610.14128756
251 1662.05914198
252 1784.95358455
253 1916.54537709
254 2039.28450984
255 2111.85857044
256 2173.49438222
257 2212.69901844
258 2245.535952
259 2276.08761249
260 2297.941923
261 2320.15122739
262 2336.14813894
263 2353.52065177
264 2366.07856014
265 2381.25454836
266 2395.16587089
267 2409.94249099
268 2425.11847921
269 2439.22948579
270 2453.98391878
271 2464.58936083
272 2474.72887343
273 2481.78437672
274 2488.92862848
275 2494.32009798
276 2499.20126378
277 2502.99526083
278 2506.92238059
279 2510.96043593
280 2514.06663235
281 2517.35032571
282 2519.45810185
283 2521.78774916
284 2523.78458972
285 2525.75924315
286 2527.77827082
287 2529.99698255
288 2531.61664211
289 2533.32505014
290 2535.36626493
291 2536.80842755
292 2538.33933865
293 2539.98118532
294 2541.60084489
295 2543.13175598
296 2544.64047995
297 2546.2379524
298 2547.90198619
299 2549.05571629
300 2550.29819486
301 2551.7625446
302 2553.31564281
303 2554.89092813
304 2556.19996805
305 2557.5533822
306 2558.84023501
307 2559.79428105
308 2560.88144979
309 2561.83549584
310 2562.83391611
311 2563.89889774
312 2564.85294379
313 2565.85136406
314 2567.0494684
315 2567.93695309
316 2569.04630895
317 2569.97816788
318 2571.06533662
319 2572.0637569
320 2572.59624771
321 2573.41717105
322 2573.90528763
323 2574.6374625
324 2575.36963737
325 2576.21274783
326 2576.85617423
327 2577.76584604
328 2578.47583379
329 2579.05269884
330 2579.85143506
331 2580.56142282
332 2581.47109462
333 2582.04795967
334 2582.71357319
335 2583.22387689
336 2584.08917446
337 2584.46635546
338 2584.95447204
339 2585.50914997
340 2586.10820213
341 2586.61850583
342 2587.10662241
343 2587.57255187
344 2588.10504269
345 2588.43784945
346 2589.05908873
347 2589.61376666
348 2590.21281883
349 2590.54562559
350 2591.01155505
351 2591.54404587
352 2592.67558885
353 2593.36338948
354 2594.029003
355 2594.82773922
356 2595.91490797
357 2596.93551536
358 2597.77862582
359 2598.86579457
360 2599.75327926
361 2600.75169953
362 2601.8610554
363 2602.83728856
364 2603.81352172
365 2604.78975488
366 2605.87692362
367 2606.91971813
368 2607.89595129
369 2608.89437157
370 2609.78185626
371 2610.49184402
372 2611.49026429
373 2612.3999361
374 2613.17648521
375 2614.0639699
376 2614.81833188
377 2615.83893928
378 2616.34924298
379 2617.30328902
380 2617.9245283
381 2618.74545164
382 2619.45543939
383 2620.3651112
384 2621.0085376
385 2621.56321553
386 2622.40632599
387 2623.16068798
388 2623.69317879
389 2624.24785672
390 2624.64722484
391 2625.246277
392 2625.66783223
393 2625.97845187
394 2626.5331298
395 2627.0434335
396 2627.57592432
397 2627.97529243
398 2628.35247342
399 2628.66309306
400 2628.99589982
401 2629.39526793
402 2629.77244893
403 2630.21619127
404 2630.37150109
405 2630.6377465
406 2630.92617902
407 2631.2811729
408 2631.68054101
409 2632.03553489
410 2632.34615453
411 2632.81208399
412 2633.23363922
413 2633.47769751
414 2633.7217558
415 2634.18768526
416 2634.3651822
417 2634.72017608
418 2635.09735707
419 2635.45235095
420 2635.80734482
421 2636.00702888
422 2636.25108717
423 2636.51733258
424 2637.00544916
425 2637.3160688
426 2637.51575285
427 2637.78199826
428 2637.9594952
429 2638.18136637
430 2638.42542466
431 2638.95791548
432 2639.15759953
433 2639.3794707
434 2639.62352899
435 2639.82321305
436 2640.00070999
437 2640.35570386
438 2640.68851062
439 2640.97694315
440 2641.22100144
441 2641.50943396
442 2641.75349225
443 2642.04192478
444 2642.37473154
445 2642.64097694
446 2642.840661
447 2643.06253217
448 2643.28440334
449 2643.50627452
450 2643.83908128
451 2644.1275138
452 2644.2606365
453 2644.48250768
454 2644.72656597
455 2645.12593408
456 2645.45874084
457 2645.70279913
458 2646.07998012
459 2646.36841264
460 2646.5680967
461 2646.90090346
462 2647.2115231
463 2647.54432986
464 2647.76620103
465 2647.92151085
466 2648.18775626
467 2648.43181455
468 2648.58712437
469 2649.0086796
470 2649.27492501
471 2649.62991888
472 2649.94053853
473 2650.18459682
474 2650.36209375
475 2650.56177781
476 2650.76146186
477 2650.91677169
478 2651.22739133
479 2651.36051403
480 2651.64894656
481 2651.84863061
482 2652.15925025
483 2652.42549566
484 2652.86923801
485 2653.13548341
486 2653.40172882
487 2653.62359999
488 2653.97859387
489 2654.24483928
490 2654.37796198
491 2654.68858162
492 2654.84389144
493 2655.13232397
494 2655.35419514
495 2655.59825343
496 2655.88668595
497 2656.21949271
498 2656.64104794
499 2656.95166758
500 2657.21791299
501 2657.35103569
502 2657.66165534
503 2657.90571363
504 2658.06102345
505 2658.17195903
506 2658.37164309
507 2658.72663697
508 2659.03725661
509 2659.48099895
510 2659.74724436
511 2660.03567688
512 2660.41285788
513 2660.67910329
514 2660.96753581
515 2661.41127816
516 2661.69971068
517 2662.05470456
518 2662.63156961
519 2663.1418733
520 2663.69655123
521 2664.20685493
522 2665.09433962
523 2665.9596372
524 2666.71399918
525 2667.73460658
526 2668.68865262
527 2669.90894407
528 2671.12923552
529 2672.50483679
530 2674.10230924
531 2675.52228474
532 2677.43037683
533 2679.60471432
534 2681.66811622
535 2683.79807948
536 2685.90585562
537 2688.41299988
538 2691.36388647
539 2694.44789577
540 2696.95504003
541 2699.79499104
542 2702.41307087
543 2705.49708018
544 2708.95827047
545 2712.57477059
546 2715.94721241
547 2719.69683523
548 2723.04708994
549 2727.17389375
550 2730.50196134
551 2734.36251975
552 2738.2896395
553 2742.2611335
554 2745.89982073
555 2749.96006319
556 2754.06467988
557 2757.83648982
558 2761.43080282
559 2766.2897815
560 2769.7509718
561 2773.4784075
562 2777.87145672
563 2781.93169918
564 2785.21539253
565 2789.45313193
566 2793.38025169
567 2797.75111379
568 2801.56729796
569 2805.40566925
570 2809.37716324
571 2813.45959282
572 2817.32015123
573 2821.09196116
574 2826.08406255
575 2830.72117006
576 2835.20296775
577 2840.03975931
578 2844.41062142
579 2849.29178722
580 2854.08420455
581 2859.0319317
582 2864.66745949
583 2869.99236763
584 2875.91632794
585 2882.08434655
586 2888.60735902
587 2894.79756474
588 2901.69775821
589 2908.30951916
590 2916.43000408
591 2924.68361171
592 2933.33658744
593 2942.47767976
594 2952.550631
595 2962.91201477
596 2973.69495376
597 2983.767905
598 2994.83927652
599 3005.51127993
600 3017.89169137
601 3030.31647704
602 3043.362502
603 3056.45290119
604 3067.85707947
605 3081.10278848
606 3093.48319991
607 3105.48643036
608 3117.4896608
609 3128.98258755
610 3140.67519835
611 3151.6578214
612 3162.86231563
613 3173.57869327
614 3183.67383163
615 3193.85771845
616 3204.5740961
617 3213.20488472
618 3222.5678482
619 3230.44427484
620 3238.56475976
621 3246.59649621
622 3254.27323879
623 3261.75029731
624 3268.76142637
625 3276.17192353
626 3283.02774277
627 3289.43981966
628 3295.7853352
629 3301.84241822
630 3307.7220043
631 3313.3797192
632 3319.10399546
633 3324.56202631
634 3330.70785779
635 3335.32277818
636 3340.82518327
637 3346.41633682
638 3352.07405172
639 3357.08834023
640 3362.14700296
641 3366.60661354
642 3371.08841122
643 3375.90301567
644 3380.49574895
645 3384.75567546
646 3389.74777685
647 3394.20738742
648 3398.88886917
649 3403.39285397
650 3407.47528355
651 3411.60208736
652 3415.97294947
653 3419.92225634
654 3424.20436997
655 3428.24242532
656 3431.85892543
657 3435.76385807
658 3439.38035819
659 3443.39622642
660 3447.19022347
661 3451.05078187
662 3455.62132803
663 3459.54844779
664 3463.80837431
665 3467.62455848
666 3470.84169048
667 3475.101617
668 3479.02873675
669 3482.51211417
670 3486.35048545
671 3489.72292728
672 3493.67223415
673 3497.42185697
674 3501.52647367
675 3505.09859955
676 3509.02571931
677 3512.68659366
678 3516.10340972
679 3519.89740677
680 3523.89108788
681 3527.24134259
682 3530.90221694
683 3534.23028453
684 3538.13521717
685 3541.50765899
686 3545.03541064
687 3548.62972364
688 3552.11310105
689 3555.81834963
690 3559.05766876
691 3562.34136211
692 3565.69161682
693 3569.24155558
694 3573.30179804
695 3576.5854914
696 3579.93574611
697 3583.06412964
698 3586.25907453
699 3589.60932924
700 3592.95958395
701 3596.22109019
702 3599.77102895
703 3603.27659348
704 3606.84871936
705 3610.66490353
706 3614.30359076
707 3617.65384547
708 3621.0262873
709 3625.17527823
710 3629.01364951
711 3632.0754717
712 3635.13729388
713 3638.28786453
714 3641.39406095
715 3644.96618683
716 3648.69362254
717 3651.82200607
718 3654.86164114
719 3658.34501855
720 3661.69527326
721 3665.28958625
722 3668.77296367
723 3671.94572144
724 3675.89502831
725 3679.31184437
726 3682.70647331
727 3686.25641208
728 3689.42916985
729 3693.26754113
730 3696.79529278
731 3699.94586343
732 3703.22955679
733 3706.26919186
734 3709.1535171
735 3712.45939758
736 3716.36433022
737 3719.64802357
738 3722.97609116
739 3726.68133975
740 3729.61003923
741 3732.69404853
742 3736.15523882
743 3738.9508156
744 3742.32325742
745 3745.6291379
746 3748.46908891
747 3751.81934362
748 3754.79241733
749 3757.47705852
750 3760.82731323
751 3764.1331937
752 3767.81625517
753 3770.76714177
754 3773.80677683
755 3777.26796713
756 3780.41853778
757 3783.28067591
758 3786.65311773
759 3789.73712703
760 3792.66582651
761 3796.06045546
762 3799.52164575
763 3802.91627469
764 3806.06684535
765 3809.19522888
766 3812.21267683
767 3815.58511866
768 3818.71350219
769 3821.79751149
770 3825.10339197
771 3828.34271109
772 3831.53765598
773 3834.82134933
774 3838.3712881
775 3841.74372992
776 3844.65024228
777 3847.64550312
778 3851.15106764
779 3854.3016383
780 3857.67408012
781 3860.6027796
782 3863.95303431
783 3867.08141785
784 3870.63135661
785 3873.87067573
786 3877.10999485
787 3880.43806244
788 3883.47769751
789 3886.96107492
790 3890.55538792
791 3893.70595857
792 3896.81215499
793 3899.43023483
794 3902.51424413
795 3905.5538792
796 3908.9041339
797 3912.14345303
798 3915.49370773
799 3918.62209127
800 3922.1276558
801 3925.03416816
802 3928.36223575
803 3931.73467758
804 3934.99618382
805 3938.1911287
806 3941.51919629
807 3944.44789577
808 3947.93127319
809 3951.30371501
810 3954.54303413
811 3957.56048208
812 3960.7998012
813 3964.03912033
814 3967.18969098
815 3970.85056533
816 3973.89020039
817 3977.32920357
818 3980.67945828
819 3983.49722217
820 3986.31498607
821 3990.02023465
822 3993.41486359
823 3997.09792506
824 4000.38161842
825 4003.66531177
826 4006.99337936
827 4010.34363407
828 4013.82701148
829 4017.15507907
830 4020.50533378
831 4023.7446529
832 4027.0727205
833 4030.55609791
834 4033.28511333
835 4036.39130975
836 4039.71937734
837 4042.82557376
838 4046.28676405
839 4049.57045741
840 4052.78758941
841 4056.18221836
842 4059.39935036
843 4062.6608566
844 4065.81142725
845 4069.45011449
846 4073.26629866
847 4076.48343066
848 4079.7449369
849 4082.49613944
850 4086.20138803
851 4089.95101085
852 4093.25689132
853 4097.00651414
854 4101.26644065
855 4104.59450824
856 4107.41227214
857 4110.49628144
858 4114.02403309
859 4116.95273257
860 4120.41392286
861 4124.27448127
862 4127.58036174
863 4131.10811339
864 4134.83554909
865 4137.98611974
866 4142.00198797
867 4144.79756474
868 4148.50281333
869 4152.36337173
870 4155.75800067
871 4158.90857133
872 4162.65819415
873 4166.07501021
874 4169.91338149
875 4173.10832638
876 4176.61389091
877 4179.98633274
878 4183.49189726
879 4187.17495873
880 4190.63614903
881 4194.76295284
882 4198.37945295
883 4202.97218623
884 4206.76618328
885 4210.60455457
886 4214.44292586
887 4218.43660697
888 4222.03091997
889 4225.82491702
890 4229.70766254
891 4234.07852465
892 4237.80596035
893 4241.31152488
894 4245.12770905
895 4249.16576439
896 4252.93757433
897 4257.17531373
898 4260.94712366
899 4264.56362378
900 4268.06918831
901 4271.88537248
902 4276.18967323
903 4280.29428992
904 4284.2435968
905 4288.59227178
906 4292.69688848
907 4296.89025364
908 4300.52894088
909 4304.30075081
910 4308.31661904
911 4312.70966826
912 4317.81270523
913 4322.1391931
914 4326.24380979
915 4330.70342037
916 4334.91897265
917 4339.04577646
918 4343.21695451
919 4347.45469391
920 4351.49274925
921 4355.73048865
922 4360.1679121
923 4364.29471592
924 4367.80028045
925 4372.14895543
926 4376.38669483
927 4380.93505387
928 4384.61811534
929 4387.87962158
930 4391.98423827
931 4396.42166173
932 4400.81471095
933 4404.94151476
934 4409.68955786
935 4413.81636167
936 4417.61035872
937 4421.49310424
938 4425.9305277
939 4430.07951863
940 4433.85132856
941 4438.11125508
942 4442.57086565
943 4446.63110811
944 4450.58041499
945 4454.64065745
946 4459.27776496
947 4463.42675589
948 4467.73105664
949 4471.74692487
950 4475.20811516
951 4479.60116438
952 4484.19389766
953 4488.3650757
954 4493.06874456
955 4497.55054225
956 4501.65515895
957 4506.02602105
958 4510.55219297
959 4515.05617778
960 4519.56016259
961 4524.24164433
962 4528.67906779
963 4533.11649124
964 4537.57610181
965 4542.41289338
966 4546.58407142
967 4551.08805623
968 4556.03578338
969 4560.65070378
970 4565.1768757
971 4569.94710591
972 4574.76171036
973 4579.19913381
974 4583.72530574
975 4588.67303289
976 4592.75546247
977 4597.59225403
978 4602.2959229
979 4606.88865617
980 4611.57013792
981 4616.00756137
982 4621.04403699
983 4626.16926108
984 4631.67166616
985 4636.99657431
986 4641.92211434
987 4647.49108078
988 4652.43880793
989 4656.98716697
990 4661.7795843
991 4666.54981452
992 4671.51972878
993 4676.48964305
994 4681.37080885
995 4685.96354213
996 4690.62283676
997 4694.41683381
998 4699.16487691
999 4704.02385559
1000 4708.88283427
1001 4713.45338043
1002 4717.84642965
1003 4721.75136229
1004 4726.07785016
1005 4730.29340244
1006 4734.8639486
1007 4739.12387511
1008 4743.38380163
1009 4747.93216067
1010 4752.81332647
1011 4757.0954401
1012 4761.68817338
1013 4766.16997107
1014 4770.36333623
1015 4774.40139158
1016 4779.30474449
1017 4783.83091642
1018 4788.46802393
1019 4793.19387991
1020 4797.98629724
1021 4802.60121763
1022 4806.90551838
1023 4810.69951543
1024 4814.75975789
1025 4819.2637427
1026 4823.5014821
1027 4827.31766627
1028 4831.17822468
1029 4835.12753155
1030 4839.4318323
1031 4843.58082323
1032 4848.10699515
1033 4852.45567014
1034 4856.6490353
1035 4860.73146488
1036 4865.23544969
1037 4869.45100197
1038 4873.35593461
1039 4877.68242248
1040 4882.2085944
1041 4886.97882462
1042 4891.66030636
1043 4895.12149665
1044 4899.31486182
1045 4903.50822698
1046 4907.9012762
1047 4912.16120272
1048 4916.55425194
1049 4921.01386251
1050 4925.42909885
1051 4929.7333996
1052 4934.41488134
1053 4938.49731092
1054 4942.80161167
1055 4946.86185413
1056 4951.23271624
1057 4955.31514581
1058 4959.64163368
1059 4964.0346829
1060 4968.44991924
1061 4972.93171693
1062 4977.72413426
1063 4981.87312519
1064 4985.95555477
1065 4990.19329417
1066 4994.20916239
1067 4997.82566251
1068 5002.01902767
1069 5006.1680186
1070 5010.13951259
1071 5014.5103747
1072 5018.57061716
1073 5022.89710502
1074 5027.13484442
1075 5031.12852553
1076 5035.4550134
1077 5039.40432028
1078 5043.81955661
1079 5047.96854754
1080 5051.58504766
1081 5055.82278706
1082 5059.83865528
1083 5064.07639468
1084 5067.60414633
1085 5071.86407284
1086 5075.99087666
1087 5080.18424182
1088 5084.62166528
1089 5088.81503044
1090 5093.23026678
1091 5097.71206447
1092 5102.19386216
1093 5106.56472426
1094 5110.86902501
1095 5115.26207423
1096 5120.05449156
1097 5125.22408988
1098 5129.79463604
1099 5134.32080797
1100 5138.71385719
1101 5143.50627452
1102 5147.94369797
1103 5152.6029926
1104 5156.92948047
1105 5161.89939474
1106 5166.62525071
1107 5170.57455759
1108 5175.83290438
1109 5180.31470207
1110 5184.86306111
1111 5189.72203979
1112 5194.18165037
1113 5199.30687446
1114 5204.01054332
1115 5208.38140542
1116 5213.15163563
1117 5217.89967873
1118 5223.04708994
1119 5227.6176361
1120 5232.7650473
1121 5237.69058734
1122 5242.59394025
1123 5247.74135146
1124 5251.93471663
1125 5256.81588243
1126 5261.85235805
1127 5266.60040114
1128 5271.37063136
1129 5276.22961004
1130 5281.62107954
1131 5285.61476065
1132 5290.89529456
1133 5295.4436536
1134 5300.52450345
1135 5305.60535331
1136 5310.44214487
1137 5314.61332292
1138 5319.73854701
1139 5324.97470669
1140 5330.85429276
1141 5335.82420703
1142 5340.72755995
1143 5345.25373187
1144 5349.82427803
1145 5355.28230888
1146 5360.1856618
1147 5364.82276931
1148 5370.25861304
1149 5375.42821136
1150 5380.61999681
1151 5385.70084666
1152 5390.51545111
1153 5395.90692061
1154 5401.1652674
1155 5406.64548537
1156 5411.65977387
1157 5416.67406237
1158 5421.55522817
1159 5427.12419461
1160 5432.78190951
1161 5438.01806919
1162 5442.87704787
1163 5448.42382719
1164 5453.81529669
1165 5459.42863736
1166 5465.3969719
1167 5470.2781377
1168 5475.73616855
1169 5481.68231598
1170 5487.62846341
1171 5493.61898507
1172 5499.18795151
1173 5505.77752534
1174 5511.52398871
1175 5518.26887236
1176 5523.99314862
1177 5529.82836046
1178 5536.0407533
1179 5542.89657253
1180 5549.75239177
1181 5556.71914659
1182 5563.70808854
1183 5570.07579119
1184 5577.22004295
1185 5583.92055237
1186 5591.55292071
1187 5598.58623689
1188 5606.4404764
1189 5613.82878645
1190 5620.88428975
1191 5628.98258755
1192 5636.14902643
1193 5644.18076288
1194 5652.78936438
1195 5661.30921742
1196 5670.51687108
1197 5678.79266583
1198 5687.55657715
1199 5695.74362342
1200 5704.64065745
1201 5713.71518841
1202 5722.72315803
1203 5732.13049575
1204 5741.47127212
1205 5751.45547489
1206 5760.86281262
1207 5770.15921475
1208 5779.43342977
1209 5788.55233497
1210 5798.07060828
1211 5807.41138465
1212 5816.35279291
1213 5824.89483306
1214 5833.08187934
1215 5842.04547472
1216 5850.72063757
1217 5859.28486484
1218 5867.29441417
1219 5875.30396351
1220 5883.20257726
1221 5890.94588118
1222 5898.84449493
1223 5905.87781111
1224 5912.88894017
1225 5919.16789435
1226 5925.40247431
1227 5931.61486714
1228 5937.11727223
1229 5942.24249632
1230 5947.65615293
1231 5952.07138927
1232 5956.50881272
1233 5960.65780365
1234 5964.60711053
1235 5967.7798683
1236 5971.08574877
1237 5974.28069366
1238 5977.40907719
1239 5980.09371838
1240 5983.26647615
1241 5985.46300076
1242 5987.26015726
1243 5989.25699782
1244 5991.45352243
1245 5992.89568505
1246 5994.40440902
1247 5995.89094588
1248 5997.13342445
1249 5998.15403184
1250 5999.41869753
1251 6000.39493069
1252 6001.39335096
1253 6002.12552583
1254 6002.83551359
1255 6003.78955963
1256 6004.36642468
1257 6005.32047072
1258 6006.03045847
1259 6006.78482046
1260 6007.49480821
1261 6008.1160475
1262 6008.53760273
1263 6009.18102913
1264 6009.62477147
1265 6010.06851382
1266 6010.46788193
1267 6011.13349545
1268 6011.53286356
1269 6012.06535437
1270 6012.42034825
1271 6012.66440654
1272 6013.26345871
1273 6013.79594952
1274 6014.23969187
1275 6014.66124709
1276 6015.03842809
1277 6015.54873178
1278 6016.05903548
1279 6016.48059071
1280 6016.92433306
1281 6017.21276558
1282 6017.70088216
1283 6017.98931468
1284 6018.34430856
1285 6018.78805091
1286 6019.1652319
1287 6019.40929019
1288 6019.6755356
1289 6020.11927794
1290 6020.54083317
1291 6020.9623884
1292 6021.27300804
1293 6021.53925345
1294 6021.96080868
1295 6022.20486697
1296 6022.58204796
1297 6023.02579031
1298 6023.51390689
1299 6023.82452653
1300 6024.31264311
1301 6024.71201122
1302 6025.2001278
1303 6025.51074744
1304 6025.88792843
1305 6026.33167078
1306 6026.70885177
1307 6027.24134259
1308 6027.61852358
1309 6027.95133034
1310 6028.46163404
1311 6028.77225368
1312 6029.03849909
1313 6029.28255738
1314 6029.74848684
1315 6030.0812936
1316 6030.41410036
1317 6030.79128135
1318 6031.21283658
1319 6031.41252063
1320 6031.63439181
1321 6031.96719857
1322 6032.58843785
1323 6032.94343173
1324 6033.18749002
1325 6033.49810966
1326 6033.89747777
1327 6034.27465876
1328 6034.62965264
1329 6034.91808516
1330 6035.38401463
1331 6035.76119562
1332 6036.07181526
1333 6036.31587355
1334 6036.51555761
1335 6036.84836437
1336 6037.15898401
1337 6037.78022329
1338 6038.11303005
1339 6038.33490122
1340 6038.77864357
1341 6039.11145033
1342 6039.3333215
1343 6039.77706385
1344 6040.1098706
1345 6040.59798718
1346 6040.93079394
1347 6041.24141359
1348 6041.59640746
1349 6042.04014981
1350 6042.48389215
1351 6042.81669891
1352 6043.17169279
1353 6043.48231243
1354 6043.74855784
1355 6044.03699036
1356 6044.43635847
1357 6044.90228794
1358 6045.39040452
1359 6045.63446281
1360 6045.92289533
1361 6046.25570209
1362 6046.6550702
1363 6047.18756101
1364 6047.60911624
1365 6048.03067147
1366 6048.319104
1367 6048.80722058
1368 6049.05127887
1369 6049.29533716
1370 6049.65033103
1371 6049.98313779
1372 6050.3825059
1373 6050.60437707
1374 6051.0259323
1375 6051.38092618
1376 6051.6693587
1377 6052.06872681
1378 6052.46809493
1379 6052.91183727
1380 6053.28901826
1381 6053.59963791
1382 6053.9768189
1383 6054.17650296
1384 6054.50930971
1385 6054.753368
1386 6055.130549
1387 6055.41898152
1388 6055.79616252
1389 6056.10678216
1390 6056.37302757
1391 6056.61708586
1392 6057.0608282
1393 6057.46019631
1394 6057.77081595
1395 6058.28111965
1396 6058.724862
1397 6059.07985587
1398 6059.34610128
1399 6059.74546939
1400 6060.03390192
1401 6060.47764426
1402 6060.7882639
1403 6061.01013508
1404 6061.20981913
1405 6061.47606454
1406 6061.8088713
1407 6062.16386517
1408 6062.54104617
1409 6062.89604004
1410 6063.20665969
1411 6063.47290509
1412 6063.89446032
1413 6064.2494542
1414 6064.62663519
1415 6064.98162907
1416 6065.29224871
1417 6065.64724259
1418 6066.09098493
1419 6066.42379169
1420 6066.71222421
1421 6067.24471503
1422 6067.64408314
1423 6068.02126413
1424 6068.37625801
1425 6068.73125189
1426 6069.30811693
1427 6069.81842063
1428 6070.10685316
1429 6070.43965992
1430 6070.75027956
1431 6071.14964767
1432 6071.63776425
1433 6071.94838389
1434 6072.30337777
1435 6072.65837164
1436 6072.96899128
1437 6073.27961093
1438 6073.52366922
1439 6073.98959868
1440 6074.25584409
1441 6074.49990238
1442 6074.69958643
1443 6075.01020607
1444 6075.38738707
1445 6075.72019383
1446 6076.00862635
1447 6076.23049752
1448 6076.65205275
1449 6077.00704663
1450 6077.33985339
1451 6077.69484726
1452 6077.98327979
1453 6078.27171231
1454 6078.67108042
1455 6078.95951295
1456 6079.20357124
1457 6079.35888106
1458 6079.6695007
1459 6080.11324305
1460 6080.42386269
1461 6080.55698539
1462 6080.88979215
1463 6081.11166332
1464 6081.35572161
1465 6081.64415414
1466 6081.91039955
1467 6082.08789648
1468 6082.44289036
1469 6082.75351
1470 6083.24162658
1471 6083.57443334
1472 6083.88505298
1473 6084.26223398
1474 6084.59504074
1475 6084.75035056
1476 6085.17190578
1477 6085.66002236
1478 6086.14813894
1479 6086.56969417
1480 6086.88031381
1481 6087.10218499
1482 6087.25749481
1483 6087.47936598
1484 6087.70123715
1485 6088.05623103
1486 6088.41122491
1487 6088.67747031
1488 6089.25433536
1489 6089.74245194
1490 6090.09744582
1491 6090.4524397
1492 6090.91836916
1493 6091.14024033
1494 6091.49523421
1495 6092.0055379
1496 6092.5158416
1497 6092.82646124
1498 6093.13708089
1499 6093.62519747
1500 6094.09112693
1501 10000.0
