0 0.0
1 0.0
2 0.0
3 0.0
4 0.0
5 0.0
6 0.0
7 0.0
8 0.0
31 0.845070422535
32 1.12676056338
33 2.53521126761
34 5.6338028169
35 6.76056338028
36 7.88732394366
37 10.985915493
38 13.8028169014
39 15.7746478873
40 18.3098591549
41 21.4084507042
42 24.5070422535
43 27.8873239437
44 32.3943661972
45 34.9295774648
46 38.3098591549
47 41.6901408451
48 46.7605633803
49 50.7042253521
50 53.8028169014
51 56.9014084507
52 61.4084507042
53 65.9154929577
54 72.676056338
55 77.1830985915
56 82.8169014085
57 87.6056338028
58 95.2112676056
59 99.7183098592
60 106.197183099
61 113.802816901
62 118.028169014
63 122.816901408
64 128.732394366
65 134.084507042
66 139.718309859
67 144.788732394
68 149.577464789
69 154.084507042
70 161.126760563
71 165.352112676
72 169.577464789
73 174.366197183
74 179.436619718
75 184.507042254
76 190.704225352
77 196.338028169
78 202.253521127
79 207.887323944
80 214.366197183
81 217.464788732
82 221.971830986
83 225.633802817
84 230.422535211
85 234.647887324
86 240.281690141
87 244.225352113
88 247.887323944
89 252.957746479
90 256.901408451
91 260.563380282
92 266.197183099
93 270.985915493
94 274.366197183
95 279.718309859
96 283.661971831
97 287.887323944
98 290.985915493
99 294.647887324
100 298.309859155
101 303.661971831
102 308.732394366
103 311.549295775
104 313.802816901
105 319.154929577
106 323.661971831
107 327.605633803
108 332.676056338
109 335.774647887
110 338.591549296
111 343.661971831
112 346.478873239
113 350.704225352
114 353.521126761
115 358.028169014
116 360.281690141
117 365.633802817
118 369.295774648
119 373.23943662
120 377.746478873
121 382.816901408
122 386.76056338
123 392.112676056
124 397.464788732
125 404.225352113
126 409.014084507
127 412.112676056
128 416.338028169
129 421.690140845
130 427.323943662
131 431.267605634
132 433.23943662
133 436.901408451
134 439.154929577
135 443.661971831
136 447.887323944
137 452.112676056
138 455.211267606
139 458.309859155
140 463.943661972
141 468.732394366
142 472.957746479
143 477.746478873
144 481.408450704
145 485.352112676
146 489.577464789
147 494.084507042
148 496.901408451
149 499.718309859
150 504.788732394
151 509.014084507
152 512.394366197
153 515.774647887
154 521.126760563
155 525.352112676
156 530.422535211
157 533.802816901
158 538.028169014
159 545.070422535
160 548.169014085
161 554.084507042
162 561.408450704
163 567.605633803
164 573.23943662
165 578.309859155
166 582.535211268
167 587.605633803
168 592.676056338
169 598.873239437
170 605.633802817
171 611.549295775
172 618.591549296
173 625.070422535
174 630.985915493
175 636.61971831
176 641.126760563
177 645.633802817
178 652.957746479
179 662.253521127
180 669.014084507
181 676.338028169
182 686.197183099
183 689.577464789
184 694.647887324
185 698.591549296
186 701.690140845
187 707.323943662
188 711.830985915
189 716.056338028
190 723.098591549
191 726.197183099
192 729.85915493
193 734.929577465
194 1730.70422535
195 2907.6056338
196 3753.23943662
197 5299.71830986
198 5516.61971831
199 5656.61971831
200 5730.70422535
201 5771.83098592
202 5801.97183099
203 5828.16901408
204 5857.74647887
205 5888.16901408
206 5909.01408451
207 6024.22535211
208 6068.45070423
209 6150.70422535
210 6183.09859155
211 6203.94366197
212 6229.85915493
213 6252.11267606
214 6269.29577465
215 6283.94366197
216 6295.77464789
217 6304.22535211
218 6311.26760563
219 6317.18309859
220 6321.12676056
221 6327.88732394
222 6330.98591549
223 6335.21126761
224 6340.56338028
225 6342.25352113
226 6345.07042254
227 6347.88732394
228 6351.26760563
229 6363.94366197
230 6369.29577465
231 6383.09859155
232 6386.76056338
233 6389.85915493
234 6392.95774648
235 6394.08450704
236 6396.33802817
237 6396.90140845
238 6399.43661972
239 6402.53521127
240 6404.78873239
241 6406.76056338
242 6408.16901408
243 6409.57746479
244 6411.83098592
245 6413.52112676
246 6415.77464789
247 6429.85915493
248 6436.05633803
249 6441.12676056
250 6446.47887324
251 6451.26760563
252 6453.23943662
253 6455.49295775
254 6459.71830986
255 6461.4084507
256 6464.22535211
257 6465.63380282
258 6467.04225352
259 6469.57746479
260 6471.26760563
261 6474.36619718
262 6476.90140845
263 6478.5915493
264 6481.4084507
265 6483.94366197
266 6487.04225352
267 6490.98591549
268 6498.5915493
269 6505.35211268
270 6536.05633803
271 6541.69014085
272 6546.76056338
273 6550.42253521
274 6552.67605634
275 6556.90140845
276 6563.66197183
277 6566.47887324
278 6570.70422535
279 6591.26760563
280 6602.81690141
281 6673.52112676
282 6701.97183099
283 6711.26760563
284 6718.87323944
285 6725.63380282
286 6730.98591549
287 6737.18309859
288 6744.50704225
289 6748.73239437
290 6753.8028169
291 6757.18309859
292 6761.97183099
293 6766.1971831
294 6772.11267606
295 6777.46478873
296 6780.84507042
297 6785.91549296
298 6790.70422535
299 6797.46478873
300 6799.71830986
301 6803.09859155
302 6807.6056338
303 6812.3943662
304 6815.77464789
305 6820.84507042
306 6902.81690141
307 6915.77464789
308 7030.14084507
309 7046.76056338
310 7052.67605634
311 7060.28169014
312 7064.22535211
313 7069.01408451
314 7074.64788732
315 7080.84507042
316 7087.04225352
317 7090.42253521
318 7093.23943662
319 7096.05633803
320 7100.56338028
321 7104.22535211
322 7107.04225352
323 7109.29577465
324 7110.98591549
325 7113.8028169
326 7115.21126761
327 7116.90140845
328 7118.5915493
329 7119.71830986
330 7121.12676056
331 7122.81690141
332 7124.50704225
333 7125.63380282
334 7126.76056338
335 7128.73239437
336 7129.57746479
337 7130.42253521
338 7131.26760563
339 7132.95774648
340 7134.08450704
341 7136.05633803
342 7136.33802817
343 7137.46478873
344 7138.02816901
345 7138.87323944
346 7138.87323944
347 7139.43661972
348 7140.28169014
349 7141.12676056
350 7141.4084507
351 7142.25352113
352 7143.09859155
353 7143.66197183
354 7144.22535211
355 7144.78873239
356 7145.63380282
357 7147.32394366
358 7149.01408451
359 7150.70422535
360 7152.67605634
361 7154.36619718
362 7154.64788732
363 7156.61971831
364 7158.30985915
365 7158.87323944
366 7158.87323944
367 7159.43661972
368 7160.84507042
369 7160.84507042
370 7161.69014085
371 7161.97183099
372 7162.53521127
373 7163.38028169
374 7163.94366197
375 7163.94366197
376 7164.50704225
377 7164.78873239
378 7165.07042254
379 7165.63380282
380 7166.47887324
381 7166.76056338
382 7167.32394366
383 7167.6056338
384 7167.88732394
385 7168.16901408
386 7168.16901408
387 7168.45070423
388 7168.73239437
389 7169.57746479
390 7169.57746479
391 7169.57746479
392 7170.42253521
393 7170.98591549
394 7171.83098592
395 7172.67605634
396 7172.95774648
397 7174.08450704
398 7174.92957746
399 7175.21126761
400 7175.49295775
401 7176.05633803
402 7176.33802817
403 7177.18309859
404 7177.18309859
405 7177.46478873
406 7177.74647887
407 7177.74647887
408 7178.5915493
409 7179.71830986
410 7180.56338028
411 7180.84507042
412 7181.12676056
413 7181.4084507
414 7181.97183099
415 7182.53521127
416 7182.81690141
417 7183.38028169
418 7183.38028169
419 7183.66197183
420 7183.66197183
421 7183.66197183
422 7183.94366197
423 7184.50704225
424 7185.07042254
425 7185.35211268
426 7185.91549296
427 7186.1971831
428 7194.92957746
429 7210.14084507
430 7218.5915493
431 7277.46478873
432 7284.78873239
433 7289.29577465
434 7293.52112676
435 7296.61971831
436 7299.15492958
437 7299.71830986
438 7301.4084507
439 7303.09859155
440 7303.66197183
441 7305.35211268
442 7306.1971831
443 7306.76056338
444 7307.6056338
445 7309.29577465
446 7309.57746479
447 7309.85915493
448 7310.14084507
449 7311.54929577
450 7312.11267606
451 7312.3943662
452 7312.67605634
453 7312.95774648
454 7314.08450704
455 7314.36619718
456 7314.64788732
457 7314.64788732
458 7315.21126761
459 7315.77464789
460 7316.05633803
461 7317.46478873
462 7317.74647887
463 7318.30985915
464 7318.5915493
465 7319.43661972
466 7320.0
467 7320.84507042
468 7320.84507042
469 7321.12676056
470 7321.69014085
471 7321.97183099
472 7322.25352113
473 7322.81690141
474 7323.09859155
475 7323.09859155
476 7324.22535211
477 7324.78873239
478 7325.07042254
479 7325.63380282
480 7325.63380282
481 7326.47887324
482 7327.04225352
483 7327.6056338
484 7328.16901408
485 7328.45070423
486 7329.29577465
487 7329.85915493
488 7330.42253521
489 7330.98591549
490 7331.26760563
491 7331.83098592
492 7332.11267606
493 7332.3943662
494 7343.94366197
495 7359.71830986
496 7361.4084507
497 7371.83098592
498 7373.23943662
499 7376.05633803
500 7376.90140845
501 7378.5915493
502 7379.15492958
503 7380.28169014
504 7381.69014085
505 7382.53521127
506 7382.81690141
507 7383.66197183
508 7385.07042254
509 7385.91549296
510 7386.47887324
511 7386.47887324
512 7387.32394366
513 7387.88732394
514 7388.45070423
515 7389.01408451
516 7389.01408451
517 7389.57746479
518 7390.14084507
519 7390.14084507
520 7390.42253521
521 7390.42253521
522 7390.70422535
523 7390.98591549
524 7392.11267606
525 7392.3943662
526 7392.95774648
527 7393.8028169
528 7394.08450704
529 7394.36619718
530 7394.36619718
531 7394.92957746
532 7395.77464789
533 7395.77464789
534 7396.05633803
535 7396.61971831
536 7396.90140845
537 7396.90140845
538 7397.46478873
539 7398.02816901
540 7399.15492958
541 7399.15492958
542 7399.43661972
543 7399.71830986
544 7400.28169014
545 7400.84507042
546 7400.84507042
547 7401.12676056
548 7401.4084507
549 7401.4084507
550 7401.69014085
551 7402.53521127
552 7403.09859155
553 7403.66197183
554 7403.94366197
555 7404.50704225
556 7404.78873239
557 7405.63380282
558 7407.6056338
559 7408.45070423
560 7409.29577465
561 7410.70422535
562 7411.26760563
563 7412.11267606
564 7412.3943662
565 7413.52112676
566 7413.8028169
567 7414.36619718
568 7414.92957746
569 7414.92957746
570 7415.21126761
571 7416.33802817
572 7416.90140845
573 7417.74647887
574 7418.02816901
575 7418.30985915
576 7418.5915493
577 7418.87323944
578 7419.15492958
579 7419.43661972
580 7420.0
581 7420.84507042
582 7421.4084507
583 7421.97183099
584 7427.6056338
585 7434.64788732
586 7436.33802817
587 7476.05633803
588 7488.16901408
589 7491.83098592
590 7493.8028169
591 7495.21126761
592 7498.87323944
593 7501.4084507
594 7503.09859155
595 7504.50704225
596 7504.78873239
597 7505.63380282
598 7505.63380282
599 7505.91549296
600 7507.6056338
601 7507.88732394
602 7508.45070423
603 7509.01408451
604 7509.85915493
605 7509.85915493
606 7510.14084507
607 7510.14084507
608 7510.14084507
609 7510.14084507
610 7510.70422535
611 7511.26760563
612 7511.54929577
613 7512.3943662
614 7512.67605634
615 7512.67605634
616 7513.23943662
617 7513.8028169
618 7513.8028169
619 7514.36619718
620 7515.21126761
621 7515.77464789
622 7516.33802817
623 7516.33802817
624 7516.61971831
625 7517.18309859
626 7517.74647887
627 7518.02816901
628 7518.87323944
629 7519.43661972
630 7520.28169014
631 7520.84507042
632 7521.12676056
633 7521.97183099
634 7522.53521127
635 7522.81690141
636 7523.09859155
637 7523.38028169
638 7524.22535211
639 7524.22535211
640 7525.07042254
641 7525.07042254
642 7534.08450704
643 7621.97183099
644 7640.28169014
645 7664.50704225
646 7768.16901408
647 7783.09859155
648 7788.16901408
649 7793.52112676
650 7800.0
651 7803.09859155
652 7810.70422535
653 7814.08450704
654 7816.90140845
655 7819.71830986
656 7821.4084507
657 7823.66197183
658 7824.50704225
659 7825.63380282
660 7826.76056338
661 7827.6056338
662 7828.16901408
663 7828.45070423
664 7829.29577465
665 7829.85915493
666 7830.70422535
667 7830.98591549
668 7830.98591549
669 7831.54929577
670 7832.67605634
671 7833.23943662
672 7833.52112676
673 7834.36619718
674 7834.92957746
675 7836.05633803
676 7836.61971831
677 7838.30985915
678 7838.30985915
679 7839.15492958
680 7839.71830986
681 7840.28169014
682 7841.12676056
683 7841.69014085
684 7842.53521127
685 7843.09859155
686 7843.94366197
687 7844.22535211
688 7845.35211268
689 7845.35211268
690 7845.91549296
691 7846.76056338
692 7847.04225352
693 7847.32394366
694 7848.45070423
695 7849.01408451
696 7849.85915493
697 7850.14084507
698 7851.54929577
699 7852.3943662
700 7852.95774648
701 7853.52112676
702 7854.36619718
703 7855.77464789
704 7857.74647887
705 7858.5915493
706 7859.15492958
707 7859.43661972
708 7859.43661972
709 7860.0
710 7860.0
711 7860.84507042
712 7861.12676056
713 7861.69014085
714 7861.97183099
715 7862.25352113
716 7862.53521127
717 7862.53521127
718 7863.38028169
719 7863.38028169
720 7863.66197183
721 7865.07042254
722 7865.63380282
723 7866.47887324
724 7867.04225352
725 7867.88732394
726 7869.01408451
727 7870.14084507
728 7872.11267606
729 7872.3943662
730 7873.52112676
731 7874.64788732
732 7875.49295775
733 7875.77464789
734 7876.61971831
735 7878.02816901
736 7878.30985915
737 7879.15492958
738 7880.28169014
739 7881.69014085
740 7882.53521127
741 7883.94366197
742 7884.78873239
743 7885.07042254
744 7885.35211268
745 7885.91549296
746 7887.6056338
747 7888.45070423
748 7888.73239437
749 7889.57746479
750 7890.14084507
751 7891.83098592
752 7892.11267606
753 7893.52112676
754 7893.8028169
755 7894.92957746
756 7895.49295775
757 7896.05633803
758 7896.33802817
759 7897.18309859
760 7898.02816901
761 7898.02816901
762 7898.02816901
763 7898.02816901
764 7898.5915493
765 7899.71830986
766 7900.0
767 7900.28169014
768 7900.84507042
769 7901.12676056
770 7901.97183099
771 7902.53521127
772 7904.22535211
773 7905.07042254
774 7905.35211268
775 7905.63380282
776 7905.91549296
777 7905.91549296
778 7906.1971831
779 7906.47887324
780 7906.76056338
781 7906.76056338
782 7907.04225352
783 7907.6056338
784 7907.88732394
785 7908.16901408
786 7908.45070423
787 7908.73239437
788 7909.01408451
789 7909.57746479
790 7909.85915493
791 7910.70422535
792 7910.70422535
793 7911.54929577
794 7912.3943662
795 7912.95774648
796 7912.95774648
797 7913.8028169
798 7914.08450704
799 7914.08450704
800 7914.08450704
801 7914.08450704
802 7914.64788732
803 8090.14084507
804 8333.8028169
805 8405.35211268
806 8483.94366197
807 8892.95774648
808 9360.84507042
809 9440.56338028
810 9519.15492958
811 9558.87323944
812 9598.30985915
813 9636.33802817
814 9666.1971831
815 9684.50704225
816 9703.09859155
817 9723.38028169
818 9733.8028169
819 9741.12676056
820 9749.01408451
821 9753.8028169
822 9759.15492958
823 9764.22535211
824 9770.42253521
825 9774.64788732
826 9777.74647887
827 9781.4084507
828 9783.94366197
829 9785.35211268
830 9787.6056338
831 9789.01408451
832 9792.11267606
833 9792.95774648
834 9794.92957746
835 9796.90140845
836 9799.43661972
837 9799.71830986
838 9800.0
839 9800.84507042
840 9802.81690141
841 9803.66197183
842 9806.76056338
843 9808.16901408
844 9809.57746479
845 9812.11267606
846 9815.49295775
847 9816.33802817
848 9818.5915493
849 9820.84507042
850 9822.25352113
851 9823.38028169
852 9823.94366197
853 9824.78873239
854 9826.1971831
855 9827.32394366
856 9828.73239437
857 9829.57746479
858 9830.70422535
859 9831.26760563
860 9832.95774648
861 9834.92957746
862 9836.05633803
863 9836.90140845
864 9837.46478873
865 9838.02816901
866 9838.5915493
867 9838.87323944
868 9838.87323944
869 9838.87323944
870 9839.43661972
871 9839.71830986
872 9839.71830986
873 9840.0
874 9840.28169014
875 9841.12676056
876 9841.4084507
877 9841.4084507
878 9841.4084507
879 9841.4084507
880 9841.4084507
881 9841.4084507
882 9841.69014085
883 9841.69014085
884 9841.97183099
885 9841.97183099
886 9842.25352113
887 9842.25352113
888 9842.25352113
889 9842.81690141
890 9843.09859155
891 9843.38028169
892 9843.38028169
893 9843.66197183
894 9843.66197183
895 9843.66197183
896 9843.66197183
897 9843.66197183
898 9843.94366197
899 9844.22535211
900 9844.50704225
901 9844.50704225
902 9844.50704225
903 9844.50704225
904 9844.50704225
905 9844.50704225
906 9844.78873239
907 9844.78873239
908 9845.07042254
909 9845.35211268
910 9845.35211268
911 9845.35211268
912 9846.1971831
913 9846.1971831
914 9846.47887324
915 9846.47887324
916 9846.76056338
917 9847.32394366
918 9847.32394366
919 9847.32394366
920 9847.32394366
921 9847.32394366
922 9848.45070423
923 9848.45070423
924 9848.45070423
925 9848.45070423
926 9849.01408451
927 9849.01408451
928 9849.29577465
929 9849.29577465
930 9849.57746479
931 9849.57746479
932 9849.57746479
933 9849.85915493
934 9850.14084507
935 9850.42253521
936 9850.70422535
937 9850.70422535
938 9850.98591549
939 9850.98591549
940 9851.26760563
941 9851.54929577
942 9851.54929577
943 9851.83098592
944 9851.83098592
945 9852.11267606
946 9852.3943662
947 9852.67605634
948 9852.67605634
949 9852.67605634
950 9852.67605634
951 9852.95774648
952 9852.95774648
953 9853.23943662
954 9853.23943662
955 9853.23943662
956 9853.23943662
957 9853.52112676
958 9853.52112676
959 9853.52112676
960 9853.52112676
961 9853.8028169
962 9854.08450704
963 9854.08450704
964 9854.08450704
965 9854.08450704
966 9854.36619718
967 9854.36619718
968 9854.64788732
969 9854.64788732
970 9854.64788732
971 9854.92957746
972 9854.92957746
973 9854.92957746
974 9854.92957746
975 9854.92957746
976 9855.21126761
977 9855.21126761
978 9855.77464789
979 9855.77464789
980 9855.77464789
981 9856.33802817
982 9856.33802817
983 9856.90140845
984 9857.46478873
985 9857.46478873
986 9857.46478873
987 9857.74647887
988 9858.02816901
989 9858.02816901
990 9858.02816901
991 9858.02816901
992 9858.02816901
993 9858.02816901
994 9858.02816901
995 9858.30985915
996 9858.30985915
997 9858.30985915
998 9858.30985915
999 9858.87323944
1000 9859.15492958
1001 9859.15492958
1002 9859.43661972
1003 9859.43661972
1004 9859.43661972
1005 9859.43661972
1006 9859.43661972
1007 9859.43661972
1008 9859.43661972
1009 9860.0
1010 9860.28169014
1011 9860.28169014
1012 9860.28169014
1013 9860.28169014
1014 9860.56338028
1015 9860.84507042
1016 9861.12676056
1017 9861.12676056
1018 9861.12676056
1019 9861.12676056
1020 9861.12676056
1021 9861.4084507
1022 9861.69014085
1023 9861.97183099
1024 9861.97183099
1025 9861.97183099
1026 9862.25352113
1027 9862.25352113
1028 9862.53521127
1029 9862.81690141
1030 9863.38028169
1031 9863.38028169
1032 9863.38028169
1033 9863.38028169
1034 9863.66197183
1035 9863.94366197
1036 9863.94366197
1037 9864.22535211
1038 9864.50704225
1039 9865.07042254
1040 9865.63380282
1041 9865.63380282
1042 9865.63380282
1043 9866.1971831
1044 9866.1971831
1045 9866.1971831
1046 9866.47887324
1047 9866.76056338
1048 9866.76056338
1049 9867.32394366
1050 9867.6056338
1051 9867.88732394
1052 9868.45070423
1053 9868.73239437
1054 9869.01408451
1055 9869.29577465
1056 9869.29577465
1057 9869.57746479
1058 9870.14084507
1059 9870.14084507
1060 9870.42253521
1061 9870.70422535
1062 9870.98591549
1063 9871.26760563
1064 9871.54929577
1065 9871.54929577
1066 9871.54929577
1067 9871.54929577
1068 9871.83098592
1069 9872.11267606
1070 9872.11267606
1071 9872.3943662
1072 9872.67605634
1073 9872.95774648
1074 9873.23943662
1075 9873.8028169
1076 9874.08450704
1077 9874.08450704
1078 9874.36619718
1079 9875.49295775
1080 9875.49295775
1081 9875.49295775
1082 9875.77464789
1083 9876.05633803
1084 9876.33802817
1085 9876.61971831
1086 9876.90140845
1087 9876.90140845
1088 9877.18309859
1089 9878.02816901
1090 9878.5915493
1091 9878.87323944
1092 9878.87323944
1093 9879.15492958
1094 9879.15492958
1095 9879.71830986
1096 9880.0
1097 9880.0
1098 9880.28169014
1099 9880.28169014
1100 9880.84507042
1101 9881.4084507
1102 9881.69014085
1103 9881.69014085
1104 9881.69014085
1105 9881.69014085
1106 9881.69014085
1107 9881.97183099
1108 9882.53521127
1109 9883.38028169
1110 9883.38028169
1111 9883.66197183
1112 9883.94366197
1113 9885.07042254
1114 9885.07042254
1115 9885.63380282
1116 9886.1971831
1117 9886.76056338
1118 9886.76056338
1119 9886.76056338
1120 9887.04225352
1121 9887.32394366
1122 9887.88732394
1123 9888.16901408
1124 9888.73239437
1125 9888.73239437
1126 9889.57746479
1127 9890.42253521
1128 9890.98591549
1129 9890.98591549
1130 9891.26760563
1131 9891.83098592
1132 9892.11267606
1133 9892.11267606
1134 9892.3943662
1135 9892.67605634
1136 9892.95774648
1137 9893.8028169
1138 9894.08450704
1139 9894.64788732
1140 9894.92957746
1141 9894.92957746
1142 9894.92957746
1143 9895.21126761
1144 9895.77464789
1145 9896.05633803
1146 9896.61971831
1147 9897.46478873
1148 9898.02816901
1149 9899.43661972
1150 9900.0
1151 9900.84507042
1152 9901.69014085
1153 9902.25352113
1154 9902.53521127
1155 9903.38028169
1156 9904.22535211
1157 9904.22535211
1158 9904.50704225
1159 9904.50704225
1160 9904.78873239
1161 9904.78873239
1162 9904.78873239
1163 9905.35211268
1164 9906.47887324
1165 9907.32394366
1166 9907.88732394
1167 9908.45070423
1168 9909.85915493
1169 9910.70422535
1170 9911.26760563
1171 9911.26760563
1172 9911.83098592
1173 9912.3943662
1174 9912.67605634
1175 9913.23943662
1176 9913.52112676
1177 9913.8028169
1178 9915.77464789
1179 9916.33802817
1180 9916.61971831
1181 9916.61971831
1182 9917.74647887
1183 9918.30985916
1184 9919.15492958
1185 9920.84507042
1186 9921.69014085
1187 9921.97183099
1188 9922.53521127
1189 9923.66197183
1190 9925.35211268
1191 9925.91549296
1192 9926.76056338
1193 9927.04225352
1194 9927.32394366
1195 9929.01408451
1196 9929.85915493
1197 9930.14084507
1198 9930.70422535
1199 9931.54929577
1200 9932.3943662
1201 9933.52112676
1202 9934.64788732
1203 9934.92957746
1204 9936.05633803
1205 9937.18309859
1206 9937.74647887
1207 9938.02816901
1208 9938.87323944
1209 9938.87323944
1210 9938.87323944
1211 9939.43661972
1212 9940.0
1213 9940.56338028
1214 9940.84507042
1215 9941.69014085
1216 9942.25352113
1217 9943.94366197
1218 9944.78873239
1219 9946.47887324
1220 9947.32394366
1221 9948.73239437
1222 9949.29577465
1223 9950.14084507
1224 9951.54929577
1225 9952.3943662
1226 9953.23943662
1227 9953.8028169
1228 9954.64788732
1229 9954.92957746
1230 9955.77464789
1231 9955.77464789
1232 9956.33802817
1233 9956.90140845
1234 9956.90140845
1235 9957.18309859
1236 9957.74647887
1237 9958.02816901
1238 9958.5915493
1239 9959.43661972
1240 9961.4084507
1241 9961.69014085
1242 9961.97183099
1243 9962.53521127
1244 9963.09859155
1245 9963.09859155
1246 9963.38028169
1247 9963.66197183
1248 9964.78873239
1249 9965.63380282
1250 9966.1971831
1251 9966.47887324
1252 9967.32394366
1253 9967.88732394
1254 9968.45070423
1255 9969.01408451
1256 9969.85915493
1257 9971.26760563
1258 9971.54929577
1259 9972.11267606
1260 9972.95774648
1261 9974.08450704
1262 9974.08450704
1263 9974.64788732
1264 9974.64788732
1265 9975.21126761
1266 9975.77464789
1267 9975.77464789
1268 9975.77464789
1269 9976.33802817
1270 9976.61971831
1271 9977.74647887
1272 9978.5915493
1273 9978.87323944
1274 9978.87323944
1275 9978.87323944
1276 9978.87323944
1277 9979.43661972
1278 9979.71830986
1279 9980.28169014
1280 9980.28169014
1281 9980.28169014
1282 9980.56338028
1283 9980.56338028
1284 9981.4084507
1285 9982.25352113
1286 9982.25352113
1287 9982.25352113
1288 9982.53521127
1289 9983.09859155
1290 9983.38028169
1291 9984.50704225
1292 9984.50704225
1293 9985.07042254
1294 9985.07042254
1295 9985.07042254
1296 9985.35211268
1297 9986.47887324
1298 9986.47887324
1299 9987.04225352
1300 9987.32394366
1301 9987.88732394
1302 9987.88732394
1303 9987.88732394
1304 9988.16901408
1305 9988.73239437
1306 9989.29577465
1307 9989.57746479
1308 9990.42253521
1309 9990.42253521
1310 9990.42253521
1311 9990.42253521
1312 9990.98591549
1313 9990.98591549
1314 9991.54929577
1315 9991.54929577
1316 9991.54929577
1317 9991.54929577
1318 9991.54929577
1319 9992.11267606
1320 9992.11267606
1321 9992.11267606
1322 9992.11267606
1323 9992.67605634
1324 9992.67605634
1325 9992.67605634
1326 9993.23943662
1327 9993.23943662
1328 9993.23943662
1329 9993.23943662
1330 9993.23943662
1331 9993.23943662
1332 9993.23943662
1333 9993.52112676
1334 9993.52112676
1335 9993.52112676
1336 9993.52112676
1337 9994.08450704
1338 9994.08450704
1339 9994.36619718
1340 9994.36619718
1341 9994.64788732
1342 9994.92957746
1343 9994.92957746
1344 9995.49295775
1345 9995.49295775
1346 9995.77464789
1347 9995.77464789
1348 9996.33802817
1349 9996.33802817
1350 9996.61971831
1351 9996.90140845
1352 9996.90140845
1353 9996.90140845
1354 9997.18309859
1355 9997.18309859
1356 9997.18309859
1357 9997.18309859
1358 9997.46478873
1359 9997.46478873
1360 9997.74647887
1361 9997.74647887
1362 9997.74647887
1363 9997.74647887
1364 9997.74647887
1365 9998.02816901
1366 9998.02816901
1367 9998.02816901
1368 9998.02816901
1369 9998.02816901
1370 9998.02816901
1371 9998.02816901
1372 9998.02816901
1373 9998.02816901
1374 9998.02816901
1380 9998.30985916
1381 9998.30985916
1382 9998.30985916
1383 9998.30985916
1384 9998.30985916
1385 9998.30985916
1386 9998.30985916
1387 9998.30985916
1388 9998.30985916
1389 9998.30985916
1398 9998.5915493
1399 9998.5915493
1400 9998.5915493
1401 9998.5915493
1402 9998.5915493
1403 9998.5915493
1404 9998.5915493
1405 9998.5915493
1406 9998.5915493
1407 9998.5915493
1414 9998.87323944
1415 9998.87323944
1416 9999.15492958
1417 9999.15492958
1418 9999.15492958
1419 9999.15492958
1420 9999.15492958
1421 9999.15492958
1422 9999.15492958
1423 9999.15492958
1424 9999.15492958
1425 9999.43661972
1426 9999.43661972
1427 9999.71830986
1428 9999.71830986
1429 9999.71830986
1430 9999.71830986
1431 9999.71830986
1432 9999.71830986
1433 9999.71830986
1434 9999.71830986
1435 9999.71830986
1436 9999.71830986
1501 10000.0
