0 0.0
1 0.0
2 0.0
3 0.0
4 0.0
5 0.0
6 0.0
7 0.0
8 0.0
32 0.0222378875786
33 0.0222378875786
34 0.0222378875786
35 0.0222378875786
36 0.0222378875786
37 0.0222378875786
38 0.0222378875786
39 0.0444757751572
40 0.0889515503143
41 0.111189437893
42 0.111189437893
43 0.111189437893
44 0.15566521305
45 0.15566521305
46 0.15566521305
47 0.15566521305
48 0.15566521305
49 0.15566521305
50 0.177903100629
51 0.200140988207
52 0.200140988207
53 0.222378875786
54 0.222378875786
55 0.222378875786
56 0.222378875786
57 0.222378875786
58 0.266854650943
59 0.3113304261
60 0.355806201257
61 0.378044088836
62 0.378044088836
63 0.378044088836
64 0.422519863993
65 0.422519863993
66 0.444757751572
67 0.46699563915
68 0.511471414307
69 0.511471414307
70 0.533709301886
71 0.578185077043
72 0.6226608522
73 0.644898739779
74 0.644898739779
75 0.644898739779
76 0.689374514936
77 0.711612402515
78 0.756088177672
79 0.756088177672
80 0.800563952829
81 0.800563952829
82 0.845039727986
83 0.845039727986
84 0.889515503143
85 0.911753390722
86 0.9339912783
87 1.00070494104
88 1.04518071619
89 1.11189437893
90 1.20084592924
91 1.22308381682
92 1.2453217044
93 1.26755959198
94 1.28979747956
95 1.33427325471
96 1.35651114229
97 1.44546269261
98 1.46770058019
99 1.51217635534
100 1.53441424292
101 1.60112790566
102 1.62336579324
103 1.64560368082
104 1.69007945597
105 1.75679311871
106 1.8679825566
107 1.8679825566
108 1.89022044418
109 1.93469621934
110 2.02364776965
111 2.06812354481
112 2.15707509512
113 2.20155087028
114 2.24602664544
115 2.33497819575
116 2.37945397091
117 2.37945397091
118 2.37945397091
119 2.42392974607
120 2.44616763364
121 2.46840552122
122 2.51288129638
123 2.53511918396
124 2.55735707154
125 2.64630862185
126 2.64630862185
127 2.69078439701
128 2.73526017217
129 2.75749805974
130 2.86868749764
131 2.91316327279
132 2.95763904795
133 3.02435271069
134 3.06882848584
135 3.113304261
136 3.20225581132
137 3.29120736163
138 3.4246346871
139 3.51358623742
140 3.58029990015
141 3.71372722562
142 3.75820300078
143 3.82491666352
144 3.91386821383
145 4.02505765172
146 4.09177131446
147 4.13624708962
148 4.18072286477
149 4.22519863993
150 4.26967441509
151 4.40310174056
152 4.44757751572
153 4.55876695361
154 4.62548061635
155 4.73667005424
156 4.82562160455
157 4.9812868176
158 5.02576259276
159 5.11471414307
160 5.20366569339
161 5.24814146855
162 5.33709301886
163 5.49275823191
164 5.62618555738
165 5.80408865801
166 5.89304020832
167 5.93751598348
168 6.04870542137
169 6.11541908411
170 6.27108429716
171 6.40451162263
172 6.5379389481
173 6.649128386
174 6.82703148663
175 6.91598303694
176 7.02717247483
177 7.18283768788
178 7.36074078851
179 7.44969233883
180 7.56088177672
181 7.62759543945
182 7.80549854008
183 8.00563952829
184 8.13906685376
185 8.22801840408
186 8.36144572955
187 8.45039727986
188 8.65053826807
189 8.87291714385
190 8.91739291901
191 9.00634446933
192 9.16200968238
193 9.339912783
194 130.8699684
195 285.200908195
196 387.00595753
197 586.969042637
198 610.029732056
199 627.953469444
200 634.647073605
201 638.938985908
202 642.363620595
203 645.699303732
204 648.65694278
205 651.169824076
206 653.660467485
207 657.863428237
208 662.377719416
209 667.158865245
210 670.60573782
211 672.829526578
212 675.453597312
213 677.432769306
214 679.701033839
215 681.791395272
216 683.45923684
217 684.504417556
218 685.416170947
219 686.261210675
220 687.017298853
221 687.862338581
222 688.573950983
223 689.485704374
224 690.375219877
225 690.997880729
226 691.442638481
227 691.709493132
228 692.176488771
229 693.822092452
230 695.111889931
231 696.268260085
232 697.135537701
233 697.535819677
234 698.025053204
235 698.358621518
236 698.847855045
237 699.470515897
238 700.004225199
239 700.604648163
240 701.138357465
241 701.538639442
242 701.872207755
243 702.361441282
244 702.739485371
245 703.362146223
246 703.806903975
247 705.363556105
248 706.208595833
249 711.1009311
250 712.146111817
251 712.968913657
252 713.636050284
253 714.169759586
254 714.881371989
255 715.570746504
256 716.460262007
257 716.993971309
258 717.705583711
259 718.461671889
260 719.195522179
261 719.929372469
262 720.552033321
263 721.374835162
264 722.019733901
265 722.798059967
266 723.821002795
267 724.666042523
268 726.044791553
269 726.912069169
270 728.290818199
271 729.158095814
272 730.425655406
273 731.381884572
274 732.249162188
275 733.583435442
276 734.606378271
277 735.8072242
278 736.852404916
279 737.652968869
280 738.631435923
281 739.876757627
282 741.010889894
283 741.789215959
284 742.856634563
285 744.079718379
286 745.302802196
287 746.681551226
288 747.504353066
289 748.48282012
290 749.639190274
291 750.884511978
292 751.885216919
293 752.819208198
294 753.908864689
295 755.198662169
296 756.421745986
297 757.377975151
298 758.40091798
299 759.379385033
300 760.491279412
301 761.647649566
302 762.692830283
303 763.649059449
304 764.449623401
305 765.227949467
306 767.473976112
307 768.719297816
308 770.587280373
309 771.654698977
310 772.299597717
311 772.966734344
312 773.878487735
313 774.679051688
314 775.279474652
315 776.102276493
316 776.76941312
317 777.458787635
318 777.814593836
319 778.415016801
320 779.015439765
321 779.460197517
322 779.971668931
323 780.616567671
324 781.016849647
325 781.683986275
326 782.262171352
327 782.840356429
328 783.28511418
329 783.952250808
330 784.330294897
331 784.930717861
332 785.486665051
333 786.331704779
334 787.465837045
335 789.422771152
336 792.447123863
337 796.583370952
338 804.544534706
339 816.019284696
340 833.876308422
341 860.917579717
342 902.102147513
343 961.477307348
344 1042.97916532
345 1150.21025923
346 1282.9259723
347 1457.02639415
348 1668.35303981
349 1916.30548631
350 2198.23742503
351 2493.97909194
352 2830.06028691
353 3185.39949253
354 3558.77362498
355 3925.67653213
356 4261.93563021
357 4601.64160086
358 4913.21664372
359 5196.23823894
360 5446.88146984
361 5657.07398323
362 5846.78540216
363 6008.89960261
364 6148.08654096
365 6262.65613777
366 6356.74464011
367 6440.31462163
368 6512.96580035
369 6576.7885377
370 6631.29360016
371 6676.72560448
372 6717.95464805
373 6757.38242273
374 6790.58358888
375 6821.13844642
376 6846.62306558
377 6868.57186062
378 6889.14190663
379 6907.1101198
380 6922.03174236
381 6934.44048363
382 6944.1584405
383 6952.83121666
384 6960.52552576
385 6966.75213428
386 6971.71118321
387 6975.53609987
388 6978.76059357
389 6981.51809163
390 6984.00873504
391 6986.25476169
392 6988.45631256
393 6989.9907268
394 6991.81423358
395 6993.43759938
396 6995.03872728
397 6996.39523842
398 6997.59608435
399 6998.90811972
400 7000.75386439
401 7002.44394384
402 7004.28968851
403 7005.97976797
404 7008.44817349
405 7010.62748647
406 7012.62889636
407 7014.40792736
408 7016.38709936
409 7018.92221854
410 7021.19048307
411 7023.10294141
412 7024.94868607
413 7026.72771708
414 7028.70688908
415 7031.01962938
416 7032.97656349
417 7034.71111872
418 7036.75700438
419 7038.66946271
420 7040.60415893
421 7042.36095205
422 7043.76193897
423 7044.94054701
424 7046.11915505
425 7047.0976221
426 7047.83147239
427 7048.58756057
428 7050.03302326
429 7052.79052132
430 7054.05808091
431 7056.61543799
432 7057.79404603
433 7058.83922674
434 7059.75098013
435 7060.64049564
436 7062.08595833
437 7063.77603779
438 7065.71073401
439 7068.15690164
440 7070.66978294
441 7073.89427663
442 7077.14100822
443 7081.25501742
444 7085.39126451
445 7089.77212837
446 7094.01956489
447 7098.77847284
448 7103.44842923
449 7108.6965707
450 7113.5221923
451 7118.79257166
452 7123.12895973
453 7127.15401739
454 7131.49040546
455 7134.8260886
456 7138.16177174
457 7141.16388656
458 7143.74348152
459 7145.76712929
460 7147.74630128
461 7149.23623975
462 7150.59275089
463 7151.92702415
464 7152.92772909
465 7153.97290981
466 7154.81794953
467 7155.46284827
468 7156.01879546
469 7156.73040787
470 7157.15292773
471 7157.75335069
472 7158.17587056
473 7158.39824943
474 7158.73181775
475 7159.13209972
476 7159.7102848
477 7160.2439941
478 7160.84441707
479 7161.37812637
480 7162.045263
481 7162.84582695
482 7163.51296358
483 7164.11338654
484 7165.22528092
485 7166.35941319
486 7167.11550136
487 7168.13844419
488 7169.13914913
489 7169.87299942
490 7170.96265592
491 7172.05231241
492 7173.11973101
493 7173.92029496
494 7176.1885595
495 7178.90158178
496 7180.08018982
497 7183.81615494
498 7185.21714185
499 7186.61812877
500 7187.97463991
501 7189.48681627
502 7191.06570629
503 7192.91145096
504 7194.66824407
505 7196.38056142
506 7198.31525764
507 7200.11652653
508 7202.07346064
509 7203.65235066
510 7205.12005124
511 7206.36537294
512 7208.01097662
513 7209.18958466
514 7210.14581383
515 7211.16875666
516 7212.36960259
517 7213.28135598
518 7213.83730317
519 7214.39325036
520 7215.08262487
521 7215.79423727
522 7216.4613739
523 7216.88389377
524 7217.30641363
525 7217.70669561
526 7218.06250181
527 7218.32935646
528 7218.618449
529 7218.77411421
530 7218.99649309
531 7219.21887196
532 7219.39677506
533 7219.79705704
534 7220.17510113
535 7220.5753831
536 7221.02014085
537 7221.48713649
538 7222.28770045
539 7223.15497806
540 7224.17792089
541 7225.44548048
542 7226.64632641
543 7228.20297854
544 7229.44830025
545 7231.62761323
546 7233.98482931
547 7235.94176342
548 7238.49912049
549 7241.12319123
550 7244.25873337
551 7247.50546496
552 7250.44086612
553 7254.04340391
554 7258.26860255
555 7261.80442667
556 7265.42920235
557 7268.78712337
558 7272.34518539
559 7275.50296542
560 7278.81641067
561 7281.46271929
562 7283.99783848
563 7286.17715146
564 7288.57884332
565 7290.42458799
566 7292.29257054
567 7293.96041211
568 7295.18349593
569 7296.60672073
570 7297.49623624
571 7298.47470329
572 7299.38645668
573 7300.27597218
574 7300.89863304
575 7301.29891501
576 7301.87710009
577 7302.41080939
578 7302.85556714
579 7303.16689757
580 7303.41151433
581 7303.6561311
582 7303.78955842
583 7304.0119373
584 7304.23431617
585 7304.65683604
586 7304.83473914
587 7305.01264224
588 7305.32397267
589 7305.63530309
590 7305.94663352
591 7306.08006084
592 7306.41362916
593 7306.63600803
594 7307.01405212
595 7307.43657199
596 7307.97028129
597 7308.21489805
598 7308.74860735
599 7309.41574398
600 7310.26078371
601 7311.03910977
602 7311.83967373
603 7312.81814078
604 7313.88555938
605 7315.24207053
606 7316.28725124
607 7317.53257295
608 7318.66670521
609 7320.20111946
610 7321.78000947
611 7323.35889949
612 7325.11569261
613 7326.85024784
614 7328.69599251
615 7330.23040675
616 7331.83153466
617 7333.49937623
618 7335.05602836
619 7336.85729725
620 7339.01437235
621 7340.63773814
622 7341.97201139
623 7343.10614366
624 7344.2847517
625 7345.75245228
626 7347.04224976
627 7348.17638203
628 7349.28827641
629 7350.46688445
630 7351.46758939
631 7352.93528997
632 7354.18061168
633 7355.42593338
634 7356.69349297
635 7358.27238299
636 7360.2293171
637 7361.74149345
638 7363.40933502
639 7365.0549387
640 7367.12306225
641 7369.05775847
642 7372.83819935
643 7381.15516931
644 7383.91266737
645 7387.44849149
646 7397.2776378
647 7400.21303896
648 7403.14844012
649 7405.66132142
650 7408.08525117
651 7410.66484612
652 7413.28891686
653 7415.42375407
654 7417.44740184
655 7419.35986017
656 7421.00546385
657 7422.80673274
658 7424.29667121
659 7425.65318235
660 7426.96521772
661 7427.83249534
662 7428.74424873
663 7429.94509466
664 7430.74565861
665 7431.41279524
666 7431.94650454
667 7432.50245173
668 7432.92497159
669 7433.23630202
670 7433.52539456
671 7433.90343864
672 7434.28148273
673 7434.59281316
674 7434.8819057
675 7434.99309514
676 7435.17099824
677 7435.30442556
678 7435.5935181
679 7435.79365909
680 7435.92708641
681 7436.10498951
682 7436.21617895
683 7436.28289262
684 7436.32736839
685 7436.37184417
686 7436.50527149
687 7436.61646093
688 7436.68317459
689 7436.74988825
690 7436.77212614
691 7436.95002924
692 7436.97226713
693 7437.03898079
694 7437.06121868
695 7437.10569446
696 7437.21688389
697 7437.28359756
698 7437.35031122
699 7437.41702488
700 7437.5726901
701 7437.72835531
702 7437.79506897
703 7437.90625841
704 7438.15087517
705 7438.37325405
706 7438.50668137
707 7438.79577391
708 7438.9959149
709 7439.41843476
710 7439.81871674
711 7440.13004717
712 7440.50809126
713 7440.97508689
714 7441.57550986
715 7442.06474339
716 7442.73188001
717 7443.55468185
718 7444.51091102
719 7445.0890961
720 7446.22322836
721 7447.2239333
722 7448.29135191
723 7449.29205685
724 7450.15933446
725 7451.40465617
726 7452.67221576
727 7453.98425113
728 7455.20733494
729 7456.45265665
730 7457.74245413
731 7459.01001372
732 7460.16638387
733 7461.03366149
734 7462.01212854
735 7462.90164405
736 7464.0580142
737 7464.96976759
738 7465.79256943
739 7466.70432282
740 7467.52712466
741 7468.32768862
742 7469.08377679
743 7469.9732923
744 7470.48476371
745 7471.218614
746 7471.88575063
747 7472.59736303
748 7473.30897543
749 7474.02058784
750 7474.70996235
751 7475.3326232
752 7475.99975983
753 7476.6001828
754 7477.15612998
755 7477.73431506
756 7478.66830634
757 7479.53558396
758 7480.58076467
759 7481.35909074
760 7482.64888822
761 7483.73854471
762 7485.11729374
763 7486.51828066
764 7488.29731166
765 7489.6538228
766 7491.32166437
767 7492.98950594
768 7494.99091582
769 7497.08127726
770 7499.23835235
771 7501.3064759
772 7503.41907522
773 7505.53167454
774 7507.84441484
775 7510.17939304
776 7512.42541968
777 7514.84934943
778 7517.00642453
779 7519.83063625
780 7521.89875979
781 7523.96688334
782 7526.23514787
783 7528.43669874
784 7530.74943905
785 7532.61742161
786 7534.35197684
787 7535.95310474
788 7537.73213575
789 7539.55564253
790 7541.31243565
791 7542.53551947
792 7543.66965173
793 7544.87049766
794 7545.6932995
795 7546.64952867
796 7547.96156404
797 7548.51751122
798 7549.36255095
799 7550.09640124
800 7550.67458632
801 7551.09710618
802 7551.56410182
803 7581.78539104
804 7619.65651359
805 7630.50860273
806 7638.04724662
807 7692.15202709
808 7756.9532315
809 7768.87273924
810 7780.88119853
811 7786.55185987
812 7791.22181626
813 7797.02590492
814 7800.71739425
815 7802.7855178
816 7804.54231092
817 7805.74315685
818 7806.65491024
819 7807.70009095
820 7808.67855801
821 7809.2345052
822 7809.83492816
823 7810.39087535
824 7810.99129831
825 7811.5472455
826 7812.32557157
827 7812.83704298
828 7813.1706113
829 7813.43746595
830 7813.77103426
831 7813.94893736
832 7814.21579201
833 7814.415933
834 7814.61607399
835 7814.88292864
836 7815.06083174
837 7815.26097273
838 7815.63901682
839 7815.90587147
840 7816.08377457
841 7816.32839133
842 7816.7509112
843 7817.08447951
844 7817.4625236
845 7818.06294656
846 7818.32980122
847 7818.61889375
848 7818.97469996
849 7819.26379249
850 7819.48617137
851 7819.68631236
852 7819.86421546
853 7819.9754049
854 7820.13107011
855 7820.153308
856 7820.35344899
857 7820.55358997
858 7820.66477941
859 7820.99834772
860 7821.24296449
861 7821.48758125
862 7821.55429491
863 7821.86562534
864 7822.02129055
865 7822.59947563
866 7823.11094704
867 7823.51122902
868 7823.86703522
869 7824.40074452
870 7824.88997805
871 7825.29026003
872 7825.89068299
873 7826.53558173
874 7827.3139078
875 7828.18118541
876 7829.11517669
877 7830.22707107
878 7831.22777601
879 7832.36190828
880 7833.54051632
881 7834.56345915
882 7835.80878085
883 7836.98738889
884 7838.52180314
885 7840.27859626
886 7841.74629684
887 7843.48085207
888 7845.3933104
889 7847.26129296
890 7849.17375129
891 7851.21963694
892 7853.35447415
893 7854.86665051
894 7856.97924983
895 7858.8249945
896 7861.33787579
897 7863.40599934
898 7865.40740922
899 7867.74238742
900 7869.52141842
901 7871.5228283
902 7873.34633508
903 7874.61389468
904 7876.32621202
905 7878.23867035
906 7879.99546347
907 7881.50763983
908 7883.04205407
909 7884.48751676
910 7885.91074157
911 7886.97816017
912 7888.09005455
913 7889.26866259
914 7890.33608119
915 7891.29231036
916 7892.09287431
917 7892.76001094
918 7893.40490968
919 7894.07204631
920 7894.56127983
921 7895.00603759
922 7895.1617028
923 7895.78436365
924 7896.00674253
925 7896.49597605
926 7896.91849592
927 7897.29654001
928 7897.51891888
929 7897.87472508
930 7898.23053129
931 7898.45291016
932 7898.65305115
933 7898.80871636
934 7898.9199058
935 7899.05333313
936 7899.18676045
937 7899.47585299
938 7899.60928032
939 7899.69823187
940 7899.83165919
941 7899.87613497
942 7899.92061074
943 7900.14298962
944 7900.18746539
945 7900.36536849
946 7900.40984427
947 7900.47655793
948 7900.54327159
949 7900.67669892
950 7900.78788836
951 7900.89907779
952 7900.96579146
953 7901.03250512
954 7901.12145667
955 7901.16593245
956 7901.16593245
957 7901.254884
958 7901.34383555
959 7901.38831132
960 7901.4327871
961 7901.56621442
962 7901.69964175
963 7901.76635541
964 7901.83306907
965 7901.87754485
966 7902.01097217
967 7902.05544795
968 7902.07768584
969 7902.12216161
970 7902.18887527
971 7902.27782682
972 7902.30006471
973 7902.34454049
974 7902.47796781
975 7902.52244359
976 7902.65587091
977 7902.76706035
978 7902.87824979
979 7902.92272556
980 7903.01167711
981 7903.07839078
982 7903.07839078
983 7903.14510444
984 7903.23405599
985 7903.32300754
986 7903.36748332
987 7903.45643487
988 7903.50091064
989 7903.52314853
990 7903.5676243
991 7903.63433797
992 7903.65657585
993 7903.72328952
994 7903.76776529
995 7903.83447896
996 7903.90119262
997 7903.94566839
998 7904.01238206
999 7904.05685783
1000 7904.12357149
1001 7904.19028516
1002 7904.23476093
1003 7904.27923671
1004 7904.32371248
1005 7904.52385347
1006 7904.61280502
1007 7904.6572808
1008 7904.76847023
1009 7904.92413545
1010 7905.013087
1011 7905.07980066
1012 7905.14651432
1013 7905.16875221
1014 7905.21322799
1015 7905.27994165
1016 7905.34665531
1017 7905.43560686
1018 7905.52455841
1019 7905.68022362
1020 7905.79141306
1021 7905.94707828
1022 7906.12498138
1023 7906.32512236
1024 7906.41407391
1025 7906.59197701
1026 7906.792118
1027 7907.01449688
1028 7907.19239998
1029 7907.32582731
1030 7907.63715773
1031 7907.83729872
1032 7908.08191548
1033 7908.48219746
1034 7908.88247944
1035 7909.10485831
1036 7909.52737818
1037 7909.86094649
1038 7910.17227692
1039 7910.63927255
1040 7911.10626819
1041 7911.55102594
1042 7911.84011848
1043 7912.21816257
1044 7912.7073961
1045 7913.08544019
1046 7913.66362526
1047 7914.28628612
1048 7914.86447119
1049 7915.48713205
1050 7916.33217177
1051 7916.79916741
1052 7917.51077982
1053 7918.06672701
1054 7918.77833941
1055 7919.26757293
1056 7919.95694745
1057 7920.60184619
1058 7921.1133176
1059 7921.78045423
1060 7922.33640142
1061 7923.04801382
1062 7923.38158214
1063 7923.95976721
1064 7924.80480694
1065 7925.36075413
1066 7925.93893921
1067 7926.3169833
1068 7926.82845471
1069 7927.3844019
1070 7927.89587332
1071 7928.49629628
1072 7929.00776769
1073 7929.45252545
1074 7929.85280742
1075 7930.14189996
1076 7930.4309925
1077 7930.87575025
1078 7931.320508
1079 7931.65407632
1080 7932.00988252
1081 7932.38792661
1082 7932.58806759
1083 7932.89939802
1084 7933.1217769
1085 7933.58877254
1086 7933.8333893
1087 7934.10024395
1088 7934.30038494
1089 7934.56723959
1090 7934.96752157
1091 7935.12318678
1092 7935.21213833
1093 7935.36780354
1094 7935.52346875
1095 7935.70137186
1096 7935.81256129
1097 7935.96822651
1098 7936.25731904
1099 7936.39074637
1100 7936.56864947
1101 7936.65760102
1102 7936.79102835
1103 7936.92445567
1104 7937.19131032
1105 7937.4136892
1106 7937.61383019
1107 7937.7694954
1108 7937.88068484
1109 7938.1253016
1110 7938.28096681
1111 7938.45886992
1112 7938.61453513
1113 7938.85915189
1114 7939.08153077
1115 7939.17048232
1116 7939.43733697
1117 7939.70419162
1118 7939.81538106
1119 7939.97104627
1120 7940.30461458
1121 7940.59370712
1122 7940.94951332
1123 7941.21636797
1124 7941.50546051
1125 7941.83902883
1126 7942.21707292
1127 7942.46168968
1128 7942.81749588
1129 7943.19553997
1130 7943.66253561
1131 7944.08505547
1132 7944.59652689
1133 7945.17471196
1134 7945.77513493
1135 7946.55346099
1136 7947.02045663
1137 7947.70983115
1138 7948.332492
1139 7949.11081807
1140 7949.77795469
1141 7950.57851865
1142 7951.2011795
1143 7952.17964655
1144 7953.20258938
1145 7954.02539122
1146 7954.93714461
1147 7956.11575265
1148 7957.02750604
1149 7958.0059731
1150 7959.20681903
1151 7960.34095129
1152 7961.36389412
1153 7962.58697794
1154 7964.12139218
1155 7965.67804431
1156 7966.83441447
1157 7968.32435293
1158 7969.79205351
1159 7971.52660874
1160 7972.99430932
1161 7974.30634469
1162 7975.97418626
1163 7977.6865036
1164 7979.28763151
1165 7980.82204575
1166 7982.24527056
1167 7983.64625747
1168 7985.40305059
1169 7986.95970272
1170 7988.36068964
1171 7989.93957966
1172 7991.31832869
1173 7992.80826716
1174 7994.5205845
1175 7995.87709564
1176 7997.16689312
1177 7998.4566906
1178 7999.81320174
1179 8000.81390669
1180 8002.2148936
1181 8003.05993333
1182 8004.08287616
1183 8004.97239166
1184 8005.7951935
1185 8006.66247112
1186 8007.68541395
1187 8008.35255057
1188 8009.24206608
1189 8009.90920271
1190 8010.57633933
1191 8011.28795173
1192 8011.95508836
1193 8012.75565232
1194 8013.28936162
1195 8013.82307092
1196 8014.35678022
1197 8014.77930008
1198 8015.35748516
1199 8015.62433981
1200 8016.09133545
1201 8016.58056898
1202 8016.82518574
1203 8017.24770561
1204 8017.67022547
1205 8018.09274533
1206 8018.31512421
1207 8018.82659562
1208 8019.13792605
1209 8019.29359126
1210 8019.56044591
1211 8019.93849
1212 8020.16086888
1213 8020.49443719
1214 8020.73905396
1215 8020.93919494
1216 8021.09486016
1217 8021.40619058
1218 8021.49514213
1219 8021.71752101
1220 8022.0955651
1221 8022.2734682
1222 8022.58479862
1223 8022.71822595
1224 8022.9850806
1225 8023.1629837
1226 8023.27417314
1227 8023.40760047
1228 8023.58550357
1229 8023.78564455
1230 8023.94130977
1231 8024.09697498
1232 8024.29711597
1233 8024.47501907
1234 8024.56397062
1235 8024.63068428
1236 8024.67516006
1237 8024.87530105
1238 8025.03096626
1239 8025.16439358
1240 8025.27558302
1241 8025.36453457
1242 8025.47572401
1243 8025.63138922
1244 8025.74257866
1245 8025.92048176
1246 8026.12062275
1247 8026.2095743
1248 8026.40971529
1249 8026.47642895
1250 8026.58761839
1251 8026.69880783
1252 8026.83223515
1253 8026.96566248
1254 8027.03237614
1255 8027.07685192
1256 8027.21027924
1257 8027.38818234
1258 8027.52160967
1259 8027.58832333
1260 8027.74398854
1261 8027.81070221
1262 8027.96636742
1263 8028.05531897
1264 8028.14427052
1265 8028.25545996
1266 8028.3666494
1267 8028.5445525
1268 8028.56679038
1269 8028.67797982
1270 8028.76693137
1271 8028.92259658
1272 8029.03378602
1273 8029.27840279
1274 8029.34511645
1275 8029.36735434
1276 8029.434068
1277 8029.54525744
1278 8029.58973321
1279 8029.72316054
1280 8029.74539843
1281 8029.83434998
1282 8030.01225308
1283 8030.05672885
1284 8030.1456804
1285 8030.21239406
1286 8030.27910773
1287 8030.36805928
1288 8030.45701083
1289 8030.61267604
1290 8030.65715182
1291 8030.76834125
1292 8030.8572928
1293 8030.90176858
1294 8031.01295802
1295 8031.05743379
1296 8031.19086112
1297 8031.32428844
1298 8031.39100211
1299 8031.45771577
1300 8031.45771577
1301 8031.47995366
1302 8031.63561887
1303 8031.76904619
1304 8031.83575986
1305 8031.85799775
1306 8032.01366296
1307 8032.08037662
1308 8032.21380395
1309 8032.25827972
1310 8032.39170705
1311 8032.59184804
1312 8032.63632381
1313 8032.70303747
1314 8032.79198902
1315 8032.88094057
1316 8032.96989212
1317 8033.0143679
1318 8033.0143679
1319 8033.03660579
1320 8033.12555734
1321 8033.14779522
1322 8033.21450889
1323 8033.28122255
1324 8033.32569833
1325 8033.45912565
1326 8033.57031509
1327 8033.57031509
1328 8033.61479086
1329 8033.63702875
1330 8033.74821819
1331 8033.81493185
1332 8033.88164551
1333 8033.94835918
1334 8034.01507284
1335 8034.10402439
1336 8034.17073805
1337 8034.19297594
1338 8034.23745172
1339 8034.32640327
1340 8034.37087904
1341 8034.48206848
1342 8034.50430637
1343 8034.50430637
1344 8034.52654425
1345 8034.54878214
1346 8034.57102003
1347 8034.59325792
1348 8034.59325792
1349 8034.59325792
1350 8034.70444736
1351 8034.72668524
1352 8034.72668524
1353 8034.74892313
1354 8034.79339891
1355 8034.86011257
1356 8034.90458834
1357 8034.92682623
1358 8035.01577778
1359 8035.06025356
1360 8035.06025356
1361 8035.10472933
1362 8035.12696722
1363 8035.17144299
1364 8035.21591877
1365 8035.28263243
1366 8035.32710821
1367 8035.32710821
1368 8035.41605976
1369 8035.50501131
1370 8035.54948708
1371 8035.61620075
1372 8035.66067652
1373 8035.77186596
1374 8035.81634173
1375 8035.92753117
1376 8035.99424483
1377 8036.17214794
1378 8036.37228892
1379 8036.57242991
1380 8036.75033301
1381 8036.97271189
1382 8037.26180443
1383 8037.59537274
1384 8037.88446528
1385 8038.1957957
1386 8038.88517022
1387 8039.35216586
1388 8040.10825404
1389 8040.708677
1390 8041.46476518
1391 8042.15413969
1392 8042.99917942
1393 8043.97764648
1394 8045.06730297
1395 8046.71290665
1396 8048.225083
1397 8049.82621091
1398 8051.29391149
1399 8053.09518038
1400 8055.00763871
1401 8057.78737466
1402 8060.38920751
1403 8063.23565712
1404 8066.01539307
1405 8069.64016874
1406 8073.68746428
1407 8077.26776418
1408 8081.84876902
1409 8086.85229373
1410 8092.67862027
1411 8098.32704372
1412 8105.59883296
1413 8112.00334458
1414 8119.27513382
1415 8127.547628
1416 8135.68669485
1417 8145.51584116
1418 8154.29980675
1419 8165.32979899
1420 8175.5147515
1421 8187.90125488
1422 8199.88747629
1423 8214.69790942
1424 8227.70707365
1425 8241.69470494
1426 8257.46136723
1427 8272.18284881
1428 8291.26295635
1429 8307.47437639
1430 8327.64414043
1431 8345.50116415
1432 8366.98296355
1433 8387.01930026
1434 8412.05916168
1435 8432.80711079
1436 8454.28891019
1437 8480.37395232
1438 8504.50206034
1439 8532.38837136
1440 8558.45117561
1441 8587.69399777
1442 8614.04589455
1443 8644.26718377
1444 8670.32998801
1445 8699.50609652
1446 8729.92752672
1447 8758.0806924
1448 8790.77038714
1449 8818.74564971
1450 8851.63548544
1451 8881.0784486
1452 8915.88074266
1453 8944.47866608
1454 8977.67983224
1455 9005.61061904
1456 9034.94239275
1457 9070.1227309
1458 9098.14246925
1459 9130.83216399
1460 9159.00756755
1461 9192.27544737
1462 9221.00679812
1463 9252.00641341
1464 9279.89272443
1465 9310.82562605
1466 9336.26576944
1467 9362.19514636
1468 9390.03698161
1469 9414.45418217
1470 9441.20636093
1471 9463.75557893
1472 9490.04076205
1473 9510.29947763
1474 9534.60548876
1475 9554.73077701
1476 9575.61215345
1477 9595.62625227
1478 9614.48398094
1479 9635.23193005
1480 9651.75468052
1481 9671.14611849
1482 9686.77935346
1483 9703.96924055
1484 9718.40162959
1485 9735.12452105
1486 9748.8230598
1487 9761.7210346
1488 9774.75243672
1489 9784.95962712
1490 9797.21270317
1491 9807.68674822
1492 9818.67226468
1493 9827.10042408
1494 9836.97404616
1495 9845.06863724
1496 9854.54197735
1497 9862.01390757
1498 9868.9521285
1499 9876.22391774
1500 9882.5617157
1501 10000.0
