0 0.0
1 0.0
2 0.0
3 0.0
4 0.0
5 0.0
6 0.0
7 0.0
8 0.0
15 0.0901932842081
16 4.69005077882
17 15.7838247364
18 36.6184733885
19 72.831076998
20 135.966375944
21 210.195448847
22 290.332181866
23 365.823960748
24 438.835424314
25 507.201933744
26 580.393783879
27 660.350130329
28 762.674411263
29 877.039495639
30 1020.40172089
31 1196.32372174
32 1385.36884544
33 1560.07323695
34 1715.83703877
35 1853.51708712
36 1973.97021818
37 2087.92943277
38 2195.75550405
39 2289.24084313
40 2367.66390375
41 2439.32246805
42 2504.53221253
43 2557.25018715
44 2609.83287184
45 2654.70403074
46 2694.84004221
47 2734.43489398
48 2772.45136327
49 2808.12280718
50 2843.20799473
51 2873.01687516
52 2902.01401604
53 2927.40342554
54 2948.73413726
55 2969.47859262
56 2988.28389238
57 3007.99112498
58 3028.51009714
59 3047.8565566
60 3064.27173433
61 3078.97323965
62 3090.6983666
63 3101.61175399
64 3112.16436824
65 3122.04053286
66 3132.05198741
67 3141.47718561
68 3150.85728717
69 3160.23738872
70 3169.57239364
71 3180.12500789
72 3191.98542477
73 3208.80647227
74 3228.15293173
75 3259.99116106
76 3295.66260496
77 3346.98258368
78 3401.32403741
79 3470.32189983
80 3536.52377044
81 3611.24890641
82 3691.56602599
83 3774.63404075
84 3873.57607353
85 3969.13585814
86 4096.7593553
87 4233.98843722
88 4418.92976649
89 4598.91046513
90 4817.31350284
91 4998.33142424
92 5155.53831862
93 5311.79818351
94 5423.00650294
95 5529.29928837
96 5608.57918519
97 5696.24705744
98 5767.18407547
99 5847.81687156
100 5915.82260785
101 5991.04380688
102 6055.66729501
103 6123.89851452
104 6197.63152436
105 6261.26288637
106 6334.13906001
107 6391.27650555
108 6452.92361531
109 6502.34953505
110 6555.7439593
111 6592.67810919
112 6629.97303221
113 6663.75041714
114 6694.95729348
115 6723.77404778
116 6746.05178898
117 6770.99023207
118 6792.54642699
119 6814.77907155
120 6831.3295392
121 6849.59367925
122 6864.2049913
123 6878.27514363
124 6892.1649094
125 6902.98810351
126 6914.80342374
127 6924.00313873
128 6935.05181604
129 6943.80056461
130 6951.33170384
131 6958.86284307
132 6965.40185618
133 6970.90364651
134 6975.32311744
135 6979.74258837
136 6983.98167272
137 6988.31095037
138 6991.69319852
139 6995.25583325
140 6998.36750156
141 7001.70465307
142 7004.18496839
143 7006.93586356
144 7009.95733858
145 7012.43765389
146 7014.96306585
147 7016.63164161
148 7018.43550729
149 7020.73543604
150 7023.12555807
151 7025.15490697
152 7027.36464243
153 7029.43908797
154 7031.19785701
155 7033.00172269
156 7034.62520181
157 7036.6545507
158 7038.14273989
159 7039.49563915
160 7040.98382834
161 7042.74259739
162 7043.91511008
163 7045.26800934
164 7046.57581197
165 7047.65813138
166 7049.55219034
167 7050.63450975
168 7051.62663588
169 7052.9344385
170 7054.55791762
171 7055.86572024
172 7056.94803965
173 7057.98526242
174 7059.87932139
175 7061.05183408
176 7062.49492663
177 7063.71253596
178 7064.83995202
179 7066.59872106
180 7067.90652368
181 7068.98884309
182 7069.84567929
183 7071.10838527
184 7072.37109125
185 7073.76908715
186 7074.71611664
187 7075.88862933
188 7077.19643195
189 7078.41404129
190 7079.72184391
191 7080.48848683
192 7081.88648273
193 7083.239382
194 7084.45699133
195 7085.58440739
196 7086.3510503
197 7087.25298314
198 7088.42549584
199 7089.37252532
200 7090.54503802
201 7136.00245326
202 7206.3081183
203 7357.69754584
204 7548.90730836
205 7705.84362288
206 7819.75774084
207 7880.18724126
208 7922.30750498
209 7945.44208238
210 7963.97680229
211 7978.36263112
212 7990.13285471
213 8000.64037232
214 8009.11854103
215 8017.91238624
216 8026.07487846
217 8034.91382032
218 8042.85082933
219 8050.83293498
220 8058.54446078
221 8064.67760411
222 8070.58526422
223 8076.58311762
224 8081.49865161
225 8085.24167291
226 8088.80430763
227 8092.18655579
228 8094.75706439
229 8096.69622
230 8098.86085882
231 8101.43136742
232 8103.68619953
233 8105.53516185
234 8107.47431746
235 8109.27818315
236 8110.90166226
237 8112.48004474
238 8114.28391042
239 8117.35048208
240 8123.66401198
241 8127.36193663
242 8130.02263851
243 8132.6833404
244 8135.253849
245 8136.6518449
246 8137.91455088
247 8139.53803
248 8141.02621919
249 8141.97324867
250 8143.64182443
251 8144.49866063
252 8145.85155989
253 8146.84368602
254 8148.28677857
255 8150.40632075
256 8152.57095957
257 8154.51011518
258 8157.66688012
259 8160.28248537
260 8162.49222083
261 8163.66473352
262 8164.56666637
263 8165.46859921
264 8166.46072533
265 8167.45285146
266 8168.21949438
267 8169.03123393
268 8169.527297
269 8170.69980969
270 8171.69193582
271 8172.77425523
272 8173.58599479
273 8174.75850748
274 8175.93102018
275 8177.2388228
276 8178.41133549
277 8179.89952468
278 8181.16223066
279 8184.27389897
280 8188.19730683
281 8190.72271879
282 8192.75206768
283 8195.00689979
284 8196.90095875
285 8198.84011437
286 8200.0577237
287 8201.45571961
288 8203.25958529
289 8205.46932075
290 8207.85944279
291 8214.48864918
292 8221.02766228
293 8228.42351159
294 8233.33904557
295 8235.86445753
296 8237.84870979
297 8239.87805868
298 8241.68192436
299 8243.71127326
300 8245.33475237
301 8247.09352142
302 8248.67190389
303 8250.43067293
304 8252.09924869
305 8253.63253452
306 8255.66188342
307 8257.4657491
308 8258.77355172
309 8260.53232076
310 8262.24599316
311 8263.68908571
312 8264.77140512
313 8265.98901446
314 8267.47720365
315 8269.10068276
316 8270.36338874
317 8272.16725443
318 8274.06131339
319 8275.86517908
320 8276.90240185
321 8277.93962462
322 8278.79646082
323 8279.78858694
324 8280.32974665
325 8281.36696942
326 8282.49438547
327 8283.21593174
328 8284.0276713
329 8284.79431422
330 8285.4256672
331 8286.01192355
332 8286.5981799
333 8287.22953289
334 8287.77069259
335 8288.40204558
336 8289.07849522
337 8289.80004149
338 8290.20591127
339 8290.74707097
340 8291.01765083
341 8291.55881053
342 8291.91958367
343 8292.32545345
344 8292.77641987
345 8292.91170979
346 8293.09209636
347 8293.36267622
348 8293.58815943
349 8294.21951242
350 8295.34692847
351 8296.15866803
352 8297.91743707
353 8299.54091618
354 8301.1643953
355 8302.0212315
356 8302.60748785
357 8303.14864755
358 8303.50942069
359 8303.7349039
360 8304.09567704
361 8304.23096696
362 8304.5917401
363 8305.04270652
364 8305.49367294
365 8305.71915615
366 8305.89954272
367 8306.21521921
368 8306.57599235
369 8307.02695877
370 8307.52302184
371 8308.06418154
372 8308.96611438
373 8310.273917
374 8312.12287933
375 8313.11500546
376 8313.79145509
377 8314.558098
378 8315.09925771
379 8315.86590063
380 8316.67764018
381 8316.81293011
382 8317.26389653
383 8317.62466967
384 8318.07563609
385 8318.57169915
386 8318.79718236
387 8319.29324542
388 8319.56382528
389 8319.96969506
390 8320.19517827
391 8320.69124133
392 8321.14220775
393 8321.4127876
394 8321.90885067
395 8322.31472045
396 8322.76568687
397 8323.21665329
398 8323.57742642
399 8323.66761971
400 8324.02839285
401 8324.16368277
402 8324.38916598
403 8324.61464919
404 8324.97542233
405 8325.38129211
406 8325.60677532
407 8326.05774174
408 8326.37341824
409 8326.68909473
410 8326.95967458
411 8327.14006115
412 8327.32044772
413 8327.45573765
414 8327.68122086
415 8328.67334698
416 8329.84585968
417 8330.74779252
418 8334.17513732
419 8336.92603249
420 8339.31615452
421 8341.79646983
422 8343.10427246
423 8343.91601201
424 8344.90813814
425 8345.44929785
426 8346.03555419
427 8346.62181054
428 8347.07277696
429 8347.56884002
430 8347.88451652
431 8348.20019301
432 8348.42567622
433 8349.01193257
434 8349.50799563
435 8349.77857549
436 8349.95896206
437 8350.27463855
438 8350.68050833
439 8350.99618482
440 8351.31186132
441 8351.80792438
442 8352.07850423
443 8352.39418073
444 8352.93534043
445 8354.01765985
446 8355.82152553
447 8357.53519793
448 8359.24887033
449 8360.60176959
450 8361.59389572
451 8362.63111849
452 8362.94679498
453 8363.35266476
454 8363.80363118
455 8364.20950096
456 8364.93104723
457 8365.20162709
458 8365.78788343
459 8366.2839465
460 8366.68981628
461 8367.1407827
462 8367.45645919
463 8367.72703904
464 8368.04271554
465 8368.76426181
466 8368.98974502
467 8369.35051816
468 8369.89167787
469 8370.02696779
470 8370.29754764
471 8370.79361071
472 8371.28967377
473 8371.65044691
474 8372.01122004
475 8372.32689654
476 8372.91315289
477 8373.09353946
478 8373.63469916
479 8373.95037566
480 8374.17585887
481 8374.40134208
482 8374.71701857
483 8375.03269507
484 8375.21308163
485 8375.43856484
486 8375.66404806
487 8375.97972455
488 8376.20520776
489 8376.70127082
490 8377.01694732
491 8377.37772045
492 8377.69339695
493 8377.91888016
494 8378.36984658
495 8378.68552308
496 8379.18158614
497 8379.6776492
498 8380.08351898
499 8380.71487197
500 8381.12074175
501 8381.52661153
502 8381.93248131
503 8382.33835109
504 8382.78931751
505 8383.24028393
506 8383.46576714
507 8383.82654028
508 8384.18731341
509 8384.77356976
510 8385.04414961
511 8385.45001939
512 8386.21666231
513 8386.98330522
514 8388.29110784
515 8390.99690637
516 8393.3870284
517 8396.00263364
518 8397.49082283
519 8399.33978516
520 8400.241718
521 8401.14365084
522 8402.00048704
523 8402.45145346
524 8403.44357959
525 8404.02983594
526 8404.43570572
527 8404.57099564
528 8405.15725199
529 8405.56312177
530 8405.6984117
531 8406.10428148
532 8406.28466804
533 8406.5552479
534 8406.87092439
535 8407.05131096
536 8407.27679417
537 8407.50227738
538 8407.59247066
539 8407.72776059
540 8408.04343709
541 8408.31401694
542 8408.40421022
543 8408.58459679
544 8408.81008
545 8408.85517664
546 8409.1257565
547 8409.21594978
548 8409.30614306
549 8409.35123971
550 8409.44143299
551 8409.62181956
552 8409.80220613
553 8410.07278598
554 8410.20807591
555 8410.38846248
556 8410.47865576
557 8410.47865576
558 8410.8394289
559 8411.06491211
560 8411.15510539
561 8411.33549196
562 8411.51587853
563 8411.74136174
564 8412.01194159
565 8412.2374248
566 8412.41781137
567 8412.46290801
568 8412.50800465
569 8412.68839122
570 8412.77858451
571 8412.86877779
572 8413.13935764
573 8413.27464757
574 8413.54522742
575 8413.59032406
576 8413.77071063
577 8413.9510972
578 8414.13148377
579 8414.44716026
580 8414.71774012
581 8414.98831997
582 8415.25889982
583 8415.48438303
584 8415.80005953
585 8416.11573602
586 8416.65689573
587 8417.19805543
588 8417.82940842
589 8418.5509547
590 8419.04701776
591 8419.85875732
592 8420.30972374
593 8420.98617337
594 8421.43713979
595 8421.79791293
596 8422.11358942
597 8422.60965249
598 8423.15081219
599 8423.6919719
600 8424.18803496
601 8424.50371145
602 8425.13506444
603 8425.76641743
604 8427.1193167
605 8428.5173126
606 8429.41924544
607 8431.4034977
608 8434.515166
609 8436.86019139
610 8439.70127984
611 8442.67765822
612 8444.52662055
613 8446.01480974
614 8446.78145265
615 8447.59319221
616 8448.49512505
617 8449.12647804
618 8449.89312096
619 8450.43428066
620 8450.97544037
621 8451.33621351
622 8452.01266314
623 8452.5087262
624 8452.91459598
625 8453.04988591
626 8453.32046576
627 8453.95181875
628 8454.40278517
629 8454.80865495
630 8455.0792348
631 8455.44000794
632 8455.75568443
633 8456.02626428
634 8456.34194078
635 8456.52232735
636 8456.74781056
637 8457.06348705
638 8457.33406691
639 8457.78503333
640 8458.01051654
641 8458.32619303
642 8458.55167624
643 8458.64186953
644 8459.18302923
645 8459.58889901
646 8459.76928558
647 8460.13005872
648 8460.44573521
649 8460.58102514
650 8460.80650835
651 8461.0770882
652 8461.43786134
653 8461.52805462
654 8461.97902104
655 8462.38489082
656 8462.56527739
657 8462.92605053
658 8463.33192031
659 8463.55740352
660 8463.69269344
661 8463.82798337
662 8464.18875651
663 8464.36914307
664 8464.77501285
665 8465.45146248
666 8465.99262219
667 8467.30042481
668 8468.96900057
669 8470.54738304
670 8472.48653865
671 8474.29040434
672 8476.27465659
673 8477.44716928
674 8478.30400548
675 8479.0706484
676 8479.88238796
677 8480.55883759
678 8481.19019058
679 8481.55096372
680 8481.68625364
681 8482.00193014
682 8482.54308984
683 8482.81366969
684 8483.17444283
685 8483.62540925
686 8483.85089246
687 8484.16656896
688 8484.48224545
689 8484.66263202
690 8484.93321187
691 8485.0685018
692 8485.38417829
693 8485.65475815
694 8485.88024136
695 8485.97043464
696 8486.10572457
697 8486.51159435
698 8486.96256077
699 8487.41352719
700 8487.86449361
701 8488.31546003
702 8488.99190966
703 8489.30758616
704 8489.84874586
705 8490.25461564
706 8490.38990557
707 8490.66048542
708 8490.97616192
709 8491.15654848
710 8491.56241826
711 8491.87809476
712 8491.96828804
713 8492.23886789
714 8492.59964103
715 8492.96041417
716 8493.14080074
717 8493.45647723
718 8493.59176716
719 8493.68196044
720 8493.86234701
721 8494.04273358
722 8494.31331343
723 8494.53879664
724 8494.67408657
725 8494.76427985
726 8494.89956978
727 8495.12505299
728 8495.44072948
729 8495.62111605
730 8496.02698583
731 8496.29756568
732 8496.38775897
733 8496.43285561
734 8496.52304889
735 8496.83872539
736 8497.01911196
737 8497.24459517
738 8497.56027166
739 8497.74065823
740 8498.01123808
741 8498.10143137
742 8498.50730115
743 8498.86807428
744 8499.00336421
745 8499.27394406
746 8499.54452391
747 8499.6347172
748 8499.90529705
749 8500.04058698
750 8500.31116683
751 8500.40136011
752 8500.67193997
753 8500.80722989
754 8501.0327131
755 8501.12290639
756 8501.25819631
757 8501.66406609
758 8501.75425938
759 8502.06993587
760 8502.25032244
761 8502.43070901
762 8502.65619222
763 8503.01696536
764 8503.28754521
765 8503.55812506
766 8503.96399484
767 8504.32476798
768 8504.68554111
769 8504.86592768
770 8505.04631425
771 8505.13650754
772 8505.49728067
773 8505.76786053
774 8505.99334374
775 8506.35411687
776 8506.66979337
777 8506.80508329
778 8507.30114636
779 8507.43643628
780 8507.57172621
781 8507.84230606
782 8507.93249935
783 8508.24817584
784 8508.33836913
785 8508.51875569
786 8508.69914226
787 8508.87952883
788 8509.15010868
789 8509.24030197
790 8509.37559189
791 8509.55597846
792 8509.78146167
793 8509.96184824
794 8510.14223481
795 8510.27752474
796 8510.36771802
797 8510.81868444
798 8511.08926429
799 8511.22455422
800 8511.40494079
801 8511.49513407
802 8511.54023071
803 8511.67552064
804 8511.90100385
805 8511.99119714
806 8512.35197027
807 8512.66764677
808 8512.89312998
809 8513.0284199
810 8513.3440964
811 8513.70486954
812 8514.11073931
813 8514.51660909
814 8514.78718895
815 8515.10286544
816 8515.37344529
817 8515.55383186
818 8515.64402515
819 8515.82441171
820 8516.04989492
821 8516.18518485
822 8516.54595799
823 8516.7714412
824 8517.08711769
825 8517.44789083
826 8517.89885725
827 8518.21453375
828 8518.93608002
829 8519.3419498
830 8525.52018977
831 8542.83730033
832 8568.00122663
833 8595.51017831
834 8651.79078766
835 8736.75286138
836 8843.00055018
837 8973.01416937
838 9100.95334301
839 9249.00561904
840 9351.4651899
841 9449.18961334
842 9511.24259288
843 9570.8152571
844 9606.93766742
845 9642.87969118
846 9668.04361747
847 9687.34498029
848 9705.42873378
849 9719.18320962
850 9734.06510151
851 9746.01571167
852 9760.4015405
853 9769.55615885
854 9779.43232347
855 9787.32423584
856 9796.29846762
857 9803.55902699
858 9810.0980401
859 9816.68214985
860 9820.92123421
861 9826.33283126
862 9829.71507942
863 9833.41300407
864 9836.38938245
865 9839.63634068
866 9841.21472315
867 9843.1989754
868 9845.31851758
869 9846.40083699
870 9847.70863961
871 9849.37721537
872 9850.82030792
873 9851.85753069
874 9853.84178294
875 9855.05939228
876 9856.54758147
877 9857.72009416
878 9859.43376656
879 9860.56118261
880 9861.82388859
881 9863.17678786
882 9864.66497705
883 9866.19826288
884 9867.32567893
885 9868.72367484
886 9869.98638081
887 9871.15889351
888 9872.42159949
889 9872.91766255
890 9874.45094838
891 9875.12739801
892 9876.29991071
893 9877.60771333
894 9879.32138573
895 9880.49389842
896 9881.84679769
897 9882.65853725
898 9883.60556673
899 9885.04865928
900 9885.95059212
901 9886.71723503
902 9887.52897459
903 9888.34071415
904 9888.79168057
905 9889.51322685
906 9890.05438655
907 9890.82102947
908 9891.45238246
909 9891.99354216
910 9892.62489515
911 9892.94057165
912 9893.39153807
913 9893.66211792
914 9894.02289106
915 9894.29347091
916 9894.38366419
917 9894.6091474
918 9895.15030711
919 9895.51108025
920 9895.82675674
921 9896.36791645
922 9896.59339966
923 9896.72868958
924 9896.99926943
925 9897.179656
926 9897.40513921
927 9897.76591235
928 9897.94629892
929 9898.26197541
930 9898.62274855
931 9898.62274855
932 9898.98352169
933 9899.07371497
934 9899.2090049
935 9899.47958475
936 9899.61487468
937 9899.88545453
938 9899.97564781
939 9900.20113102
940 9900.33642095
941 9900.51680752
942 9900.6070008
943 9900.78738737
944 9900.87758066
945 9901.05796722
946 9901.28345043
947 9901.59912693
948 9901.68932021
949 9901.95990007
950 9902.05009335
951 9902.27557656
952 9902.45596313
953 9902.72654298
954 9903.04221948
955 9903.26770269
956 9903.4931859
957 9903.85395903
958 9903.98924896
959 9904.25982881
960 9904.48531202
961 9904.62060195
962 9904.98137509
963 9905.2068583
964 9905.56763143
965 9905.65782472
966 9906.01859786
967 9906.24408107
968 9906.64995084
969 9906.83033741
970 9907.05582062
971 9907.23620719
972 9907.41659376
973 9907.64207697
974 9907.86756018
975 9908.13814003
976 9908.40871989
977 9908.58910646
978 9908.85968631
979 9909.22045944
980 9909.71652251
981 9909.80671579
982 9909.80671579
983 9910.032199
984 9910.43806878
985 9910.66355199
986 9911.02432513
987 9911.24980834
988 9911.47529155
989 9911.65567812
990 9911.88116133
991 9911.97135461
992 9912.15174118
993 9912.46741768
994 9912.6027076
995 9912.82819081
996 9913.18896395
997 9913.27915723
998 9913.41444716
999 9913.73012366
1000 9914.04580015
1001 9914.13599343
1002 9914.22618672
1003 9914.45166993
1004 9914.76734642
1005 9914.99282963
1006 9915.08302292
1007 9915.21831284
1008 9915.39869941
1009 9915.57908598
1010 9915.57908598
1011 9915.93985912
1012 9916.12024569
1013 9916.25553561
1014 9916.57121211
1015 9916.75159868
1016 9916.93198524
1017 9917.11237181
1018 9917.38295167
1019 9917.7437248
1020 9917.87901473
1021 9918.01430465
1022 9918.19469122
1023 9918.51036772
1024 9918.55546436
1025 9918.9162375
1026 9919.05152742
1027 9919.18681735
1028 9919.32210728
1029 9919.54759049
1030 9919.90836362
1031 9920.13384683
1032 9920.17894348
1033 9920.22404012
1034 9920.40442669
1035 9920.67500654
1036 9920.99068303
1037 9921.26126289
1038 9921.62203602
1039 9921.71222931
1040 9922.07300244
1041 9922.11809909
1042 9922.11809909
1043 9922.29848565
1044 9922.65925879
1045 9922.74945208
1046 9922.884742
1047 9922.97493529
1048 9923.02003193
1049 9923.06512857
1050 9923.29061178
1051 9923.51609499
1052 9923.69648156
1053 9923.83177149
1054 9923.92196477
1055 9924.01215805
1056 9924.19254462
1057 9924.28273791
1058 9924.5984144
1059 9924.73370433
1060 9924.77880097
1061 9925.09447747
1062 9925.22976739
1063 9925.50034724
1064 9925.59054053
1065 9925.7709271
1066 9925.81602374
1067 9925.86112038
1068 9925.95131367
1069 9926.22189352
1070 9926.44737673
1071 9926.67285994
1072 9926.71795658
1073 9926.76305322
1074 9926.76305322
1075 9926.80814987
1076 9926.94343979
1077 9927.07872972
1078 9927.168923
1079 9927.21401964
1080 9927.30421293
1081 9927.39440621
1082 9927.57479278
1083 9927.71008271
1084 9927.75517935
1085 9927.98066256
1086 9928.07085584
1087 9928.25124241
1088 9928.47672562
1089 9928.47672562
1090 9928.61201555
1091 9928.83749876
1092 9929.01788533
1093 9929.24336854
1094 9929.33356182
1095 9929.55904503
1096 9929.64923832
1097 9929.96491481
1098 9930.0551081
1099 9930.10020474
1100 9930.37078459
1101 9930.68646109
1102 9930.86684765
1103 9931.00213758
1104 9931.13742751
1105 9931.22762079
1106 9931.27271743
1107 9931.63349057
1108 9931.7687805
1109 9931.90407042
1110 9932.21974692
1111 9932.53542341
1112 9932.6256167
1113 9932.76090662
1114 9932.89619655
1115 9933.1667764
1116 9933.25696969
1117 9933.43735625
1118 9933.75303275
1119 9933.93341932
1120 9934.15890253
1121 9934.38438574
1122 9934.65496559
1123 9935.10593201
1124 9935.33141522
1125 9935.51180179
1126 9935.64709172
1127 9935.87257493
1128 9936.09805814
1129 9936.32354135
1130 9936.50392792
1131 9936.68431449
1132 9936.95489434
1133 9937.27057083
1134 9937.49605404
1135 9937.7666339
1136 9937.94702047
1137 9938.17250368
1138 9938.48818017
1139 9938.6234701
1140 9939.02933988
1141 9939.43520965
1142 9939.75088615
1143 9939.97636936
1144 9940.29204585
1145 9940.42733578
1146 9940.78810892
1147 9941.10378541
1148 9941.28417198
1149 9941.55475183
1150 9941.82533169
1151 9942.14100818
1152 9942.41158803
1153 9942.81745781
1154 9943.04294102
1155 9943.4488108
1156 9943.80958394
1157 9943.89977722
1158 9944.26055036
1159 9944.6213235
1160 9945.29777313
1161 9945.52325634
1162 9945.74873955
1163 9946.38009254
1164 9946.74086568
1165 9947.10163881
1166 9947.46241195
1167 9947.68789516
1168 9947.91337837
1169 9948.31924815
1170 9948.589828
1171 9948.99569778
1172 9949.31137428
1173 9949.71724405
1174 9950.03292055
1175 9950.43879033
1176 9950.66427354
1177 9950.97995003
1178 9951.38581981
1179 9951.70149631
1180 9952.06226944
1181 9952.42304258
1182 9952.64852579
1183 9953.05439557
1184 9953.09949221
1185 9953.46026535
1186 9953.7308452
1187 9953.86613513
1188 9954.22690826
1189 9954.31710155
1190 9954.49748812
1191 9954.72297133
1192 9954.85826125
1193 9955.30922768
1194 9955.80529074
1195 9955.85038738
1196 9956.07587059
1197 9956.12096723
1198 9956.25625716
1199 9956.79741686
1200 9957.11309336
1201 9957.33857657
1202 9957.60915642
1203 9958.3307027
1204 9958.55618591
1205 9958.8718624
1206 9959.09734561
1207 9959.41302211
1208 9959.7286986
1209 9960.13456838
1210 9960.54043816
1211 9960.76592137
1212 9961.17179115
1213 9961.53256429
1214 9961.89333742
1215 9961.98353071
1216 9962.20901392
1217 9962.52469041
1218 9962.79527026
1219 9962.88546355
1220 9963.11094676
1221 9963.38152661
1222 9963.87758967
1223 9964.28345945
1224 9964.73442587
1225 9964.91481244
1226 9965.36577886
1227 9965.59126207
1228 9966.0422285
1229 9966.31280835
1230 9966.62848484
1231 9967.16964455
1232 9967.4402244
1233 9967.89119082
1234 9968.16177067
1235 9968.52254381
1236 9968.83822031
1237 9969.19899344
1238 9969.51466994
1239 9969.78524979
1240 9970.14602293
1241 9970.3264095
1242 9970.68718263
1243 9971.04795577
1244 9971.40872891
1245 9971.54401883
1246 9971.90479197
1247 9972.26556511
1248 9972.67143489
1249 9973.25769123
1250 9973.70865765
1251 9974.02433415
1252 9974.20472072
1253 9974.38510729
1254 9974.79097706
1255 9975.37723341
1256 9975.64781326
1257 9975.82819983
1258 9976.27916625
1259 9976.59484275
1260 9976.77522932
1261 9977.04580917
1262 9977.49677559
1263 9977.63206552
1264 9978.17322522
1265 9978.579095
1266 9978.66928828
1267 9979.07515806
1268 9979.52612448
1269 9980.06728419
1270 9980.33786404
1271 9980.69863718
1272 9981.19470024
1273 9981.55547338
1274 9981.73585995
1275 9982.09663308
1276 9982.18682637
1277 9982.45740622
1278 9982.863276
1279 9983.22404914
1280 9983.49462899
1281 9983.94559541
1282 9984.26127191
1283 9984.44165847
1284 9984.62204504
1285 9984.71223833
1286 9984.93772154
1287 9985.11810811
1288 9985.47888124
1289 9985.47888124
1290 9985.56907453
1291 9985.65926781
1292 9985.83965438
1293 9986.33571744
1294 9986.83178051
1295 9987.01216707
1296 9987.28274693
1297 9987.55332678
1298 9987.86900327
1299 9988.09448648
1300 9988.27487305
1301 9988.45525962
1302 9988.68074283
1303 9988.90622604
1304 9988.95132268
1305 9988.99641933
1306 9989.22190254
1307 9989.40228911
1308 9989.58267567
1309 9989.85325553
1310 9990.0336421
1311 9990.16893202
1312 9990.34931859
1313 9990.43951187
1314 9990.48460852
1315 9990.52970516
1316 9990.80028501
1317 9990.8904783
1318 9991.11596151
1319 9991.29634807
1320 9991.56692793
1321 9991.79241114
1322 9991.92770106
1323 9991.97279771
1324 9992.06299099
1325 9992.19828092
1326 9992.46886077
1327 9992.55905405
1328 9992.69434398
1329 9992.78453726
1330 9992.91982719
1331 9993.10021376
1332 9993.1453104
1333 9993.32569697
1334 9993.37079361
1335 9993.41589025
1336 9993.55118018
1337 9993.64137346
1338 9993.82176003
1339 9994.0021466
1340 9994.09233988
1341 9994.22762981
1342 9994.36291974
1343 9994.45311302
1344 9994.54330631
1345 9994.58840295
1346 9994.72369287
1347 9994.72369287
1348 9994.94917608
1349 9994.99427273
1350 9995.08446601
1351 9995.12956265
1352 9995.1746593
1353 9995.26485258
1354 9995.30994922
1355 9995.44523915
1356 9995.58052907
1357 9995.67072236
1358 9995.67072236
1359 9995.85110893
1360 9995.85110893
1361 9995.85110893
1362 9996.07659214
1363 9996.12168878
1364 9996.21188206
1365 9996.25697871
1366 9996.30207535
1367 9996.43736527
1368 9996.48246192
1369 9996.5726552
1370 9996.61775184
1371 9996.70794513
1372 9996.75304177
1373 9996.93342834
1374 9996.97852498
1375 9997.11381491
1376 9997.20400819
1377 9997.20400819
1378 9997.20400819
1379 9997.38439476
1380 9997.38439476
1381 9997.4294914
1382 9997.4294914
1383 9997.47458804
1384 9997.47458804
1385 9997.51968468
1386 9997.60987797
1387 9997.70007125
1388 9997.70007125
1389 9997.70007125
1390 9997.7451679
1391 9997.7451679
1392 9997.83536118
1393 9997.83536118
1394 9997.88045782
1395 9997.92555446
1396 9997.92555446
1397 9998.01574775
1398 9998.06084439
1399 9998.06084439
1400 9998.06084439
1401 9998.06084439
1402 9998.10594103
1403 9998.15103767
1404 9998.15103767
1405 9998.19613432
1406 9998.19613432
1407 9998.2863276
1408 9998.33142424
1409 9998.33142424
1410 9998.37652088
1411 9998.37652088
1412 9998.37652088
1413 9998.42161753
1414 9998.46671417
1415 9998.46671417
1416 9998.55690745
1417 9998.64710074
1418 9998.64710074
1419 9998.64710074
1420 9998.64710074
1421 9998.73729402
1422 9998.78239066
1423 9998.82748731
1424 9998.87258395
1425 9998.91768059
1426 9999.05297052
1427 9999.05297052
1428 9999.1431638
1429 9999.1431638
1430 9999.1431638
1431 9999.1431638
1432 9999.1431638
1433 9999.1431638
1434 9999.1431638
1435 9999.1431638
1436 9999.1431638
1437 9999.18826044
1438 9999.18826044
1439 9999.18826044
1440 9999.18826044
1441 9999.18826044
1442 9999.23335708
1443 9999.23335708
1444 9999.23335708
1445 9999.23335708
1446 9999.23335708
1447 9999.23335708
1448 9999.23335708
1449 9999.23335708
1450 9999.27845373
1451 9999.27845373
1452 9999.27845373
1453 9999.32355037
1454 9999.32355037
1455 9999.36864701
1456 9999.41374365
1457 9999.41374365
1458 9999.41374365
1459 9999.41374365
1460 9999.41374365
1461 9999.41374365
1462 9999.41374365
1463 9999.41374365
1464 9999.4588403
1465 9999.4588403
1466 9999.4588403
1467 9999.4588403
1468 9999.4588403
1469 9999.4588403
1470 9999.54903358
1471 9999.54903358
1472 9999.54903358
1473 9999.59413022
1474 9999.59413022
1475 9999.59413022
1476 9999.63922686
1477 9999.63922686
1478 9999.63922686
1479 9999.63922686
1480 9999.63922686
1481 9999.63922686
1482 9999.63922686
1483 9999.63922686
1484 9999.63922686
1485 9999.63922686
1486 9999.68432351
1487 9999.68432351
1488 9999.72942015
1489 9999.72942015
1490 9999.72942015
1491 9999.72942015
1492 9999.72942015
1493 9999.72942015
1494 9999.72942015
1495 9999.72942015
1496 9999.72942015
1497 9999.72942015
1500 9999.77451679
1501 10000.0
