0 14.9051490515
1 39.8599819332
2 119.241192412
3 245.93495935
4 404.132791328
5 569.896115628
6 726.62601626
7 894.760614273
8 1063.23396567
9 1240.06323397
10 1431.12014453
11 1641.3730804
12 1871.49954833
13 2112.69196025
14 2354.67479675
15 2611.3369467
16 2865.40198735
17 3136.51761518
18 3396.00271003
19 3662.9403794
20 3919.37669377
21 4170.84462511
22 4420.61878952
23 4654.24570912
24 4903.79403794
25 5124.54832882
26 5351.73893406
27 5562.10478771
28 5785.56910569
29 5982.94941283
30 6173.32881662
31 6380.75880759
32 6564.92773261
33 6771.00271003
34 6947.04155375
35 7142.50225836
36 7298.10298103
37 7474.70641373
38 7633.2429991
39 7815.37940379
40 7955.05871725
41 8092.25383921
42 8240.96657633
43 8371.16079494
44 8508.46883469
45 8619.467028
46 8742.54742547
47 8840.67299006
48 8941.62149955
49 9022.24480578
50 9110.77235772
51 9182.36224029
52 9245.14453478
53 9320.91237579
54 9377.03252033
55 9432.92682927
56 9482.38482385
57 9531.84281843
58 9571.92863595
59 9611.67570009
60 9646.00271003
61 9678.97470641
62 9712.17253839
63 9738.03071364
64 9768.9701897
65 9791.32791328
66 9813.23396567
67 9830.84914182
68 9849.25474255
69 9861.78861789
70 9876.01626016
71 9888.09846432
72 9896.45438121
73 9907.06865402
74 9917.00542005
75 9926.7163505
76 9934.39476061
77 9942.29900632
78 9947.60614273
79 9954.15537489
80 9958.78500452
81 9963.07588076
82 9966.23757904
83 9969.85094851
84 9973.23848238
85 9975.72267389
86 9977.19060524
87 9979.22312556
88 9981.0298103
89 9982.94941283
90 9984.75609756
91 9986.11111111
92 9987.12737127
93 9988.48238482
94 9989.49864499
95 9990.40198735
96 9991.07949413
97 9991.64408311
98 9991.8699187
99 9992.32158988
100 9992.77326107
101 9993.67660343
102 9994.01535682
103 9994.6928636
104 9995.03161698
105 9995.37037037
106 9995.82204155
107 9995.93495935
108 9996.04787715
109 9996.38663053
110 9996.38663053
111 9996.49954833
112 9996.61246612
113 9996.72538392
114 9996.83830172
115 9997.06413731
116 9997.1770551
117 9997.1770551
118 9997.4028907
119 9997.51580849
120 9997.74164408
121 9997.74164408
122 9997.74164408
123 9997.74164408
124 9997.96747967
125 9997.96747967
126 9998.08039747
127 9998.19331527
128 9998.19331527
129 9998.19331527
130 9998.19331527
131 9998.30623306
132 9998.30623306
133 9998.30623306
134 9998.30623306
135 9998.30623306
136 9998.41915086
137 9998.41915086
138 9998.53206865
139 9998.53206865
140 9998.53206865
141 9998.64498645
142 9998.64498645
143 9998.75790425
144 9998.75790425
145 9998.75790425
146 9998.75790425
147 9998.75790425
148 9998.87082204
149 9998.87082204
150 9998.87082204
151 9998.87082204
152 9998.87082204
153 9998.87082204
154 9998.98373984
155 9998.98373984
156 9998.98373984
157 9998.98373984
158 9998.98373984
159 9998.98373984
160 9998.98373984
161 9998.98373984
162 9998.98373984
163 9999.09665763
164 9999.09665763
165 9999.09665763
166 9999.43541102
167 9999.43541102
168 9999.43541102
169 9999.43541102
170 9999.43541102
171 9999.43541102
172 9999.43541102
173 9999.43541102
174 9999.43541102
175 9999.54832882
176 9999.54832882
177 9999.66124661
178 9999.77416441
179 9999.77416441
180 9999.77416441
181 9999.8870822
182 9999.8870822
183 9999.8870822
184 9999.8870822
185 9999.8870822
186 9999.8870822
187 9999.8870822
188 10000.0
189 10000.0
190 10000.0
191 10000.0
192 10000.0
193 10000.0
194 10000.0
195 10000.0
196 10000.0
197 10000.0
1501 10000.0
