0 0.0
1 0.0
2 0.0
3 0.0
4 0.0
5 0.0
6 0.0
7 0.0
8 0.0
61 0.0887898388908
62 0.599331412513
63 2.35293073061
64 8.03548041962
65 25.4826837617
66 66.5035893292
67 124.683131262
68 189.943662847
69 295.914335563
70 426.568583491
71 521.551513645
72 591.628893989
73 646.922766159
74 686.03469019
75 716.933554124
76 739.952319857
77 756.289650212
78 770.274049838
79 783.525933292
80 794.180713959
81 803.170685147
82 811.516930003
83 819.485818043
84 827.299323865
85 834.358116057
86 841.772067605
87 848.897452176
88 857.487869088
89 865.34576983
90 873.225868032
91 879.285774536
92 885.323483581
93 890.917243431
94 896.688582959
95 901.194667282
96 905.38998717
97 908.963778185
98 912.737346338
99 917.531997638
100 920.528654701
101 923.125757488
102 925.545280598
103 927.876013869
104 930.295536979
105 931.80496424
106 934.046907672
107 936.555220621
108 939.063533569
109 941.016910025
110 942.592929665
111 943.969172168
112 945.589586728
113 946.98802669
114 948.763823468
115 950.428632947
116 951.960257668
117 953.602869688
118 956.222169935
119 959.085642239
120 960.972426316
121 962.903605311
122 964.812586848
123 966.322014109
124 969.074499114
125 972.670487589
126 974.868036102
127 976.577240501
128 977.753705866
129 978.530616956
130 979.81806962
131 981.061127365
132 982.148802891
133 983.192083498
134 984.457338702
135 985.522816769
136 986.543899916
137 987.653772902
138 989.052212865
139 990.672627425
140 992.736991179
141 995.311896507
142 997.021100905
143 998.708107844
144 1000.37291732
145 1001.79355475
146 1003.23638963
147 1004.96779149
148 1006.78798318
149 1009.16311137
150 1010.91671069
151 1012.09317606
152 1013.1142592
153 1014.09094743
154 1014.84566106
155 1015.77795437
156 1016.59926038
157 1017.26518417
158 1018.10868764
159 1018.79680889
160 1019.52932506
161 1020.46161837
162 1021.68247866
163 1023.10311608
164 1024.98990016
165 1026.87668423
166 1028.91885053
167 1030.45047525
168 1033.29175009
169 1036.24401224
170 1038.6857328
171 1041.41602035
172 1045.32277326
173 1048.49701
174 1051.31608739
175 1053.2916613
176 1055.20064284
177 1056.75446502
178 1057.95312784
179 1059.32937035
180 1060.55023063
181 1061.57131378
182 1062.39261979
183 1063.48029532
184 1064.72335306
185 1065.25609209
186 1066.03300318
187 1066.96529649
188 1068.05297202
189 1068.98526533
190 1069.91755863
191 1070.96083924
192 1071.89313255
193 1072.55905634
194 1073.71332425
195 1074.60122264
196 1075.79988546
197 1076.66558639
198 1077.86424922
199 1079.06291204
200 1080.39475962
201 1081.57122499
202 1082.81428273
203 1084.27931508
204 1085.34479314
205 1086.34367883
206 1087.1871823
207 1088.16387053
208 1088.98517654
209 1089.58450795
210 1090.58339364
211 1091.91524122
212 1093.2470888
213 1094.8453059
214 1096.39912808
215 1097.79756805
216 1098.79645373
217 1100.0839064
218 1102.23705999
219 1104.03505423
220 1106.32139258
221 1108.54113855
222 1111.67098037
223 1115.11158663
224 1117.79747926
225 1120.12821253
226 1121.90400931
227 1123.41343657
228 1124.74528415
229 1125.98834189
230 1126.87624028
231 1127.96391581
232 1128.9628015
233 1129.40675069
234 1130.42783384
235 1131.40452207
236 1132.02605094
237 1132.53659251
238 1132.98054171
239 1133.69086042
240 1134.53436389
241 1134.97831308
242 1135.44445974
243 1136.06598861
244 1136.6209251
245 1136.86509716
246 1137.28684889
247 1137.64200825
248 1137.97497014
249 1138.39672188
250 1138.75188123
251 1139.17363297
252 1139.63977962
253 1140.10592628
254 1140.43888817
255 1141.06041705
256 1142.17029003
257 1143.76850713
258 1146.2102277
259 1149.82841364
260 1155.9105176
261 1167.0980373
262 1178.57412398
263 1197.37537236
264 1218.3519718
265 1248.31854243
266 1279.15081398
267 1311.51471026
268 1342.9019183
269 1372.31355244
270 1405.74292678
271 1432.77943272
272 1466.09781977
273 1503.03439274
274 1549.58246578
275 1590.93633325
276 1648.42775393
277 1712.00127857
278 1788.87108159
279 1877.90509254
280 1950.97912995
281 2023.49823086
282 2075.32929931
283 2125.22918877
284 2159.23569707
285 2194.52965803
286 2219.14664086
287 2246.1831468
288 2266.8489818
289 2286.73790571
290 2306.693422
291 2323.40810918
292 2342.00958042
293 2355.28366134
294 2371.73197899
295 2385.93835321
296 2400.45549187
297 2412.53090996
298 2424.20677378
299 2433.01916529
300 2441.14343555
301 2450.22219657
302 2456.50407767
303 2463.42968511
304 2469.24541955
305 2475.70488033
306 2480.23316212
307 2485.62714483
308 2489.86685964
309 2493.52944049
310 2497.34740356
311 2500.67702252
312 2504.273011
313 2506.82571886
314 2510.04435052
315 2512.35288634
316 2515.08317388
317 2517.32511731
318 2520.01100994
319 2521.83120164
320 2523.74018317
321 2526.18190374
322 2528.04649036
323 2529.93327444
324 2531.553689
325 2533.48486799
326 2535.10528255
327 2536.96986917
328 2538.27951929
329 2539.81114401
330 2541.32057127
331 2542.6302214
332 2543.98426644
333 2544.84996737
334 2546.42598701
335 2547.89101935
336 2549.42264407
337 2550.31054246
338 2551.81996972
339 2553.15181731
340 2554.21729537
341 2555.54914296
342 2556.48143626
343 2557.83548131
344 2558.90095937
345 2560.05522728
346 2561.20949519
347 2562.27497325
348 2563.38484624
349 2564.53911414
350 2565.69338205
351 2566.4924906
352 2567.24720423
353 2567.80214072
354 2568.80102641
355 2569.53354258
356 2570.33265113
357 2570.93198254
358 2571.68669617
359 2572.48580472
360 2573.26271581
361 2573.97303453
362 2574.63895832
363 2575.26048719
364 2575.88201606
365 2576.32596526
366 2576.94749413
367 2577.76880014
368 2578.23494679
369 2578.83427821
370 2579.41141216
371 2579.87755881
372 2580.49908768
373 2580.92083942
374 2581.58676321
375 2582.00851495
376 2582.60784636
377 2583.29596761
378 2583.87310156
379 2584.42803806
380 2585.16055423
381 2585.58230596
382 2586.07065007
383 2586.62558657
384 2587.1583256
385 2587.80205193
386 2588.40138335
387 2588.9785173
388 2589.44466395
389 2590.04399537
390 2590.798709
391 2591.55342263
392 2592.30813626
393 2592.99625751
394 2593.68437876
395 2594.52788223
396 2595.3713857
397 2595.85972981
398 2596.68103582
399 2597.10278756
400 2597.67992151
401 2598.25705546
402 2598.96737417
403 2599.87747002
404 2600.65438111
405 2601.40909474
406 2602.18600583
407 2602.94071946
408 2603.56224834
409 2604.31696197
410 2604.80530608
411 2605.40463749
412 2606.04836383
413 2606.47011556
414 2607.18043427
415 2607.7131733
416 2608.31250472
417 2608.91183613
418 2609.55556246
419 2610.19928879
420 2610.9096075
421 2611.44234654
422 2612.24145509
423 2612.70760174
424 2613.15155094
425 2613.70648743
426 2614.217029
427 2614.68317566
428 2615.08272993
429 2615.50448167
430 2616.148208
431 2616.59215719
432 2617.14709369
433 2617.59104288
434 2618.05718954
435 2618.43454635
436 2618.83410063
437 2619.36683966
438 2620.09935583
439 2620.6098974
440 2621.09824152
441 2621.49779579
442 2622.03053483
443 2622.45228656
444 2622.78524846
445 2623.22919765
446 2623.78413414
447 2624.16149096
448 2624.51665031
449 2625.11598173
450 2625.49333854
451 2626.0704725
452 2626.49222423
453 2626.71419883
454 2627.1137531
455 2627.51330738
456 2627.95725657
457 2628.15703371
458 2628.62318036
459 2629.02273464
460 2629.57767113
461 2630.0882127
462 2630.57655682
463 2630.90951871
464 2631.33127045
465 2631.6864298
466 2632.21916884
467 2632.52993327
468 2633.06267231
469 2633.5066215
470 2633.88397832
471 2634.37232243
472 2634.68308687
473 2635.14923352
474 2635.48219542
475 2635.88174969
476 2636.23690905
477 2636.52547602
478 2637.0360176
479 2637.32458457
480 2637.67974393
481 2637.99050837
482 2638.47885248
483 2638.76741946
484 2639.03378897
485 2639.30015849
486 2639.54433055
487 2639.92168736
488 2640.14366196
489 2640.56541369
490 2640.98716543
491 2641.40891716
492 2641.80847144
493 2642.27461809
494 2642.58538253
495 2642.91834442
496 2643.25130632
497 2643.51767584
498 2643.80624281
499 2644.02821741
500 2644.36117931
501 2644.64974628
502 2645.11589294
503 2645.53764467
504 2646.00379133
505 2646.31455576
506 2646.8472948
507 2647.31344145
508 2647.69079827
509 2647.95716778
510 2648.31232714
511 2648.80067125
512 2649.04484331
513 2649.28901537
514 2649.5997798
515 2649.88834678
516 2650.22130867
517 2650.59866549
518 2650.86503501
519 2651.44216896
520 2651.79732831
521 2652.24127751
522 2652.70742416
523 2652.95159622
524 2653.48433525
525 2653.83949461
526 2654.35003618
527 2654.66080062
528 2654.90497267
529 2655.32672441
530 2655.65968631
531 2656.12583296
532 2656.63637453
533 2656.96933643
534 2657.39108816
535 2657.7018526
536 2657.96822212
537 2658.38997385
538 2658.85612051
539 2659.3000697
540 2659.83280873
541 2660.09917825
542 2660.47653507
543 2660.6763122
544 2661.18685378
545 2661.47542075
546 2661.89717249
547 2662.42991152
548 2662.85166326
549 2663.31780991
550 2663.53978451
551 2663.9837337
552 2664.4276829
553 2664.89382955
554 2665.44876604
555 2665.84832032
556 2666.27007205
557 2666.69182379
558 2667.2911552
559 2667.91268407
560 2668.68959516
561 2669.37771641
562 2670.33220718
563 2671.46427763
564 2672.55195315
565 2673.52864138
566 2674.63851437
567 2675.59300514
568 2676.56969336
569 2677.90154095
570 2679.10020377
571 2680.34326152
572 2681.7860964
573 2683.25112874
574 2684.84934584
575 2686.51415532
576 2688.22335972
577 2689.7771819
578 2691.68616344
579 2693.77272465
580 2696.14785284
581 2698.25661151
582 2700.56514732
583 2702.65170854
584 2705.31540371
585 2708.28986331
586 2710.95355847
587 2713.72824094
588 2716.724898
589 2719.8103449
590 2723.09556894
591 2726.38079298
592 2729.66601702
593 2732.707069
594 2735.99229304
595 2739.76586119
596 2743.27305983
597 2746.66927117
598 2750.35404948
599 2753.55048368
600 2756.88010264
601 2760.23191906
602 2763.85010499
603 2767.53488331
604 2771.10867432
605 2774.50488566
606 2778.45603349
607 2782.2517991
608 2786.22514439
609 2790.33167444
610 2795.05973336
611 2799.29944817
612 2803.38378076
613 2807.97865492
614 2812.9508859
615 2817.23499563
616 2821.74107995
617 2826.40254649
618 2830.68665622
619 2835.94745417
620 2841.00847499
621 2846.20268057
622 2851.61886074
623 2857.14602821
624 2863.09494741
625 2868.93287932
626 2874.81520615
627 2880.83071773
628 2886.97941408
629 2893.81623167
630 2901.00820862
631 2908.31117287
632 2916.32445583
633 2923.2278658
634 2930.48643513
635 2938.87707491
636 2948.06682323
637 2956.63504269
638 2965.60281641
639 2975.23651393
640 2984.27088004
641 2993.50502329
642 3004.53716077
643 3014.45942526
644 3025.02541609
645 3035.4360247
646 3045.64685617
647 3056.3238343
648 3066.26829626
649 3076.52352265
650 3086.31260239
651 3096.25706434
652 3105.93515678
653 3116.61213491
654 3126.55659686
655 3136.14589946
656 3146.00157158
657 3155.47988688
658 3165.29116408
659 3174.79167684
660 3183.0269344
661 3190.41868849
662 3198.8981181
663 3207.93248421
664 3216.4785062
665 3225.20210787
666 3233.12660099
667 3240.54055254
668 3248.48724312
669 3255.61262769
670 3263.29294875
671 3269.77460699
672 3276.74460935
673 3283.3816498
674 3290.26286232
675 3297.83219608
676 3304.3804467
677 3310.64013034
678 3316.78882669
679 3322.404784
680 3328.50908542
681 3333.88087067
682 3339.27485339
683 3345.00179799
684 3350.77313752
685 3355.78976342
686 3360.96177153
687 3365.53444824
688 3370.06273002
689 3375.01276354
690 3379.96279706
691 3385.29018739
692 3389.95165393
693 3394.94608237
694 3399.54095653
695 3404.29121291
696 3408.99707437
697 3413.21459172
698 3418.16462524
699 3422.24895783
700 3427.15459643
701 3431.48310107
702 3436.07797524
703 3440.31769004
704 3444.57960231
705 3448.24218316
706 3451.90476402
707 3455.92250423
708 3460.1844165
709 3464.06897195
710 3468.24209437
711 3472.7481787
712 3476.83251129
713 3480.91684388
714 3484.73480695
715 3488.88573192
716 3492.54831277
717 3497.23197677
718 3501.13872968
719 3504.91229784
720 3508.79685329
721 3512.74800112
722 3516.2330023
723 3519.74020093
724 3523.20300465
725 3527.04316518
726 3530.68354857
727 3534.21294467
728 3537.67574839
729 3541.31613178
730 3544.97871264
731 3548.50810873
732 3552.08189975
733 3555.70008568
734 3559.25167924
735 3562.67008804
736 3566.02190445
737 3569.48470817
738 3572.74773475
739 3576.07735371
740 3578.94082601
741 3582.22605005
742 3585.26710203
743 3588.75210321
744 3592.14831455
745 3596.45462173
746 3600.07280767
747 3603.49121647
748 3606.95402018
749 3610.59440358
750 3613.65765302
751 3617.25364149
752 3620.71644521
753 3624.64539558
754 3628.1081993
755 3631.50441064
756 3634.76743721
757 3638.51880791
758 3642.11479638
759 3645.37782296
760 3649.08479874
761 3651.94827104
762 3655.61085189
763 3658.89607593
764 3661.84833808
765 3664.8671926
766 3668.44098361
767 3671.70401019
768 3675.58856564
769 3678.42984049
770 3682.02582896
771 3685.4220403
772 3689.04022624
773 3692.50302995
774 3695.85484637
775 3699.38424247
776 3702.69166397
777 3706.15446768
778 3709.5062841
779 3712.591731
780 3715.87695504
781 3719.16217908
782 3722.33641582
783 3725.39966526
784 3728.70708676
785 3732.08110064
786 3735.32192976
787 3738.4961665
788 3741.89237784
789 3744.75585014
790 3747.61932244
791 3751.12652108
792 3754.76690448
793 3757.94114122
794 3761.35955001
795 3764.24521978
796 3767.0420997
797 3770.2385339
798 3773.41277064
799 3776.8533769
800 3779.73904666
801 3782.71350627
802 3785.97653285
803 3789.55032386
804 3793.21290472
805 3796.32054908
806 3799.36160106
807 3802.6468251
808 3806.02083898
809 3810.10517156
810 3813.6123702
811 3817.1417663
812 3820.44918779
813 3824.00078135
814 3826.99743841
815 3830.14947769
816 3832.99075254
817 3836.2093842
818 3839.25043618
819 3842.31368562
820 3845.6876995
821 3848.72875148
822 3852.21375266
823 3855.3879894
824 3858.73980582
825 3861.58108066
826 3865.04388438
827 3868.15152874
828 3871.32576548
829 3874.34462
830 3878.07379324
831 3881.42560965
832 3884.31127942
833 3887.55210854
834 3890.8817275
835 3894.10035915
836 3897.03042384
837 3899.73851392
838 3902.93494812
839 3906.70851628
840 3909.74956826
841 3912.76842278
842 3915.32113065
843 3918.45097247
844 3921.46982699
845 3924.71065611
846 3927.88489285
847 3930.79276008
848 3934.10018158
849 3937.0080488
850 3940.00470586
851 3943.13454768
852 3946.2643895
853 3949.3498364
854 3952.63506044
855 3955.58732259
856 3958.82815171
857 3962.20216558
858 3965.68716676
859 3968.7504162
860 3971.74707326
861 3975.16548206
862 3978.25092896
863 3981.38077078
864 3984.44402023
865 3987.95121886
866 3990.57051911
867 3993.72255839
868 3996.91899259
869 4000.13762425
870 4003.46724321
871 4006.93004693
872 4010.1930735
873 4013.23412549
874 4016.54154699
875 4020.13753546
876 4023.44495696
877 4026.79677338
878 4030.01540504
879 4033.05645702
880 4036.5414582
881 4040.09305175
882 4043.17849865
883 4046.44152523
884 4049.97092133
885 4053.07856569
886 4056.85213384
887 4060.1817528
888 4063.51137176
889 4067.32933483
890 4071.2582852
891 4074.676694
892 4077.89532566
893 4081.291537
894 4084.93192039
895 4088.01736729
896 4091.10281419
897 4094.61001283
898 4098.4279759
899 4101.957372
900 4105.42017572
901 4108.68320229
902 4112.30138823
903 4115.34244021
904 4118.56107187
905 4121.69091369
906 4125.17591487
907 4128.74970588
908 4132.39008928
909 4135.78630062
910 4139.16031449
911 4142.55652583
912 4146.44108128
913 4149.74850278
914 4152.58977763
915 4155.80840929
916 4159.02704095
917 4162.4676472
918 4166.17462298
919 4169.61522923
920 4173.14462533
921 4176.29666461
922 4179.78166579
923 4183.84380092
924 4187.17341987
925 4191.10237024
926 4194.96472824
927 4198.42753195
928 4202.8670239
929 4206.77377681
930 4210.68052972
931 4214.38750549
932 4217.76151937
933 4221.9346418
934 4225.68601249
935 4229.25980351
936 4232.87798944
937 4237.22869155
938 4241.09104954
939 4245.21977705
940 4248.83796298
941 4252.6337286
942 4256.56267897
943 4260.66920902
944 4264.66475177
945 4267.86118597
946 4271.85672872
947 4276.07424606
948 4280.20297357
949 4284.4870833
950 4288.59361335
951 4292.43377388
952 4297.2728201
953 4301.33495523
954 4305.73005225
955 4309.32604073
956 4313.54355808
957 4317.69448304
958 4321.53464358
959 4325.41919903
960 4329.70330875
961 4333.76544388
962 4337.96076377
963 4342.40025571
964 4346.72876036
965 4350.96847517
966 4355.09720268
967 4358.93736321
968 4363.24367039
969 4367.28360806
970 4371.47892795
971 4375.40787832
972 4379.66979059
973 4384.08708507
974 4388.17141766
975 4392.21135533
976 4395.56317175
977 4399.71409672
978 4404.10919374
979 4408.23792125
980 4411.98929195
981 4415.74066264
982 4419.27005873
983 4423.39878624
984 4427.63850105
985 4431.87821586
986 4436.05133828
987 4439.91369628
988 4444.10901616
989 4448.14895383
990 4453.05459243
991 4456.93914788
992 4461.33424491
993 4465.66274955
994 4469.81367452
995 4474.25316647
996 4478.3153016
997 4482.776991
998 4487.7936169
999 4492.41068852
1000 4496.69479825
1001 4500.77913084
1002 4504.90785834
1003 4509.14757315
1004 4513.12091844
1005 4517.80458244
1006 4522.39945661
1007 4526.79455363
1008 4531.21184812
1009 4536.18407909
1010 4540.77895326
1011 4545.15185282
1012 4549.65793715
1013 4554.56357574
1014 4559.06966007
1015 4563.22058504
1016 4568.50358045
1017 4573.16504699
1018 4577.89310591
1019 4581.51129185
1020 4586.12836347
1021 4590.59005287
1022 4595.27371688
1023 4600.24594785
1024 4605.24037629
1025 4610.27919965
1026 4614.91846873
1027 4619.38015813
1028 4624.15261198
1029 4628.8806709
1030 4633.87509933
1031 4639.20248967
1032 4643.55319177
1033 4648.37004053
1034 4653.27567913
1035 4658.13692281
1036 4663.13135125
1037 4667.85941017
1038 4672.43208687
1039 4677.71508229
1040 4681.97699455
1041 4686.26110428
1042 4690.92257082
1043 4695.25107547
1044 4699.49079027
1045 4704.68499585
1046 4709.27987001
1047 4713.74155942
1048 4718.55840818
1049 4722.30977887
1050 4726.68267843
1051 4731.63271195
1052 4736.38296833
1053 4740.24532632
1054 4744.0632894
1055 4748.68036102
1056 4753.07545804
1057 4757.13759317
1058 4761.5326902
1059 4764.8401117
1060 4768.54708747
1061 4772.96438196
1062 4777.33728152
1063 4781.62139125
1064 4785.616934
1065 4790.43378276
1066 4795.56139595
1067 4800.08967774
1068 4804.41818238
1069 4808.83547687
1070 4812.96420438
1071 4817.11512934
1072 4821.51022637
1073 4826.26048275
1074 4830.52239502
1075 4834.20717333
1076 4839.11281193
1077 4843.30813182
1078 4847.50345171
1079 4851.56558683
1080 4855.47233975
1081 4859.11272314
1082 4863.19705573
1083 4867.41457308
1084 4871.14374631
1085 4875.02830176
1086 4879.84515052
1087 4884.21805009
1088 4888.45776489
1089 4892.43111018
1090 4896.64862753
1091 4901.28789661
1092 4906.10474537
1093 4910.98818651
1094 4915.0725191
1095 4919.66739326
1096 4923.66293601
1097 4928.10242796
1098 4932.83048688
1099 4936.80383217
1100 4941.35431141
1101 4945.438644
1102 4949.70055627
1103 4953.89587616
1104 4957.73603669
1105 4961.9757515
1106 4966.19326884
1107 4970.58836587
1108 4975.20543749
1109 4979.15658532
1110 4983.08553569
1111 4987.74700223
1112 4992.2308891
1113 4996.5815912
1114 5000.93229331
1115 5004.50608432
1116 5008.45723215
1117 5012.47497236
1118 5017.00325415
1119 5021.13198166
1120 5025.17191933
1121 5028.92329002
1122 5033.29618958
1123 5037.22513996
1124 5041.62023698
1125 5045.72676703
1126 5049.07858345
1127 5053.0741262
1128 5057.02527403
1129 5061.08740916
1130 5065.68228332
1131 5069.21167942
1132 5073.38480184
1133 5078.29044044
1134 5082.64114255
1135 5087.43579385
1136 5091.49792898
1137 5095.73764378
1138 5100.19933319
1139 5104.59443021
1140 5109.27809421
1141 5113.38462426
1142 5117.40236447
1143 5121.93064626
1144 5126.96946961
1145 5131.63093616
1146 5136.13702048
1147 5140.73189464
1148 5145.52654594
1149 5150.16581502
1150 5154.80508411
1151 5159.84390746
1152 5164.68295368
1153 5169.6329872
1154 5174.02808423
1155 5178.37878633
1156 5183.15124017
1157 5188.12347115
1158 5193.20668943
1159 5197.66837883
1160 5202.64060981
1161 5206.70274494
1162 5210.83147245
1163 5215.82590088
1164 5220.13220807
1165 5225.28201873
1166 5229.52173353
1167 5234.24979245
1168 5238.73367932
1169 5243.81689759
1170 5248.76693111
1171 5252.82906624
1172 5257.57932262
1173 5262.26298662
1174 5266.50270143
1175 5271.76349939
1176 5276.62474306
1177 5280.84226041
1178 5285.70350409
1179 5290.83111729
1180 5296.18070508
1181 5300.04306307
1182 5305.21507119
1183 5309.45478599
1184 5313.84988302
1185 5319.39924795
1186 5324.59345353
1187 5328.92195817
1188 5333.91638661
1189 5338.40027347
1190 5343.8386511
1191 5349.27702874
1192 5354.53782669
1193 5359.35467545
1194 5364.21591913
1195 5369.36572979
1196 5374.84850234
1197 5380.28687997
1198 5385.503283
1199 5391.09704285
1200 5396.6908027
1201 5402.30676001
1202 5407.90051986
1203 5413.05033052
1204 5418.48870815
1205 5424.59300958
1206 5430.00918975
1207 5435.380975
1208 5440.44199582
1209 5446.36871756
1210 5452.14005709
1211 5457.17888045
1212 5463.59394631
1213 5469.63165535
1214 5474.89245331
1215 5480.44181824
1216 5486.6349095
1217 5493.11656774
1218 5499.7536082
1219 5506.07988422
1220 5512.27297548
1221 5517.97772263
1222 5524.92552752
1223 5531.47377814
1224 5537.40049989
1225 5544.2817124
1226 5552.33939028
1227 5559.15401042
1228 5566.39038228
1229 5572.96083036
1230 5580.46357175
1231 5588.25488011
1232 5595.93520118
1233 5603.54892986
1234 5611.02947379
1235 5618.62100501
1236 5626.05715402
1237 5633.55989541
1238 5641.81735042
1239 5649.63085624
1240 5657.77732396
1241 5665.54643487
1242 5674.04806194
1243 5682.0613449
1244 5690.1634177
1245 5698.30988542
1246 5706.92249979
1247 5715.5129167
1248 5723.81476664
1249 5732.58276323
1250 5740.973403
1251 5749.54162246
1252 5758.44280381
1253 5767.32178769
1254 5776.11198174
1255 5783.45934091
1256 5791.60580863
1257 5800.48479252
1258 5808.8754323
1259 5816.200594
1260 5823.76992777
1261 5831.62782851
1262 5839.35254449
1263 5847.32143254
1264 5855.20153074
1265 5861.0616601
1266 5867.43233104
1267 5874.77969021
1268 5881.46112559
1269 5887.96498129
1270 5893.49214876
1271 5899.5298578
1272 5905.34559225
1273 5910.67298258
1274 5916.22234751
1275 5921.06139373
1276 5925.78945266
1277 5930.76168363
1278 5935.00139844
1279 5939.10792849
1280 5942.99248394
1281 5946.3221029
1282 5949.78490662
1283 5953.49188239
1284 5956.46634199
1285 5959.79596095
1286 5962.5262485
1287 5965.45631318
1288 5968.31978548
1289 5970.98348065
1290 5973.53618852
1291 5975.0900107
1292 5976.93239986
1293 5978.66380171
1294 5980.61717817
1295 5982.28198765
1296 5983.99119205
1297 5985.52281677
1298 5986.96565165
1299 5988.31969669
1300 5989.67374174
1301 5990.67262742
1302 5991.80469787
1303 5992.82578102
1304 5993.91345654
1305 5995.02332953
1306 5996.15539998
1307 5996.93231107
1308 5997.88680183
1309 5998.64151546
1310 5999.41842656
1311 6000.08435035
1312 6000.81686652
1313 6001.48279031
1314 6001.99333188
1315 6002.57046584
1316 6003.14759979
1317 6003.65814136
1318 6004.23527532
1319 6004.72361943
1320 6005.32295084
1321 6005.83349242
1322 6006.43282383
1323 6006.8323781
1324 6007.20973492
1325 6007.67588157
1326 6008.07543585
1327 6008.47499012
1328 6009.02992662
1329 6009.45167835
1330 6010.09540468
1331 6010.33957674
1332 6010.76132847
1333 6011.20527767
1334 6011.82680654
1335 6012.29295319
1336 6012.67031001
1337 6013.06986428
1338 6013.5582084
1339 6013.97996013
1340 6014.46830425
1341 6015.02324074
1342 6015.46718993
1343 6015.77795437
1344 6016.11091627
1345 6016.57706292
1346 6016.8656299
1347 6017.53155369
1348 6017.9089105
1349 6018.37505716
1350 6018.90779619
1351 6019.21856063
1352 6019.52932506
1353 6019.81789204
1354 6020.19524886
1355 6020.59480313
1356 6020.97215995
1357 6021.3273193
1358 6021.6602812
1359 6022.17082277
1360 6022.48158721
1361 6022.7035618
1362 6023.10311608
1363 6023.43607798
1364 6023.74684241
1365 6024.10200177
1366 6024.43496366
1367 6024.67913572
1368 6024.94550524
1369 6025.32286205
1370 6025.65582395
1371 6025.98878584
1372 6026.3439452
1373 6026.65470964
1374 6027.09865883
1375 6027.38722581
1376 6027.80897754
1377 6028.14193944
1378 6028.51929625
1379 6028.91885053
1380 6029.29620734
1381 6029.58477432
1382 6029.96213113
1383 6030.22850065
1384 6030.49487017
1385 6030.78343714
1386 6031.1385965
1387 6031.47155839
1388 6031.82671775
1389 6032.07088981
1390 6032.35945678
1391 6032.67022122
1392 6033.00318312
1393 6033.29175009
1394 6033.69130437
1395 6034.06866118
1396 6034.37942562
1397 6034.62359768
1398 6034.91216465
1399 6035.28952147
1400 6035.8222605
1401 6036.13302494
1402 6036.51038175
1403 6036.84334365
1404 6037.3094903
1405 6037.59805728
1406 6037.79783442
1407 6038.04200647
1408 6038.37496837
1409 6038.77452264
1410 6039.19627438
1411 6039.55143373
1412 6039.92879055
1413 6040.21735753
1414 6040.55031942
1415 6040.79449148
1416 6041.14965083
1417 6041.48261273
1418 6041.79337717
1419 6042.12633906
1420 6042.39270858
1421 6042.83665777
1422 6043.36939681
1423 6043.79114854
1424 6044.34608503
1425 6044.90102153
1426 6045.23398342
1427 6045.56694532
1428 6045.87770975
1429 6046.29946149
1430 6046.74341068
1431 6047.18735988
1432 6047.43153194
1433 6047.78669129
1434 6048.07525827
1435 6048.54140492
1436 6048.76337952
1437 6049.18513125
1438 6049.54029061
1439 6049.80666013
1440 6050.3172017
1441 6050.51697884
1442 6051.09411279
1443 6051.64904928
1444 6051.95981372
1445 6052.20398578
1446 6052.42596037
1447 6052.84771211
1448 6053.09188416
1449 6053.35825368
1450 6053.60242574
1451 6053.95758509
1452 6054.29054699
1453 6054.60131143
1454 6054.93427332
1455 6055.08965554
1456 6055.46701236
1457 6055.79997425
1458 6056.08854123
1459 6056.33271328
1460 6056.7100701
1461 6057.06522946
1462 6057.48698119
1463 6057.70895579
1464 6058.10851006
1465 6058.4192745
1466 6058.66344656
1467 6058.99640845
1468 6059.17398813
1469 6059.50695002
1470 6059.88430684
1471 6060.17287382
1472 6060.37265095
1473 6060.68341539
1474 6061.10516712
1475 6061.52691886
1476 6061.81548584
1477 6062.21504011
1478 6062.59239693
1479 6063.05854358
1480 6063.45809786
1481 6063.90204705
1482 6064.25720641
1483 6064.39039116
1484 6064.56797084
1485 6064.76774798
1486 6065.0341175
1487 6065.47806669
1488 6065.78883113
1489 6066.09959556
1490 6066.47695238
1491 6067.09848125
1492 6067.36485077
1493 6067.74220758
1494 6068.09736694
1495 6068.47472375
1496 6068.76329073
1497 6069.22943738
1498 6069.4958069
1499 6069.69558404
1500 6069.96195355
1501 10000.0
