0 0.0
1 17.5293243762
2 1573.1905411
3 1642.77726534
4 1689.5085259
5 1750.99380454
6 1808.01002375
7 1886.88178011
8 1918.04275604
9 4912.37378478
10 7927.11147752
11 9568.82759634
12 9648.35236595
13 9684.28850125
14 9703.8176787
15 9715.06175057
16 9722.36733628
17 9728.14242219
18 9732.65229493
19 9736.10102115
20 9739.24364741
21 9742.46790032
22 9746.79411309
23 9751.05910586
24 9756.67093846
25 9760.87471125
26 9767.05793044
27 9776.11848925
28 9787.30134113
29 9795.11709344
30 9802.25942584
31 9810.13639814
32 9816.27880401
33 9823.91089634
34 9830.19614885
35 9838.21596781
36 9845.95009346
37 9856.15342546
38 9864.05080443
39 9872.41753667
40 9878.98848248
41 9886.11040821
42 9891.94671412
43 9896.88512681
44 9902.23167278
45 9907.3741521
46 9914.08794456
47 9919.9038438
48 9925.65852305
49 9930.06636247
50 9934.29054192
51 9938.39228138
52 9941.71856762
53 9945.06526051
54 9948.22829343
55 9951.22807304
56 9953.69727938
57 9956.20729906
58 9958.18674546
59 9960.88042511
60 9963.34963146
61 9965.8188378
62 9968.26763748
63 9970.06342391
64 9972.14490364
65 9973.83865675
66 9975.49159654
67 9976.85884302
68 9978.49137614
69 9979.79740264
70 9981.49115575
71 9982.9400289
72 9984.34808871
73 9985.65411521
74 9986.59282175
75 9987.61315495
76 9988.36820152
77 9989.20487474
78 9989.85788799
79 9990.69456122
80 9991.1026945
81 9991.57204777
82 9992.1230277
83 9992.53116098
84 9993.02092091
85 9993.22498755
86 9993.5923075
87 9993.8780008
88 9994.1636941
89 9994.51060738
90 9994.79630068
91 9995.1228073
92 9995.51053392
93 9995.87785387
94 9996.2043605
95 9996.55127378
96 9996.77574709
97 9996.97981373
98 9997.26550702
99 9997.40835367
100 9997.53079366
101 9997.69404697
102 9997.77567362
103 9997.83689362
104 9998.06136692
105 9998.14299358
106 9998.32665355
107 9998.44909354
108 9998.48990686
109 9998.59194018
110 9998.67356684
111 9998.73478683
112 9998.81641349
113 9998.89804014
114 9999.00007346
115 9999.10210678
116 9999.22454677
117 9999.28576676
118 9999.32658009
119 9999.36739342
120 9999.40820674
121 9999.44902007
122 9999.4898334
123 9999.51024006
124 9999.51024006
125 9999.53064673
126 9999.61227338
127 9999.63268005
128 9999.63268005
129 9999.65308671
130 9999.69390004
131 9999.73471337
132 9999.73471337
133 9999.73471337
134 9999.73471337
135 9999.73471337
136 9999.73471337
137 9999.75512003
138 9999.75512003
139 9999.75512003
140 9999.79593336
141 9999.79593336
142 9999.81634002
143 9999.81634002
144 9999.83674669
145 9999.83674669
146 9999.85715335
147 9999.85715335
148 9999.85715335
149 9999.85715335
150 9999.85715335
151 9999.85715335
152 9999.85715335
153 9999.85715335
154 9999.85715335
155 9999.85715335
157 9999.87756002
158 9999.87756002
159 9999.87756002
160 9999.87756002
161 9999.87756002
162 9999.87756002
163 9999.87756002
164 9999.87756002
165 9999.87756002
166 9999.87756002
202 9999.89796668
203 9999.89796668
204 9999.89796668
205 9999.89796668
206 9999.89796668
207 9999.89796668
208 9999.89796668
209 9999.89796668
210 9999.89796668
211 9999.89796668
219 9999.91837334
220 9999.91837334
221 9999.91837334
222 9999.91837334
223 9999.91837334
224 9999.91837334
225 9999.91837334
226 9999.91837334
227 9999.91837334
228 9999.91837334
345 9999.93878001
346 9999.93878001
347 9999.93878001
348 9999.93878001
349 9999.93878001
350 9999.93878001
351 9999.93878001
352 9999.93878001
353 9999.93878001
354 9999.93878001
558 9999.95918667
559 9999.95918667
560 9999.95918667
561 9999.95918667
562 9999.95918667
563 9999.95918667
564 9999.95918667
565 9999.95918667
566 9999.95918667
567 9999.95918667
571 9999.97959334
572 9999.97959334
573 9999.97959334
574 9999.97959334
575 9999.97959334
576 9999.97959334
577 9999.97959334
578 9999.97959334
579 9999.97959334
580 9999.97959334
1501 10000.0
