0 0.0
1 13.6236709874
2 1918.36320519
3 2005.91173365
4 2060.50037395
5 2141.60349668
6 2211.26273578
7 2307.81228273
8 2344.24855589
9 4441.12882919
10 8061.94354351
11 9563.79824189
12 9646.64895276
13 9685.15226566
14 9705.86024556
15 9720.06644593
16 9729.89428031
17 9737.07254558
18 9742.18377111
19 9746.07356407
20 9749.60632289
21 9753.02633409
22 9757.46107388
23 9762.1401002
24 9767.02583048
25 9771.08474487
26 9778.05630616
27 9785.760727
28 9793.97251213
29 9800.86890834
30 9807.50222677
31 9814.73686584
32 9819.97963026
33 9825.88008915
34 9831.81813057
35 9837.88771089
36 9843.41234436
37 9851.41742552
38 9858.59569079
39 9864.74043618
40 9870.41539982
41 9875.18838249
42 9880.11169531
43 9883.36258508
44 9887.96644631
45 9891.837448
46 9897.86944577
47 9904.31485149
48 9910.45959689
49 9914.66884144
50 9918.93445981
51 9922.9933742
52 9927.35294891
53 9931.35548949
54 9934.73791815
55 9938.15792935
56 9940.63837704
57 9943.55102394
58 9946.18180178
59 9949.2071963
60 9951.7440178
61 9954.3372131
62 9956.96799095
63 9959.54239498
64 9962.07921648
65 9964.03350859
66 9965.89384436
67 9967.49110233
68 9969.20110793
69 9970.77957464
70 9972.4519977
71 9974.1620033
72 9975.32706206
73 9977.37531053
74 9978.63432564
75 9979.96850583
76 9981.0020257
77 9981.86642413
78 9982.7120313
79 9984.04621149
80 9984.9294012
81 9985.58709566
82 9986.41391155
83 9987.0152322
84 9987.86083937
85 9988.44336875
86 9989.13864575
87 9989.77754894
88 9990.49161721
89 9991.11172914
90 9991.67546724
91 9992.18283154
92 9992.57744822
93 9993.04722998
94 9993.49822047
95 9994.08074985
96 9994.32503636
97 9994.62569669
98 9994.98273082
99 9995.22701734
100 9995.49009512
101 9996.01625069
102 9996.29811975
103 9996.54240626
104 9996.78669277
105 9997.06856183
106 9997.21889199
107 9997.44438724
108 9997.68867375
109 9997.83900391
110 9998.00812535
111 9998.21482932
112 9998.2899944
113 9998.38395075
114 9998.55307218
115 9998.74098489
116 9998.83494124
117 9998.85373251
118 9998.91010632
119 9998.96648013
120 9999.06043648
121 9999.11681029
122 9999.21076665
123 9999.28593173
124 9999.28593173
125 9999.37988808
126 9999.41747062
127 9999.45505316
128 9999.47384443
129 9999.4926357
130 9999.54900951
131 9999.56780078
132 9999.58659205
133 9999.58659205
134 9999.60538332
135 9999.60538332
136 9999.60538332
137 9999.60538332
138 9999.62417459
139 9999.64296586
140 9999.64296586
141 9999.66175713
142 9999.6805484
143 9999.69933967
144 9999.69933967
145 9999.69933967
146 9999.71813095
147 9999.71813095
148 9999.71813095
149 9999.71813095
150 9999.71813095
151 9999.71813095
152 9999.73692222
153 9999.73692222
154 9999.77450476
155 9999.77450476
156 9999.77450476
157 9999.77450476
158 9999.77450476
159 9999.77450476
160 9999.77450476
161 9999.77450476
162 9999.77450476
163 9999.79329603
164 9999.79329603
165 9999.79329603
166 9999.79329603
167 9999.79329603
168 9999.79329603
169 9999.79329603
170 9999.79329603
171 9999.79329603
172 9999.79329603
183 9999.8120873
184 9999.83087857
185 9999.84966984
186 9999.84966984
187 9999.84966984
188 9999.84966984
189 9999.84966984
190 9999.84966984
191 9999.84966984
192 9999.84966984
193 9999.84966984
194 9999.84966984
224 9999.86846111
225 9999.86846111
226 9999.86846111
227 9999.86846111
228 9999.86846111
229 9999.86846111
230 9999.86846111
231 9999.86846111
232 9999.86846111
233 9999.86846111
238 9999.88725238
239 9999.88725238
240 9999.88725238
241 9999.88725238
242 9999.88725238
243 9999.88725238
244 9999.88725238
245 9999.88725238
246 9999.88725238
247 9999.88725238
251 9999.90604365
252 9999.90604365
253 9999.90604365
254 9999.90604365
255 9999.90604365
256 9999.90604365
257 9999.90604365
258 9999.90604365
259 9999.90604365
260 9999.90604365
270 9999.92483492
271 9999.92483492
272 9999.92483492
273 9999.92483492
274 9999.92483492
275 9999.92483492
276 9999.92483492
277 9999.92483492
278 9999.92483492
279 9999.92483492
313 9999.94362619
314 9999.94362619
315 9999.94362619
316 9999.94362619
317 9999.94362619
318 9999.94362619
319 9999.94362619
320 9999.94362619
321 9999.94362619
322 9999.94362619
371 9999.96241746
372 9999.96241746
373 9999.96241746
374 9999.96241746
375 9999.96241746
376 9999.96241746
377 9999.96241746
378 9999.96241746
379 9999.96241746
380 9999.96241746
389 9999.98120873
390 9999.98120873
391 9999.98120873
392 9999.98120873
393 9999.98120873
394 9999.98120873
395 9999.98120873
396 9999.98120873
397 9999.98120873
398 9999.98120873
550 10000.0
551 10000.0
552 10000.0
553 10000.0
554 10000.0
555 10000.0
556 10000.0
557 10000.0
558 10000.0
559 10000.0
1501 10000.0
