0 3.19567214686
1 13.2392131799
2 39.7176395396
3 79.6064758013
4 119.552377637
5 155.560754863
6 194.53654194
7 237.792247071
8 287.952886662
9 343.70595251
10 407.961788892
11 479.978543344
12 569.172035586
13 678.281413172
14 802.627299029
15 938.614561993
16 1112.72162842
17 1316.67399008
18 1546.02053219
19 1806.35368101
20 2067.25748558
21 2355.26743781
22 2654.23398027
23 2968.83649001
24 3282.35475385
25 3578.6962799
26 3879.43185514
27 4173.89021725
28 4460.18820226
29 4724.74420356
30 4963.33536867
31 5195.82051736
32 5414.49579712
33 5612.79866695
34 5802.19930722
35 5974.25201299
36 6127.70134161
37 6276.75662103
38 6414.17052335
39 6547.53276991
40 6660.18021308
41 6771.22982019
42 6889.81208306
43 6996.01111637
44 7108.31616611
45 7208.92277316
46 7314.09462613
47 7412.07621678
48 7520.04428289
49 7612.54757842
50 7709.90144775
51 7806.91292364
52 7898.50316999
53 7999.45217049
54 8085.05053157
55 8184.97235173
56 8269.88592592
57 8365.07130343
58 8445.87615629
59 8532.21636983
60 8605.03204232
61 8678.58956727
62 8760.70692833
63 8831.01171556
64 8908.22143725
65 8973.56151954
66 9042.0402084
67 9099.10578245
68 9165.98663524
69 9220.25599617
70 9278.40581612
71 9328.62352129
72 9372.10748872
73 9422.83878405
74 9464.09719409
75 9507.58116151
76 9544.67378465
77 9583.99196517
78 9616.91880139
79 9652.07119501
80 9681.51703122
81 9708.33785102
82 9733.9032282
83 9755.93053978
84 9780.58286777
85 9798.10199901
86 9817.10483517
87 9833.36852377
88 9851.28711402
89 9863.84154031
90 9878.45032727
91 9888.89332732
92 9899.90698311
93 9909.72226185
94 9918.73862255
95 9927.6408521
96 9934.20339312
97 9941.79311447
98 9946.92901613
99 9952.52144239
100 9957.25788504
101 9961.48073752
102 9964.39108179
103 9967.58675394
104 9970.61122936
105 9973.69277036
106 9976.88844251
107 9979.22813105
108 9981.22542614
109 9982.88032778
110 9984.47816386
111 9985.44827862
112 9986.64665567
113 9987.9020983
114 9988.64395076
115 9989.4428688
116 9990.29885241
117 9991.32603274
118 9991.95375406
119 9992.41027865
120 9992.80973767
121 9993.15213111
122 9993.49452456
123 9993.66572128
124 9994.12224587
125 9994.29344259
126 9994.74996719
127 9995.03529506
128 9995.20649178
129 9995.54888522
130 9995.83421309
131 9996.11954096
132 9996.23367211
133 9996.46193441
134 9996.86139343
135 9996.918459
136 9996.97552458
137 9996.97552458
138 9997.03259015
139 9997.20378687
140 9997.31791802
141 9997.48911474
142 9997.54618032
143 9997.88857376
144 9997.88857376
145 9997.94563933
146 9998.00270491
147 9998.05977048
148 9998.17390163
149 9998.17390163
150 9998.17390163
151 9998.2309672
152 9998.28803278
153 9998.28803278
154 9998.34509835
155 9998.34509835
156 9998.40216393
157 9998.4592295
158 9998.51629507
159 9998.51629507
160 9998.51629507
161 9998.51629507
162 9998.51629507
163 9998.51629507
164 9998.57336065
165 9998.57336065
166 9998.63042622
167 9998.63042622
168 9998.6874918
169 9998.74455737
170 9998.74455737
171 9998.74455737
172 9998.80162294
173 9998.80162294
174 9998.80162294
175 9998.85868852
176 9998.85868852
177 9998.91575409
178 9998.91575409
179 9998.97281967
180 9999.02988524
181 9999.02988524
182 9999.02988524
183 9999.02988524
184 9999.20108196
185 9999.20108196
186 9999.20108196
187 9999.25814754
188 9999.37227869
189 9999.37227869
190 9999.37227869
191 9999.37227869
192 9999.37227869
193 9999.37227869
194 9999.37227869
195 9999.37227869
196 9999.37227869
197 9999.37227869
203 9999.42934426
204 9999.48640983
205 9999.48640983
206 9999.48640983
207 9999.54347541
208 9999.65760656
209 9999.65760656
210 9999.7717377
211 9999.7717377
212 9999.82880328
213 9999.82880328
214 9999.82880328
215 9999.82880328
216 9999.82880328
217 9999.82880328
218 9999.82880328
219 9999.82880328
220 9999.82880328
221 9999.82880328
279 9999.88586885
280 9999.88586885
281 9999.88586885
282 9999.88586885
283 9999.88586885
284 9999.88586885
285 9999.88586885
286 9999.88586885
287 9999.88586885
288 9999.88586885
290 9999.94293443
291 9999.94293443
292 9999.94293443
293 9999.94293443
294 9999.94293443
295 9999.94293443
296 9999.94293443
297 9999.94293443
298 9999.94293443
299 9999.94293443
317 10000.0
318 10000.0
319 10000.0
320 10000.0
321 10000.0
322 10000.0
323 10000.0
324 10000.0
325 10000.0
326 10000.0
1501 10000.0
