0 0.0
1 0.0
2 0.0
3 0.0
4 0.0
5 0.0
6 0.0
7 0.0
8 0.0
55 0.0835779730252
56 0.888015963393
57 2.86254557611
58 8.03393265705
59 22.6914196763
60 60.6880556629
61 132.899424357
62 191.393558228
63 268.212162685
64 400.819064136
65 471.923024687
66 510.82857113
67 538.566010928
68 560.923118712
69 577.419321138
70 589.903780859
71 599.086910645
72 607.319340988
73 614.7159916
74 621.078364797
75 627.221345814
76 633.353879585
77 638.619291886
78 643.759337227
79 649.024749527
80 656.212455207
81 662.543486664
82 668.28947231
83 674.57871478
84 679.614287654
85 682.946959329
86 686.300525497
87 689.04815136
88 691.471912577
89 693.57180915
90 695.786625435
91 697.719366061
92 699.161086096
93 701.375902381
94 703.51758794
95 705.147358414
96 706.662209175
97 707.874089784
98 710.130695055
99 711.718676543
100 712.606692506
101 713.411130497
102 714.340935446
103 715.605052288
104 716.702013184
105 717.652712628
106 718.478045111
107 719.376508321
108 721.351037934
109 723.043491888
110 724.056874811
111 725.94782645
112 727.546255184
113 729.008869712
114 731.244580491
115 732.665406032
116 733.302688077
117 733.793708668
118 734.274282013
119 734.754855358
120 735.224981456
121 736.008524953
122 736.687595984
123 737.168169329
124 737.586059194
125 738.129316019
126 738.641231104
127 739.811322726
128 741.388856967
129 743.321597593
130 744.408111242
131 745.640886344
132 746.727399994
133 748.649693373
134 750.174991381
135 752.034601281
136 755.94187152
137 758.250713025
138 759.483488127
139 760.30882061
140 760.872971928
141 761.343098027
142 761.907249344
143 762.450506169
144 762.774370815
145 763.213155173
146 763.578808805
147 763.944462437
148 764.404141289
149 764.86382014
150 765.166790292
151 765.616021897
152 766.075700749
153 766.504037861
154 766.932374973
155 767.339817591
156 767.820390936
157 768.206939061
158 768.656170666
159 768.980035312
160 769.251663724
161 769.471055903
162 769.721789822
163 769.941182001
164 770.171021427
165 770.463544333
166 770.641147526
167 770.891881445
168 771.100826377
169 771.330665803
170 771.487374502
171 771.696319435
172 771.936606107
173 772.135103793
174 772.438073946
175 772.845516564
176 773.263406429
177 773.555929335
178 773.785768761
179 774.03650268
180 774.360367325
181 774.893176903
182 775.436433728
183 775.822981853
184 776.376685924
185 776.961731736
186 777.651250013
187 778.173612344
188 778.46613525
189 778.831788882
190 779.343703967
191 779.876513545
192 780.472006603
193 781.057052414
194 781.610756485
195 782.12267157
196 782.561455928
197 783.156948986
198 783.595733344
199 784.065859443
200 784.72403598
201 785.455343244
202 786.458278921
203 788.182074614
204 789.519322183
205 790.313312926
206 791.055067437
207 791.504299042
208 792.047555867
209 792.580365445
210 793.019149803
211 793.447486915
212 793.792246054
213 793.990743739
214 794.335502878
215 794.586236797
216 794.85786521
217 795.160835362
218 795.474252761
219 795.819011899
220 796.111534805
221 796.383163217
222 796.633897136
223 796.790605836
224 796.968209029
225 797.208495701
226 797.406993387
227 797.647280059
228 797.856224992
229 797.981591951
230 798.221878624
231 798.462165296
232 799.047211108
233 799.809860111
234 800.885926514
235 802.056018136
236 804.114125722
237 806.893093325
238 810.110845287
239 816.54634921
240 824.256417221
241 835.434971113
242 844.064396828
243 851.367022221
244 856.830932208
245 866.024509241
246 876.96277646
247 886.730952058
248 896.175263009
249 906.915032543
250 919.253230811
251 928.321440884
252 943.971416333
253 966.359865857
254 998.23441532
255 1020.7482318
256 1038.55034006
257 1048.91400871
258 1056.44647353
259 1063.72820443
260 1069.04585297
261 1074.24858179
262 1078.11406304
263 1082.04222777
264 1084.46598899
265 1087.64195196
266 1090.23286913
267 1093.10586195
268 1096.16690521
269 1099.34286819
270 1102.66509261
271 1105.12019557
272 1107.38724809
273 1109.03791306
274 1110.70947252
275 1111.77509167
276 1112.93473605
277 1113.80185752
278 1114.59584826
279 1115.4107335
280 1115.96443757
281 1116.63306136
282 1117.2703434
283 1117.80315298
284 1118.17925386
285 1118.72251068
286 1119.11950605
287 1119.64186839
288 1120.11199448
289 1120.52988435
290 1121.13582465
291 1121.44924205
292 1121.91936815
293 1122.42083599
294 1122.80738411
295 1123.26706297
296 1123.70584732
297 1124.12373719
298 1124.60431053
299 1124.96996417
300 1125.28338156
301 1125.79529665
302 1126.08781956
303 1126.57884015
304 1126.91315204
305 1127.27880567
306 1127.62356481
307 1127.98921844
308 1128.30263584
309 1128.57426425
310 1129.0339431
311 1129.43093848
312 1129.82793385
313 1130.14135125
314 1130.46521589
315 1130.78908054
316 1131.03981446
317 1131.33233736
318 1131.61441302
319 1131.88604143
320 1132.17856434
321 1132.50242898
322 1132.72182116
323 1133.03523856
324 1133.27552524
325 1133.56804814
326 1133.78744032
327 1134.02772699
328 1134.27846091
329 1134.4769586
330 1134.84261223
331 1135.00976818
332 1135.18737137
333 1135.36497456
334 1135.63660297
335 1135.85599515
336 1136.13807081
337 1136.35746299
338 1136.60819691
339 1136.81714184
340 1137.00519228
341 1137.16190098
342 1137.28726794
343 1137.47531838
344 1137.64247433
345 1137.882761
346 1138.07081144
347 1138.25886188
348 1138.44691232
349 1138.68719899
350 1138.85435493
351 1138.99016914
352 1139.32448103
353 1139.53342597
354 1139.67968742
355 1139.8990796
356 1140.12891902
357 1140.23339149
358 1140.49457266
359 1140.68262309
360 1140.94380426
361 1141.17364369
362 1141.38258862
363 1141.57063906
364 1141.70645326
365 1141.8945037
366 1142.03031791
367 1142.2288156
368 1142.39597154
369 1142.48999676
370 1142.65715271
371 1142.81386141
372 1142.96012286
373 1143.1481733
374 1143.32577649
375 1143.49293244
376 1143.67053563
377 1143.85858607
378 1144.07797825
379 1144.32871217
380 1144.52720985
381 1144.61078783
382 1144.81973276
383 1145.0077832
384 1145.26896436
385 1145.4570148
386 1145.60327626
387 1145.78087945
388 1145.97937714
389 1146.19876931
390 1146.36592526
391 1146.57487019
392 1146.78381513
393 1146.94052382
394 1147.19125774
395 1147.42109717
396 1147.59870036
397 1147.74496182
398 1147.89122327
399 1148.03748472
400 1148.31956038
401 1148.50761082
402 1148.66431952
403 1148.89415894
404 1149.08220938
405 1149.28070707
406 1149.47920476
407 1149.6463607
408 1149.87620013
409 1150.04335607
410 1150.21051202
411 1150.40900971
412 1150.54482391
413 1150.65974362
414 1150.8791358
415 1151.056739
416 1151.14031697
417 1151.30747292
418 1151.5059706
419 1151.68357379
420 1151.87162423
421 1152.03878018
422 1152.25817236
423 1152.45667004
424 1152.65516773
425 1152.87455991
426 1153.08350484
427 1153.25066079
428 1153.44915847
429 1153.62676167
430 1153.80436486
431 1153.97152081
432 1154.11778226
433 1154.24314922
434 1154.38941067
435 1154.64014459
436 1154.79685329
437 1155.01624547
438 1155.25653214
439 1155.46547707
440 1155.6953165
441 1155.90426143
442 1156.11320636
443 1156.24902057
444 1156.39528202
445 1156.65646319
446 1156.85496088
447 1157.03256407
448 1157.16837827
449 1157.36687596
450 1157.47134843
451 1157.69074061
452 1157.81610756
453 1158.08773598
454 1158.25489192
455 1158.41160062
456 1158.55786208
457 1158.71457077
458 1158.86083223
459 1159.05932991
460 1159.2578276
461 1159.48766703
462 1159.73840094
463 1159.8846624
464 1160.08316008
465 1160.26076328
466 1160.39657748
467 1160.58462792
468 1160.81446735
469 1161.01296503
470 1161.25325171
471 1161.45174939
472 1161.5666691
473 1161.69203606
474 1161.84874476
475 1162.00545346
476 1162.14126767
477 1162.39200159
478 1162.67407725
479 1162.83078595
480 1163.08151987
481 1163.2695703
482 1163.40538451
483 1163.5829877
484 1163.70835466
485 1163.88595786
486 1164.14713902
487 1164.39787294
488 1164.71129034
489 1164.89934078
490 1165.17096919
491 1165.31723064
492 1165.53662282
493 1165.72467326
494 1165.93361819
495 1166.07987965
496 1166.27837733
497 1166.50821676
498 1166.72760894
499 1166.90521213
500 1167.09326257
501 1167.33354924
502 1167.56338867
503 1167.78278085
504 1167.89770056
505 1168.13798723
506 1168.33648492
507 1168.50364087
508 1168.76482203
509 1169.0051087
510 1169.23494813
511 1169.45434031
512 1169.69462698
513 1169.85133568
514 1170.02893887
515 1170.16475308
516 1170.32146178
517 1170.49906497
518 1170.65577367
519 1170.85427136
520 1171.12589977
521 1171.35573919
522 1171.50200065
523 1171.65870935
524 1171.8049708
525 1172.04525747
526 1172.22286067
527 1172.44225284
528 1172.60940879
529 1172.75567024
530 1172.92282619
531 1173.0377459
532 1173.21534909
533 1173.46608301
534 1173.71681693
535 1173.86307839
536 1174.05112882
537 1174.22873202
538 1174.47946594
539 1174.70930536
540 1174.90780305
541 1175.03317001
542 1175.20032595
543 1175.3674819
544 1175.46150712
545 1175.66000481
546 1175.91073872
547 1176.14057815
548 1176.33907584
549 1176.57936251
550 1176.78830744
551 1177.08083035
552 1177.30022253
553 1177.40469499
554 1177.65542891
555 1177.80169036
556 1178.07331878
557 1178.3240527
558 1178.50165589
559 1178.63747009
560 1178.76283705
561 1179.01357097
562 1179.17027967
563 1179.33743562
564 1179.58816954
565 1179.74487824
566 1179.90158694
567 1180.19410984
568 1180.40305477
569 1180.62244695
570 1180.82094464
571 1181.05078407
572 1181.259729
573 1181.4164377
574 1181.61493538
575 1181.85522206
576 1182.01193076
577 1182.28355917
578 1182.44026787
579 1182.61787106
580 1182.78502701
581 1182.98352469
582 1183.18202238
583 1183.31783658
584 1183.54767601
585 1183.9028824
586 1184.12227457
587 1184.38345574
588 1184.59240067
589 1184.73866213
590 1185.03118503
591 1185.20878822
592 1185.48041664
593 1185.59533635
594 1185.78338679
595 1185.91920099
596 1186.14904042
597 1186.3684326
598 1186.57737753
599 1186.80721696
600 1187.02660914
601 1187.19376508
602 1187.40271002
603 1187.59076046
604 1187.78925814
605 1187.96686133
606 1188.19670076
607 1188.36385671
608 1188.55190714
609 1188.68772135
610 1188.81308831
611 1189.05337498
612 1189.3250034
613 1189.47126485
614 1189.72199877
615 1189.89960196
616 1190.12944139
617 1190.2443611
618 1190.46375328
619 1190.70403995
620 1190.94432662
621 1191.09058808
622 1191.28908576
623 1191.52937243
624 1191.66518664
625 1191.82189534
626 1192.07262926
627 1192.32336318
628 1192.5532026
629 1192.79348928
630 1192.93975073
631 1193.23227363
632 1193.44121857
633 1193.74418872
634 1193.88000293
635 1194.13073684
636 1194.4128125
637 1194.70533541
638 1194.95606933
639 1195.26948673
640 1195.52022065
641 1195.77095456
642 1196.08437196
643 1196.47092009
644 1196.87836271
645 1197.25446359
646 1197.73503693
647 1198.07979607
648 1198.58126391
649 1199.19765146
650 1199.80359176
651 1200.39908482
652 1201.17218107
653 1201.94527732
654 1202.7915043
655 1203.60638954
656 1204.64066695
657 1205.63315538
658 1206.85548324
659 1208.2136253
660 1209.74937055
661 1211.12840711
662 1212.72683584
663 1214.52376226
664 1216.73857855
665 1219.214576
666 1221.46073402
667 1223.89494249
668 1226.71569908
669 1230.11105423
670 1233.43327866
671 1237.13160397
672 1241.26871363
673 1245.51029576
674 1250.41005443
675 1255.39339107
676 1260.65880337
677 1265.67348175
678 1271.87914625
679 1278.08481075
680 1285.02178251
681 1291.80204557
682 1299.09422372
683 1307.53559899
684 1316.33218065
685 1325.45262696
686 1335.31482778
687 1345.10389787
688 1356.20932103
689 1368.0982877
690 1380.08127958
691 1392.50305582
692 1404.94572655
693 1418.35999122
694 1433.36223738
695 1448.90774037
696 1463.75327782
697 1479.49727849
698 1496.47405426
699 1513.8687199
700 1532.06782353
701 1551.24896833
702 1569.34359949
703 1588.63966402
704 1608.38496014
705 1630.12568038
706 1651.60521944
707 1672.89670807
708 1695.50454978
709 1718.88548773
710 1742.91415497
711 1767.69502398
712 1792.51768196
713 1816.26427355
714 1843.0719084
715 1869.33628642
716 1896.84388679
717 1924.07985875
718 1950.31289504
719 1977.72647019
720 2006.16387551
721 2034.89380374
722 2063.08047514
723 2090.27465811
724 2120.28959768
725 2148.82102822
726 2178.25092197
727 2207.73305195
728 2236.25403525
729 2266.10181887
730 2296.78538221
731 2327.71967948
732 2358.8002382
733 2387.7704531
734 2417.72270918
735 2448.90774037
736 2480.30171648
737 2511.48674767
738 2540.65546025
739 2571.3390236
740 2603.75682989
741 2635.92390226
742 2669.13569929
743 2699.50584523
744 2730.65953468
745 2763.27583865
746 2795.92348437
747 2827.53685266
748 2859.11887922
749 2890.90985071
750 2923.42168222
751 2956.92600215
752 2989.86617077
753 3022.68097243
754 3054.58686363
755 3087.84044965
756 3121.55371452
757 3154.50433038
758 3188.71906309
759 3220.49958733
760 3255.74859746
761 3290.88268787
762 3326.02722552
763 3361.98664842
764 3395.45962662
765 3430.82355645
766 3468.02620169
767 3504.22591126
768 3540.42562083
769 3575.70597269
770 3612.34446662
771 3650.37244434
772 3687.97208496
773 3727.49401895
774 3765.87720306
775 3804.31262341
776 3845.46432788
777 3886.27127321
778 3929.10498438
779 3970.7163677
780 4010.40545764
781 4054.12718478
782 4096.77284552
783 4139.77371264
784 4184.59240067
785 4227.01866923
786 4273.54025846
787 4320.50063206
788 4368.53707205
789 4415.6437071
790 4459.7833241
791 4507.77797511
792 4557.78894472
793 4608.41630188
794 4658.78247788
795 4706.67265642
796 4756.29707791
797 4808.21989365
798 4860.37254881
799 4912.31625905
800 4962.52572634
801 5012.67251016
802 5064.86695431
803 5116.92558426
804 5168.61856058
805 5218.20119308
806 5267.81516731
807 5319.97826973
808 5371.9742162
809 5421.94339682
810 5471.30663714
811 5519.62515279
812 5570.93158098
813 5619.13517692
814 5666.89998851
815 5713.5678392
816 5759.37901566
817 5805.33645358
818 5849.48651783
819 5893.36495367
820 5936.26134832
821 5976.71308727
822 6017.93792246
823 6057.84640458
824 6096.59524232
825 6134.21577743
826 6170.7080099
827 6204.08696288
828 6239.01210836
829 6272.00451321
830 6302.78210178
831 6332.31646799
832 6363.01047859
833 6391.82398479
834 6418.6002779
835 6445.38701825
836 6469.7082084
837 6492.55633678
838 6516.78350171
839 6539.52715762
840 6561.1007219
841 6580.7937818
842 6599.2122776
843 6617.58898442
844 6634.46128773
845 6650.52915304
846 6665.67766065
847 6679.50981519
848 6693.8956738
849 6706.78757613
850 6719.13622165
851 6730.86847961
852 6741.20080653
853 6751.54358069
854 6761.19683657
855 6769.86805128
856 6778.50792424
857 6786.06128355
858 6793.62509011
859 6801.15755493
860 6808.14676292
861 6814.26884944
862 6820.09841306
863 6825.93842393
864 6831.33965044
865 6836.5528265
866 6841.8182388
867 6846.48815805
868 6850.58347872
869 6854.98176955
870 6859.28603517
871 6863.59030078
872 6867.60204348
873 6870.71532298
874 6874.38230654
875 6877.82989793
876 6881.43419802
877 6884.63105549
878 6887.50404831
879 6890.66956404
880 6893.43808439
881 6896.46778592
882 6899.24675352
883 6901.67051474
884 6904.25098465
885 6906.68519312
886 6909.12984883
887 6911.56405729
888 6914.11318547
889 6916.73544437
890 6918.99204965
891 6921.08149897
892 6923.1709483
893 6925.12458342
894 6927.182691
895 6929.41840178
896 6931.57053459
897 6933.57640594
898 6935.58227729
899 6937.32696748
900 6939.30149709
901 6941.2760267
902 6943.25055632
903 6945.11016622
904 6947.22051003
905 6949.14280341
906 6950.96062433
907 6953.11275713
908 6954.83655283
909 6956.75884621
910 6958.46174741
911 6960.27956832
912 6961.89889155
913 6963.45553129
914 6965.10619626
915 6966.63149427
916 6968.0941088
917 6969.81790449
918 6971.33275525
919 6972.91028949
920 6974.50871823
921 6976.06535797
922 6977.78915367
923 6979.4084769
924 6980.97556389
925 6982.54265088
926 6984.27689382
927 6986.08426749
928 6987.72448521
929 6989.52141163
930 6991.14073486
931 6992.80184707
932 6994.25401435
933 6995.93602106
934 6997.25237414
935 6998.80901388
936 7000.37610088
937 7001.96408237
938 7003.62519458
939 7005.06691461
940 7006.46684566
941 7007.99214367
942 7009.47565269
943 7010.89647823
944 7012.16059508
945 7013.58142062
946 7014.92911543
947 7016.30815199
948 7017.78121376
949 7019.05577785
950 7020.13184425
951 7021.46909182
952 7022.93170635
953 7024.4674516
954 7025.81514642
955 7027.34044443
956 7029.18960708
957 7030.49551291
958 7031.9267857
959 7033.18045529
960 7034.49680837
961 7035.90718666
962 7037.08772553
963 7038.44586759
964 7039.86669313
965 7041.08902099
966 7042.37403232
967 7043.64859641
968 7044.86047702
969 7046.1559356
970 7047.45139419
971 7048.69461653
972 7050.00052236
973 7051.07658877
974 7052.08997169
975 7053.19737983
976 7054.31523522
977 7055.4748796
978 7056.85391615
979 7058.02400777
980 7059.14186316
981 7060.45821624
982 7061.42981017
983 7062.40140411
984 7063.61328472
985 7064.89829605
986 7066.12062391
987 7067.22803205
988 7068.39812367
989 7069.46374283
990 7070.72785967
991 7071.97108202
992 7072.98446494
993 7074.21724005
994 7075.22017572
995 7076.2231114
996 7077.46633375
997 7078.5319529
998 7079.83785873
999 7081.04973934
1000 7082.15714748
1001 7083.35858085
1002 7084.37196377
1003 7085.47937191
1004 7086.58678005
1005 7087.70463544
1006 7088.84338533
1007 7089.98213521
1008 7091.13133234
1009 7092.21784599
1010 7093.22078166
1011 7094.40132053
1012 7095.47738693
1013 7096.64747856
1014 7097.71309771
1015 7098.97721456
1016 7100.02193922
1017 7101.22337258
1018 7102.15317753
1019 7103.29192741
1020 7104.35754657
1021 7105.51719094
1022 7106.54102111
1023 7107.66932375
1024 7108.5991287
1025 7109.84235105
1026 7110.89752296
1027 7111.94224762
1028 7112.97652504
1029 7113.97946071
1030 7115.06597436
1031 7116.194277
1032 7117.32257963
1033 7118.17925386
1034 7119.25532026
1035 7120.19557246
1036 7121.09403567
1037 7122.09697134
1038 7123.20437949
1039 7124.31178763
1040 7125.27293432
1041 7126.31765898
1042 7127.28925292
1043 7128.05190192
1044 7129.06528484
1045 7130.11000951
1046 7131.13383968
1047 7132.17856434
1048 7133.07702755
1049 7134.17398845
1050 7134.96797919
1051 7136.04404559
1052 7136.73356387
1053 7137.61113259
1054 7138.53049029
1055 7139.38716451
1056 7140.32741671
1057 7141.15274919
1058 7141.99897617
1059 7142.74073068
1060 7143.6182994
1061 7144.49586811
1062 7145.40477857
1063 7146.25100555
1064 7147.23304673
1065 7148.15240443
1066 7149.00907866
1067 7150.01201433
1068 7150.78511058
1069 7151.53731234
1070 7152.45667004
1071 7153.17753006
1072 7153.9924153
1073 7154.80730054
1074 7155.60129128
1075 7156.67735768
1076 7157.57582089
1077 7158.58920382
1078 7159.61303398
1079 7160.51149719
1080 7161.53532736
1081 7162.53826304
1082 7163.36359552
1083 7164.15758627
1084 7164.95157701
1085 7165.88138196
1086 7166.76939793
1087 7167.70965012
1088 7168.6916913
1089 7169.65283799
1090 7170.42593425
1091 7171.32439746
1092 7172.16017719
1093 7173.0586404
1094 7174.15560129
1095 7174.96003928
1096 7175.81671351
1097 7176.83009643
1098 7177.80169036
1099 7178.86730952
1100 7179.79711447
1101 7180.57021072
1102 7181.58359364
1103 7182.45071511
1104 7183.4327563
1105 7184.51926995
1106 7185.67891432
1107 7186.75498072
1108 7187.65344393
1109 7188.68772135
1110 7189.60707905
1111 7190.48464777
1112 7191.39355823
1113 7192.42783564
1114 7193.38898233
1115 7194.36057627
1116 7195.40530093
1117 7196.31421139
1118 7197.31714707
1119 7198.37231898
1120 7199.29167668
1121 7200.12745641
1122 7201.07815585
1123 7201.96617182
1124 7202.93776575
1125 7203.76309824
1126 7204.93318986
1127 7205.98836177
1128 7206.99129744
1129 7208.17183631
1130 7209.30013895
1131 7210.21949665
1132 7211.17019609
1133 7212.01642307
1134 7213.10293672
1135 7214.15810863
1136 7215.20283329
1137 7216.00727128
1138 7216.84305101
1139 7217.67883074
1140 7218.77579164
1141 7219.71604384
1142 7220.68763777
1143 7221.57565374
1144 7222.57858941
1145 7223.51884161
1146 7224.39641033
1147 7225.06503411
1148 7225.85902485
1149 7226.76793531
1150 7227.5723733
1151 7228.5126255
1152 7229.32751073
1153 7230.12150148
1154 7230.92593947
1155 7231.67814123
1156 7232.35721226
1157 7233.24522822
1158 7233.9347465
1159 7234.83320971
1160 7235.6376477
1161 7236.52566366
1162 7237.23607643
1163 7237.87335848
1164 7238.79271618
1165 7239.6702849
1166 7240.50606463
1167 7241.31050262
1168 7242.09404611
1169 7242.81490613
1170 7243.48352992
1171 7244.42378211
1172 7245.36403431
1173 7246.1684723
1174 7247.16096073
1175 7247.76690103
1176 7248.52955004
1177 7249.25041005
1178 7250.05484804
1179 7250.70257734
1180 7251.47567359
1181 7252.29055882
1182 7253.05320783
1183 7253.7636206
1184 7254.47403337
1185 7255.24712962
1186 7255.9157534
1187 7256.59482443
1188 7257.38881518
1189 7258.07833346
1190 7258.85142971
1191 7259.59318422
1192 7260.31404423
1193 7261.06624599
1194 7262.04828717
1195 7262.56020226
1196 7263.26016778
1197 7264.07505302
1198 7264.70188782
1199 7265.29738088
1200 7266.04958263
1201 7266.84357338
1202 7267.72114209
1203 7268.38976588
1204 7269.25688735
1205 7269.85238041
1206 7270.52100419
1207 7271.21052247
1208 7271.868699
1209 7272.74626772
1210 7273.58204745
1211 7274.24022399
1212 7274.90884777
1213 7275.51478808
1214 7276.13117563
1215 7277.04008609
1216 7277.90720756
1217 7278.50270061
1218 7279.1713244
1219 7279.80860644
1220 7280.5608082
1221 7281.49061315
1222 7282.20102592
1223 7282.95322768
1224 7283.77856016
1225 7284.58299815
1226 7285.41877788
1227 7286.08740167
1228 7286.96497038
1229 7287.69627765
1230 7288.40669042
1231 7289.20068116
1232 7290.02601364
1233 7291.00805483
1234 7291.86472905
1235 7292.59603631
1236 7293.51539402
1237 7294.36162099
1238 7295.14516449
1239 7295.87647176
1240 7296.6704625
1241 7297.38087527
1242 7298.20620775
1243 7299.11511821
1244 7299.87776721
1245 7300.69265245
1246 7301.58066841
1247 7302.5627096
1248 7303.34625309
1249 7304.14024384
1250 7304.94468183
1251 7305.84314504
1252 7306.79384448
1253 7307.72364943
1254 7308.72658511
1255 7309.56236484
1256 7310.4712753
1257 7311.40108025
1258 7312.27864896
1259 7313.21890116
1260 7314.05468089
1261 7314.89046062
1262 7315.86205456
1263 7316.63515081
1264 7317.62763924
1265 7318.62012767
1266 7319.49769638
1267 7320.39615959
1268 7321.4513315
1269 7322.55873964
1270 7323.54078083
1271 7324.66908346
1272 7325.61978291
1273 7326.41377365
1274 7327.40626208
1275 7328.14801659
1276 7328.87932385
1277 7329.87181228
1278 7330.84340622
1279 7331.80455291
1280 7332.56720191
1281 7333.34029816
1282 7334.13428891
1283 7334.76112371
1284 7335.46108923
1285 7336.28642171
1286 7337.22667391
1287 7338.15647886
1288 7338.9504696
1289 7339.88027455
1290 7340.58024008
1291 7341.32199459
1292 7342.15777432
1293 7342.97265956
1294 7343.86067552
1295 7344.72779699
1296 7345.57402397
1297 7346.34712022
1298 7347.16200545
1299 7348.1127049
1300 7348.99027361
1301 7349.70068638
1302 7350.50512437
1303 7351.23643164
1304 7351.95729166
1305 7352.69904617
1306 7353.34677546
1307 7353.94226852
1308 7354.54820882
1309 7355.28996333
1310 7355.90635088
1311 7356.67944713
1312 7357.28538744
1313 7357.92266948
1314 7358.4868208
1315 7359.23902256
1316 7360.0330133
1317 7360.6389536
1318 7361.19265768
1319 7361.74636175
1320 7362.32096031
1321 7362.8328754
1322 7363.62686614
1323 7364.25370094
1324 7364.85964124
1325 7365.41334531
1326 7366.0819691
1327 7366.83417085
1328 7367.52368913
1329 7368.19231292
1330 7368.73556974
1331 7369.29972106
1332 7369.88476687
1333 7370.49070717
1334 7371.10709473
1335 7371.6607988
1336 7372.30852809
1337 7372.90402115
1338 7373.43683072
1339 7374.00098204
1340 7374.58602785
1341 7375.15017917
1342 7375.8292502
1343 7376.40384877
1344 7376.93665834
1345 7377.5321514
1346 7378.17988069
1347 7378.9216352
1348 7379.56936449
1349 7380.27977726
1350 7380.91705931
1351 7381.41852715
1352 7381.93044223
1353 7382.640855
1354 7383.16321733
1355 7383.71692141
1356 7384.35420345
1357 7384.89746027
1358 7385.50340058
1359 7386.13023538
1360 7386.72572843
1361 7387.23764352
1362 7387.95850354
1363 7388.51220761
1364 7389.11814791
1365 7389.64051024
1366 7390.25689779
1367 7390.84194361
1368 7391.43743666
1369 7392.13740219
1370 7392.71200075
1371 7393.45375526
1372 7393.99701209
1373 7394.70742486
1374 7395.37604864
1375 7396.04467243
1376 7396.8908994
1377 7397.37147275
1378 7397.94607131
1379 7398.49977538
1380 7399.25197714
1381 7399.85791745
1382 7400.59967196
1383 7401.17427052
1384 7401.84289431
1385 7402.40704562
1386 7403.13835289
1387 7403.78608218
1388 7404.47560046
1389 7405.05019902
1390 7405.7188228
1391 7406.40834108
1392 7406.93070341
1393 7407.68290517
1394 7408.07990054
1395 7408.91568027
1396 7409.54251507
1397 7410.27382233
1398 7410.83797365
1399 7411.39167772
1400 7412.11253774
1401 7412.76026703
1402 7413.35576009
1403 7414.01393663
1404 7414.76613838
1405 7415.36163144
1406 7416.21830567
1407 7416.93916568
1408 7417.41973903
1409 7418.03612658
1410 7418.6002779
1411 7419.21666545
1412 7419.77036952
1413 7420.47033504
1414 7421.26432579
1415 7421.99563305
1416 7422.46575915
1417 7423.24930265
1418 7423.90747918
1419 7424.55520847
1420 7425.255174
1421 7425.96558677
1422 7426.61331606
1423 7427.26104535
1424 7428.0341416
1425 7428.70276539
1426 7429.62212309
1427 7430.41611383
1428 7431.02205414
1429 7431.77425589
1430 7432.64137736
1431 7433.42492086
1432 7434.0830974
1433 7434.89798264
1434 7435.67107889
1435 7436.42328064
1436 7437.06056269
1437 7437.81276445
1438 7438.64854418
1439 7439.36940419
1440 7440.01713348
1441 7440.72754626
1442 7441.37527555
1443 7442.05434658
1444 7442.67073413
1445 7443.23488545
1446 7443.95574546
1447 7444.53034403
1448 7445.28254579
1449 7446.01385305
1450 7446.82873829
1451 7447.53915106
1452 7448.34358905
1453 7449.1166853
1454 7449.86888705
1455 7450.57929983
1456 7451.46731579
1457 7452.11504508
1458 7452.71053814
1459 7453.45229265
1460 7454.24628339
1461 7454.94624892
1462 7455.75068691
1463 7456.47154692
1464 7457.21330143
1465 7457.92371421
1466 7458.51920726
1467 7459.27140902
1468 7460.01316353
1469 7460.73402355
1470 7461.3504111
1471 7462.18619083
1472 7462.7398949
1473 7463.40851868
1474 7464.18161494
1475 7465.01739467
1476 7465.82183266
1477 7466.44866745
1478 7467.17997472
1479 7467.73367879
1480 7468.46498605
1481 7469.11271534
1482 7469.81268087
1483 7470.46041016
1484 7471.12903394
1485 7471.75586874
1486 7472.45583426
1487 7473.12445805
1488 7473.82442357
1489 7474.39902214
1490 7475.15122389
1491 7475.7571642
1492 7476.66607466
1493 7477.25112047
1494 7477.87795526
1495 7478.59881528
1496 7479.27788631
1497 7479.98829908
1498 7480.47931968
1499 7481.04347099
1500 7481.67030579
1501 10000.0
