0 68.2127937279
1 817.33266445
2 932.537480411
3 1041.01646608
4 2012.24411878
5 2189.73500673
6 2288.97984915
7 2347.86970979
8 2394.90612694
9 2433.8404713
10 2480.63271639
11 2540.76563478
12 2607.00285459
13 2681.94147862
14 2756.21417885
15 2835.83646687
16 2926.89044666
17 3035.10306281
18 3150.48545844
19 3281.25069367
20 3407.84280647
21 3547.04307639
22 3694.16783943
23 3845.93187156
24 4001.73584135
25 4153.47767601
26 4309.90317468
27 4471.87803828
28 4629.01385565
29 4777.02651709
30 4914.36220039
31 5047.63574856
32 5176.22563274
33 5298.82220279
34 5409.72071156
35 5512.6503323
36 5609.16488717
37 5703.92584273
38 5788.32058459
39 5874.31354356
40 5948.31987427
41 6017.9089105
42 6091.56008186
43 6160.79395874
44 6232.22538413
45 6301.14849657
46 6374.57769333
47 6443.45641085
48 6523.70022775
49 6598.46127209
50 6676.4409481
51 6757.30629387
52 6834.26488673
53 6921.36771868
54 7003.07656792
55 7093.86417818
56 7174.19678492
57 7267.82567003
58 7348.31365898
59 7438.21337086
60 7518.79014966
61 7600.41020906
62 7693.43976275
63 7775.57036373
64 7869.13265646
65 7949.19889368
66 8042.36163213
67 8121.29579891
68 8213.14888724
69 8287.42158747
70 8376.25582128
71 8452.03794878
72 8527.90886611
73 8611.61548672
74 8678.78499984
75 8760.93779828
76 8826.81985874
77 8902.62418369
78 8962.00238845
79 9027.28511749
80 9083.20051853
81 9139.60426369
82 9195.07571554
83 9242.15652761
84 9294.0763859
85 9335.80761018
86 9380.7130712
87 9418.38216035
88 9456.78376567
89 9488.0155915
90 9522.5104439
91 9550.36825586
92 9576.9608126
93 9604.39687282
94 9626.70531984
95 9650.56758905
96 9668.90269078
97 9688.68062739
98 9705.55069678
99 9723.44184931
100 9737.07108958
101 9752.18755966
102 9763.61925141
103 9774.18524224
104 9786.41604255
105 9796.60467656
106 9807.25945723
107 9815.7610843
108 9824.28490884
109 9831.41029341
110 9838.71325765
111 9844.61778194
112 9850.85526812
113 9856.87077971
114 9861.11049452
115 9866.32689755
116 9870.50001998
117 9875.36126366
118 9879.11263435
119 9882.50884569
120 9885.61649005
121 9889.12368869
122 9891.58760671
123 9894.16251204
124 9896.78181229
125 9899.00155826
126 9901.24350169
127 9902.95270609
128 9905.32783428
129 9906.92605138
130 9908.96821768
131 9910.45544748
132 9911.72070268
133 9913.20793248
134 9914.62856991
135 9916.4487616
136 9917.75841173
137 9919.51201105
138 9920.82166117
139 9922.13131129
140 9923.08580206
141 9924.39545218
142 9925.21675819
143 9925.99366928
144 9926.72618546
145 9927.45870163
146 9928.10242796
147 9928.90153651
148 9929.5674603
149 9930.21118663
150 9930.61074091
151 9931.2766647
152 9932.05357579
153 9932.85268434
154 9933.56300305
155 9934.3621116
156 9935.00583793
157 9936.00472362
158 9936.58185757
159 9937.40316358
160 9938.15787721
161 9938.89039338
162 9939.44532988
163 9939.82268669
164 9940.26663589
165 9940.75498
166 9941.35431141
167 9941.79826061
168 9942.22001234
169 9942.5751717
170 9942.90813359
171 9943.19670057
172 9943.66284722
173 9944.26217864
174 9944.86151005
175 9945.30545924
176 9945.70501352
177 9946.17116017
178 9946.45972715
179 9946.74829413
180 9946.88147888
181 9947.2588357
182 9947.70278489
183 9948.32431377
184 9948.83485534
185 9949.14561978
186 9949.56737151
187 9949.90033341
188 9950.27769022
189 9950.41087498
190 9950.78823179
191 9951.40976067
192 9951.69832764
193 9951.87590732
194 9952.31985652
195 9952.83039809
196 9953.36313712
197 9953.85148124
198 9954.29543043
199 9954.96135422
200 9955.3609085
201 9955.98243737
202 9956.38199164
203 9957.02571798
204 9957.66944431
205 9958.1133935
206 9958.53514524
207 9958.86810713
208 9959.37864871
209 9959.75600552
210 9960.22215218
211 9960.84368105
212 9961.24323532
213 9961.93135658
214 9962.68607021
215 9963.28540162
216 9963.77374573
217 9964.30648477
218 9964.90581618
219 9965.66052981
220 9966.03788662
221 9966.63721804
222 9967.21435199
223 9967.79148594
224 9968.27983006
225 9968.76817417
226 9969.12333353
227 9969.81145478
228 9970.52177349
229 9971.05451252
230 9971.49846172
231 9972.18658297
232 9972.87470422
233 9973.40744325
234 9974.00677466
235 9974.73929084
236 9975.87136128
237 9976.82585205
238 9977.53617076
239 9978.46846407
240 9978.95680818
241 9979.64492943
242 9980.33305069
243 9980.9323821
244 9981.59830589
245 9982.55279666
246 9983.41849759
247 9984.26200106
248 9985.3940715
249 9986.30416735
250 9987.1032759
251 9987.74700223
252 9988.41292602
253 9989.16763966
254 9989.90015583
255 9990.5216847
256 9991.23200341
257 9991.80913736
258 9992.20869164
259 9992.76362813
260 9993.11878749
261 9993.65152652
262 9994.02888333
263 9994.62821475
264 9995.07216394
265 9995.4273233
266 9995.64929789
267 9995.89346995
268 9996.11544455
269 9996.38181407
270 9996.62598612
271 9996.93675056
272 9997.31410737
273 9997.53608197
274 9997.69146419
275 9997.95783371
276 9998.11321592
277 9998.22420322
278 9998.44617782
279 9998.5127702
280 9998.69034988
281 9998.80133717
282 9998.86792955
283 9998.95671939
284 9998.95671939
285 9998.97891685
286 9999.08990415
287 9999.11210161
288 9999.11210161
289 9999.15649653
290 9999.24528637
291 9999.24528637
292 9999.26748383
293 9999.28968129
294 9999.35627367
295 9999.35627367
296 9999.37847113
297 9999.46726097
298 9999.48945843
299 9999.51165589
300 9999.51165589
301 9999.55605081
302 9999.55605081
303 9999.55605081
304 9999.57824827
305 9999.62264318
306 9999.62264318
307 9999.64484064
308 9999.68923556
309 9999.71143302
310 9999.73363048
311 9999.75582794
312 9999.75582794
313 9999.75582794
314 9999.75582794
315 9999.75582794
316 9999.75582794
317 9999.75582794
318 9999.75582794
319 9999.75582794
320 9999.75582794
324 9999.7780254
325 9999.7780254
326 9999.7780254
327 9999.7780254
328 9999.80022286
329 9999.82242032
330 9999.82242032
331 9999.82242032
332 9999.82242032
333 9999.82242032
334 9999.82242032
335 9999.82242032
336 9999.82242032
337 9999.82242032
338 9999.82242032
343 9999.84461778
344 9999.84461778
345 9999.84461778
346 9999.84461778
347 9999.86681524
348 9999.86681524
349 9999.86681524
350 9999.86681524
351 9999.86681524
352 9999.86681524
353 9999.86681524
354 9999.86681524
355 9999.86681524
356 9999.86681524
434 9999.8890127
435 9999.8890127
436 9999.8890127
437 9999.8890127
438 9999.8890127
439 9999.8890127
440 9999.8890127
441 9999.8890127
442 9999.8890127
443 9999.8890127
543 9999.91121016
544 9999.91121016
545 9999.91121016
546 9999.91121016
547 9999.91121016
548 9999.91121016
549 9999.93340762
550 9999.93340762
551 9999.93340762
552 9999.93340762
553 9999.93340762
554 9999.93340762
555 9999.93340762
556 9999.93340762
557 9999.93340762
558 9999.93340762
641 9999.95560508
642 9999.95560508
643 9999.95560508
644 9999.95560508
645 9999.95560508
646 9999.95560508
647 9999.95560508
648 9999.95560508
649 9999.95560508
650 9999.95560508
1068 9999.97780254
1069 9999.97780254
1070 9999.97780254
1071 9999.97780254
1072 9999.97780254
1073 9999.97780254
1074 9999.97780254
1075 9999.97780254
1076 9999.97780254
1077 9999.97780254
1251 10000.0
1252 10000.0
1253 10000.0
1254 10000.0
1255 10000.0
1256 10000.0
1257 10000.0
1258 10000.0
1259 10000.0
1260 10000.0
1501 10000.0
