0 1.07150103616
1 535.602331769
2 629.495459799
3 678.077772737
4 734.536758185
5 840.957329181
6 987.103231146
7 1036.26689039
8 1063.35078892
9 1078.40879816
10 1089.4315801
11 1097.60462524
12 1103.70306199
13 1109.66471137
14 1115.2273976
15 1121.86158486
16 1128.0284153
17 1133.47711205
18 1137.9568983
19 1141.63875824
20 1145.37761292
21 1149.32164865
22 1154.91853172
23 1161.9174853
24 1172.07394725
25 1184.55579443
26 1200.38893208
27 1219.76714231
28 1241.55053039
29 1265.36293108
30 1290.79398227
31 1319.40533972
32 1352.77005816
33 1390.39798284
34 1436.89428844
35 1495.72425491
36 1569.57803377
37 1669.33022066
38 1785.65647677
39 1909.87080433
40 2041.74522441
41 2176.70875918
42 2326.82149477
43 2486.04198916
44 2653.75469922
45 2827.06429234
46 3000.10031074
47 3189.02646152
48 3387.07177005
49 3592.98235215
50 3798.83593951
51 3995.0346186
52 4200.67162597
53 4406.45681965
54 4606.56533763
55 4803.03759145
56 4985.85390653
57 5162.93655118
58 5335.6420001
59 5496.05938396
60 5644.91823535
61 5776.01752702
62 5899.83289143
63 6015.95396649
64 6121.30303645
65 6213.0759603
66 6294.64682642
67 6365.91304427
68 6435.27563794
69 6497.13772436
70 6553.71069928
71 6604.03705114
72 6648.65253045
73 6693.59857924
74 6733.09593126
75 6771.39639383
76 6804.98909121
77 6836.98593598
78 6866.65739552
79 6895.59932245
80 6922.55783256
81 6947.46453218
82 6971.51631075
83 6993.82405041
84 7015.83541744
85 7036.88927291
86 7057.6353568
87 7075.77108178
88 7095.10369622
89 7112.49848964
90 7129.83628832
91 7146.41035754
92 7162.55126676
93 7179.0797402
94 7195.095261
95 7213.09419862
96 7229.80505521
97 7246.76668863
98 7263.5459389
99 7280.84954074
100 7297.05884365
101 7315.04638232
102 7331.87122837
103 7348.19452075
104 7365.99967627
105 7382.68773496
106 7401.13123152
107 7417.97887547
108 7435.57884994
109 7451.86794548
110 7471.33734728
111 7487.02229862
112 7504.90724677
113 7522.81499281
114 7539.21807782
115 7557.42219649
116 7573.83668044
117 7590.99209597
118 7607.21279783
119 7624.55059651
120 7639.95057416
121 7656.36505812
122 7671.75363683
123 7686.23029977
124 7702.16602795
125 7715.65098248
126 7731.25614118
127 7744.67270203
128 7759.03537549
129 7771.36903636
130 7784.99077825
131 7797.06226333
132 7810.33063786
133 7821.5472019
134 7833.04873962
135 7845.26841101
136 7855.2424898
137 7865.99169701
138 7876.72950526
139 7886.88596721
140 7896.93983864
141 7908.24759425
142 7918.36985936
143 7928.82269394
144 7939.02475167
145 7949.30660204
146 7961.43508186
147 7972.09309748
148 7984.81432255
149 7996.806015
150 8010.89511373
151 8024.67644088
152 8040.57797222
153 8055.46499725
154 8070.84217702
155 8090.57375461
156 8108.18512802
157 8128.9996056
158 8147.20372426
159 8170.77674706
160 8191.39744253
161 8216.63471162
162 8239.06783969
163 8266.19733401
164 8290.67087364
165 8317.09363323
166 8347.52882224
167 8375.36505128
168 8408.6043813
169 8438.674804
170 8475.56179711
171 8507.82081767
172 8546.85081286
173 8581.54920812
174 8619.04034543
175 8657.65997852
176 8694.39878533
177 8737.25882677
178 8775.03493777
179 8818.38513395
180 8856.71979336
181 8900.75392637
182 8940.51345418
183 8984.65017771
184 9023.63457711
185 9061.51327863
186 9106.47072636
187 9142.89036265
188 9186.99288934
189 9224.4954256
190 9266.31816285
191 9301.23313811
192 9341.69940064
193 9375.72525802
194 9414.51587531
195 9446.84328955
196 9478.31578275
197 9512.97998117
198 9541.60273757
199 9573.71357181
200 9600.21612404
201 9628.83888044
202 9652.45749903
203 9678.86885967
204 9700.74343934
205 9721.55791691
206 9742.17861238
207 9760.73609841
208 9781.18580968
209 9796.91635681
210 9814.35674601
211 9829.04998894
212 9844.90592449
213 9857.00020746
214 9870.58775252
215 9880.73281552
216 9889.79497854
217 9900.36180258
218 9908.92241193
219 9917.43742548
220 9923.94622433
221 9931.67471052
222 9936.8612315
223 9943.05085982
224 9947.90681133
225 9953.11613019
226 9957.27674592
227 9960.8218185
228 9964.58347107
229 9967.47880366
230 9971.06947202
231 9973.69122988
232 9976.09640774
233 9978.25080876
234 9980.63318872
235 9982.3202329
236 9983.85909077
237 9985.35235286
238 9986.57204021
239 9987.84872229
240 9988.77203701
241 9989.84353805
242 9990.59586857
243 9991.42799171
244 9991.95234328
245 9992.56788643
246 9993.04664221
247 9993.51399905
248 9993.96995693
249 9994.5171064
250 9994.85907482
251 9995.26943691
252 9995.66840007
253 9995.90777796
254 9996.11295901
255 9996.37513479
256 9996.64870953
257 9996.81969373
258 9996.91088531
259 9997.03627373
260 9997.16166215
261 9997.24145478
262 9997.32124741
263 9997.40104004
264 9997.43523688
265 9997.46943372
266 9997.59482214
267 9997.68601372
268 9997.7772053
269 9997.85699793
270 9997.9709874
271 9998.06217898
272 9998.09637582
273 9998.1647695
274 9998.19896634
275 9998.25596108
276 9998.29015792
277 9998.31295582
278 9998.36995055
279 9998.40414739
280 9998.51813686
281 9998.54093476
282 9998.58653055
283 9998.62072739
284 9998.65492423
285 9998.68912107
286 9998.70052002
287 9998.72331791
288 9998.75751476
289 9998.75751476
290 9998.7689137
291 9998.7689137
292 9998.80311054
293 9998.86010528
294 9998.88290318
295 9998.89430212
296 9998.90570107
297 9998.90570107
298 9998.92849896
299 9998.95129686
300 9998.9854937
301 9999.00829159
302 9999.03108949
303 9999.05388738
304 9999.06528633
305 9999.09948317
306 9999.12228107
307 9999.14507896
308 9999.16787685
309 9999.16787685
310 9999.1792758
311 9999.19067475
312 9999.22487159
313 9999.24766949
314 9999.30466422
315 9999.31606317
316 9999.3730579
317 9999.38445685
318 9999.3958558
319 9999.41865369
320 9999.43005264
321 9999.45285053
322 9999.45285053
323 9999.45285053
324 9999.46424948
325 9999.47564843
326 9999.48704738
327 9999.48704738
328 9999.49844632
329 9999.50984527
330 9999.52124422
331 9999.52124422
332 9999.53264317
333 9999.54404211
334 9999.55544106
335 9999.55544106
336 9999.56684001
337 9999.56684001
338 9999.57823895
339 9999.57823895
340 9999.5896379
341 9999.60103685
342 9999.62383474
343 9999.63523369
344 9999.66943053
345 9999.66943053
346 9999.66943053
347 9999.68082948
348 9999.68082948
349 9999.68082948
350 9999.69222843
351 9999.71502632
352 9999.71502632
353 9999.72642527
354 9999.73782421
355 9999.73782421
356 9999.74922316
357 9999.77202106
358 9999.77202106
359 9999.77202106
360 9999.77202106
361 9999.78342
362 9999.78342
363 9999.78342
364 9999.79481895
365 9999.79481895
366 9999.79481895
367 9999.79481895
368 9999.8062179
369 9999.81761684
370 9999.81761684
371 9999.81761684
372 9999.81761684
373 9999.81761684
374 9999.81761684
375 9999.82901579
376 9999.82901579
377 9999.82901579
378 9999.82901579
379 9999.84041474
380 9999.84041474
381 9999.85181369
382 9999.85181369
383 9999.87461158
384 9999.87461158
385 9999.87461158
386 9999.87461158
387 9999.87461158
388 9999.87461158
389 9999.88601053
390 9999.88601053
391 9999.88601053
392 9999.88601053
393 9999.88601053
394 9999.88601053
395 9999.88601053
396 9999.88601053
397 9999.88601053
398 9999.88601053
405 9999.89740948
406 9999.89740948
407 9999.89740948
408 9999.89740948
409 9999.89740948
410 9999.89740948
411 9999.89740948
412 9999.89740948
413 9999.89740948
414 9999.89740948
420 9999.90880842
421 9999.90880842
422 9999.90880842
423 9999.90880842
424 9999.90880842
425 9999.90880842
426 9999.90880842
427 9999.90880842
428 9999.90880842
429 9999.90880842
488 9999.92020737
489 9999.92020737
490 9999.92020737
491 9999.92020737
492 9999.92020737
493 9999.92020737
494 9999.92020737
495 9999.92020737
496 9999.92020737
497 9999.93160632
498 9999.93160632
499 9999.93160632
500 9999.93160632
501 9999.93160632
502 9999.93160632
503 9999.93160632
504 9999.93160632
505 9999.93160632
506 9999.93160632
689 9999.94300526
690 9999.95440421
691 9999.95440421
692 9999.95440421
693 9999.95440421
694 9999.95440421
695 9999.95440421
696 9999.95440421
697 9999.95440421
698 9999.95440421
699 9999.95440421
835 9999.96580316
836 9999.96580316
837 9999.96580316
838 9999.96580316
839 9999.96580316
840 9999.96580316
841 9999.96580316
842 9999.96580316
843 9999.96580316
844 9999.96580316
1194 9999.97720211
1195 9999.97720211
1196 9999.97720211
1197 9999.97720211
1198 9999.97720211
1199 9999.97720211
1200 9999.98860105
1201 9999.98860105
1202 9999.98860105
1203 9999.98860105
1204 9999.98860105
1205 9999.98860105
1206 9999.98860105
1207 9999.98860105
1208 9999.98860105
1209 9999.98860105
1233 10000.0
1234 10000.0
1235 10000.0
1236 10000.0
1237 10000.0
1238 10000.0
1239 10000.0
1240 10000.0
1241 10000.0
1242 10000.0
1501 10000.0
