0
3432
3432
3432
3432
3432
3432
3432
3432
3432
3432
3432
3432
3432
3889
3889
3889
3889
3889
3889
3889
3889
3889
3889
3889
3889
3889
4605
4610
4610
4640
4640
4685
4685
4685
4821
4821
5247
5818
6072
6108
6387
6519
6519
7078
7405
7415
9902
12175
14154
14154
16538
17617
18982
23583
26969
28826
28826
30690
33266
34842
36707
38269
40079
40079
40710
41946
43529
47325
47325
48672
52565
52834
54362
57700
60730
60730
61690
65126
66075
68551
70573
70573
70573
73116
76034
76663
78642
80248
81930
81930
84543
85931
87154
89161
90588
92544
92544
93775
95103
97607
98371
101618
103363
103363
104263
109653
112058
114406
115797
116810
116810
118848
120939
121246
124464
125225
127235
127235
128529
130505
131540
132575
134049
134049
136612
137833
138272
140274
141776
144077
144077
146481
147950
149950
150073
151722
154068
154068
155870
160693
163240
163896
167643
169691
169691
169795
171624
176552
176552
178799
179976
179976
180849
182843
185589
185864
190575
191534
191534
194533
195597
196403
200238
203033
203815
203815
206311
209145
211007
213430
213952
214640
214640
217351
218137
221597
222396
226746
227257
227257
229000
232630
235730
237520
238593
240418
240418
241177
244142
247912
249185
251871
254036
254036
255258
257023
259622
260553
264767
265630
270034
270034
270551
273154
278086
280811
281776
282169
282169
282591
284234
286661
287203
289150
290929
290929
293080
294139
295621
302246
303731
305265
305265
307932
309998
312494
314031
318343
319518
319518
322185
323880
328444
330465
331346
335325
335325
335943
338419
338917
340179
342448
344458
344458
346107
346881
348117
351658
352891
355589
355589
358485
359420
364811
366122
367283
372124
372124
374056
375984
377820
381974
382804
385377
385377
386880
387489
389182
390330
391672
392872
392872
396232
397065
398007
402336
403161
405879
405879
408963
409615
410831
415146
417243
419421
419421
421429
424245
424245
426841
430191
434757
434757
438380
438595
441113
441970
444929
448776
450504
450504
450952
452968
453823
458577
461618
462100
462100
464625
469462
470789
471414
475410
478667
478667
480119
480857
485496
487462
491189
491189
491189
492839
495864
497760
499587
502770
505345
505345
508926
511774
513682
515230
518106
518671
518671
521345
522799
524699
528123
531025
531658
531658
536041
536391
538099
542740
546760
549607
549607
551422
552863
554930
557511
559701
560125
560125
566244
571185
572155
573461
575441
577774
577774
580042
582290
582903
584358
587162
589294
589294
591667
592903
595176
598967
601949
602567
602567
606485
609390
611610
614052
618559
619298
619298
621535
624031
625704
627662
630654
632021
632021
632021
633476
635937
635937
637923
639909
639909
643682
644058
644320
647661
650141
652061
652061
653914
657764
659682
660528
662302
665843
665843
668010
668863
670117
672537
676291
680498
680498
682504
682739
685794
686021
688738
691217
691217
693053
695409
699457
701332
703620
707306
707306
708212
710292
714908
714947
718767
722026
722026
724566
726767
728016
729452
730459
733094
733094
733539
735740
739370
739370
742891
743646
743646
745296
748249
752312
753548
757201
758325
760068
760068
763092
764498
765330
768413
770008
772771
772771
775099
778697
781270
783822
785202
786525
786525
788903
789846
791491
795374
797012
798337
798337
799427
802167
802380
805988
808439
809903
809903
812610
814479
818554
820387
823186
824169
824169
825796
828294
830433
831930
833188
837352
837352
839359
841082
842274
844407
847478
847567
847567
852445
855941
859142
862353
862531
862791
862791
864069
866473
868621
873354
876853
880240
880240
883197
883647
887424
890512
892148
894550
894550
895272
898136
899622
902953
903113
907790
907790
908706
912022
913312
914061
919212
920984
920984
923885
927276
931011
933167
935646
939169
939169
942460
943968
944946
949369
952481
953633
953633
955245
956824
959088
962327
963312
965464
968115
968115
972574
974421
976296
979392
980883
983547
983547
983720
984191
986021
987095
987228
989764
992778
992778
993129
998557
999364
1002074
1003455
1006155
1007801
1007801
1009244
1011045
1012807
1015793
1016521
1018623
1018623
1021231
1021474
1021474
1025092
1026162
1026406
1026406
1027392
1029270
1032056
1035034
1036899
1039941
1039941
1041376
1044882
1046394
1049137
1051214
1052005
1052005
1055716
1058013
1060260
1062361
1062361
1062361
1062361
