0 0.0
1 0.0
2 0.0
3 0.0
4 0.0
5 0.0
6 0.0
7 0.0
8 0.0
61 0.0569947359662
62 0.604144201242
63 2.22279470268
64 5.96164938206
65 16.6196650077
66 41.4921677834
67 83.6112776624
68 132.934522168
69 194.921997004
70 283.867981953
71 360.822274455
72 416.141365184
73 460.528865554
74 492.34332717
75 515.551583656
76 532.205445505
77 546.590916863
78 559.163955617
79 570.505908074
80 580.309002661
81 589.473756204
82 597.031258193
83 605.147308595
84 612.089267435
85 619.25920522
86 625.095466183
87 631.296493456
88 637.668504937
89 643.812537474
90 650.059160536
91 655.4850594
92 660.31821301
93 664.273647686
94 669.175194979
95 673.540991754
96 677.188654856
97 680.676732697
98 683.800044228
99 687.73268101
100 690.878790435
101 693.466351448
102 695.654949309
103 697.535775596
104 699.393803988
105 700.932661859
106 702.448721836
107 703.850792341
108 705.378251265
109 706.791720717
110 708.034205961
111 709.390680677
112 710.348192241
113 711.374097488
114 712.343008
115 713.27772167
116 714.189637445
117 715.192744798
118 716.184453204
119 717.210358451
120 718.179268963
121 719.421754207
122 720.402063665
123 721.564756279
124 722.522267843
125 723.75335414
126 725.075632015
127 726.19272884
128 727.059048826
129 727.993762496
130 728.643502486
131 729.110859321
132 729.589615103
133 730.307748776
134 731.014483502
135 731.607228756
136 732.40515506
137 733.317070835
138 734.035204509
139 734.593752921
140 735.551264485
141 736.622765521
142 738.081830762
143 739.347113901
144 740.475609673
145 741.50151492
146 742.345037012
147 743.245553841
148 744.077676986
149 745.331561177
150 746.642440104
151 747.748137982
152 748.580261127
153 749.412384272
154 749.970932685
155 750.392693731
156 750.791656883
157 751.224816876
158 751.578184239
159 751.840360024
160 752.18232844
161 752.569892645
162 753.071446321
163 753.550202103
164 754.199942093
165 754.883878925
166 755.453826285
167 756.012374697
168 756.662114687
169 757.152269416
170 757.847605195
171 758.873510443
172 759.61444201
173 760.720139888
174 761.609257769
175 762.395785125
176 763.250706165
177 763.683866158
178 764.174020887
179 764.607180881
180 764.949149297
181 765.370910343
182 765.792671389
183 766.054847174
184 766.339820854
185 766.533602956
186 766.818576636
187 767.217539788
188 767.479715573
189 767.890077672
190 768.220647141
191 768.517019768
192 768.99577555
193 769.292148177
194 769.611318699
195 770.067276586
196 770.50043658
197 771.024788151
198 771.400953408
199 771.754320771
200 772.153283923
201 772.518050233
202 773.395769167
203 774.125301787
204 774.752243883
205 775.481776503
206 776.097319652
207 776.610272275
208 777.043432269
209 777.465193315
210 778.103534358
211 778.616486981
212 779.095242763
213 779.767780648
214 780.451717479
215 781.318037466
216 782.161559558
217 782.891092179
218 783.746013218
219 784.486944786
220 785.410259508
221 786.265180548
222 787.405075267
223 788.795746825
224 790.175019435
225 791.736675201
226 793.001958339
227 794.039262534
228 794.711800418
229 795.407136197
230 795.942886715
231 796.444440391
232 796.98019091
233 797.310760378
234 797.823713002
235 798.302468784
236 798.6444372
237 798.906612985
238 799.259980348
239 799.57915087
240 799.921119285
241 800.285885596
242 800.639252959
243 800.981221374
244 801.266195054
245 801.619562417
246 801.870339255
247 802.166711882
248 802.371892932
249 802.565675034
250 802.805052925
251 802.998835028
252 803.340803443
253 803.580181334
254 803.819559226
255 804.104532905
256 804.446501321
257 804.845464473
258 805.42681078
259 806.395721291
260 807.45582338
261 809.188463354
262 811.365662267
263 814.88793695
264 818.467206369
265 824.200876807
266 830.002940928
267 837.685831337
268 845.99566384
269 853.55316583
270 863.66403199
271 872.908578164
272 883.555194842
273 893.916837841
274 906.603866067
275 918.082605891
276 932.479476196
277 945.143706527
278 959.084618945
279 978.166456546
280 995.709436276
281 1014.87106651
282 1030.5446189
283 1047.76842811
284 1059.72592371
285 1070.9538867
286 1079.92485814
287 1088.31448327
288 1094.80048423
289 1100.27197888
290 1106.16523458
291 1110.57662714
292 1115.68335549
293 1119.65018911
294 1123.77660799
295 1127.48126583
296 1131.36830682
297 1134.66260256
298 1137.92270146
299 1141.0232151
300 1143.62217506
301 1146.56310343
302 1148.46672761
303 1150.62112863
304 1152.26257703
305 1154.16620121
306 1155.65946329
307 1157.05013485
308 1158.36101378
309 1159.55790323
310 1160.62940427
311 1161.51852215
312 1162.53302845
313 1163.46774212
314 1164.39105684
315 1165.31437156
316 1166.10089892
317 1166.84183049
318 1167.65115574
319 1168.25529994
320 1168.85944414
321 1169.65737045
322 1170.2501157
323 1170.76306832
324 1171.32161674
325 1172.11954304
326 1172.58689987
327 1173.23663986
328 1173.73819354
329 1174.28534301
330 1174.83249247
331 1175.18585983
332 1175.66461562
333 1176.1433714
334 1176.7475156
335 1177.07808507
336 1177.53404296
337 1177.91020821
338 1178.5599482
339 1178.9703103
340 1179.42626819
341 1180.03041239
342 1180.46357238
343 1180.91953027
344 1181.37548816
345 1181.79724921
346 1182.18481341
347 1182.6179734
348 1182.88014919
349 1183.19931971
350 1183.50709129
351 1183.91745338
352 1184.24802285
353 1184.51019864
354 1184.90916179
355 1185.29672599
356 1185.51330599
357 1185.83247651
358 1186.27703545
359 1186.59620597
360 1186.96097228
361 1187.21174912
362 1187.48532386
363 1187.77029754
364 1188.04387227
365 1188.40863858
366 1188.59102173
367 1188.83039962
368 1189.12677225
369 1189.37754909
370 1189.62832593
371 1189.85630487
372 1190.1298796
373 1190.32366171
374 1190.63143328
375 1190.89360907
376 1191.05319433
377 1191.30397117
378 1191.60034379
379 1191.88531747
380 1192.1588922
381 1192.36407325
382 1192.55785536
383 1192.87702588
384 1193.09360587
385 1193.32158482
386 1193.61795745
387 1193.90293113
388 1194.14230902
389 1194.35888901
390 1194.57546901
391 1194.86044269
392 1195.12261847
393 1195.39619321
394 1195.64697005
395 1195.97753951
396 1196.17132162
397 1196.33090688
398 1196.6500774
399 1196.90085424
400 1197.09463634
401 1197.33401423
402 1197.55059423
403 1197.75577528
404 1197.92675948
405 1198.22313211
406 1198.43971211
407 1198.64489316
408 1198.80447842
409 1198.97546263
410 1199.18064368
411 1199.46561736
412 1199.61380367
413 1199.81898472
414 1200.06976156
415 1200.37753313
416 1200.54851734
417 1200.71950155
418 1200.95887944
419 1201.12986365
420 1201.32364575
421 1201.51742785
422 1201.65421522
423 1201.84799732
424 1201.97338574
425 1202.15576889
426 1202.26975837
427 1202.50913626
428 1202.68012046
429 1202.9536952
430 1203.15887625
431 1203.31846151
432 1203.47804677
433 1203.68322782
434 1203.88840887
435 1204.11638781
436 1204.23037728
437 1204.40136149
438 1204.64073938
439 1204.84592043
440 1205.03970253
441 1205.21068674
442 1205.38167095
443 1205.64384673
444 1205.81483094
445 1206.06560778
446 1206.20239515
447 1206.39617725
448 1206.61275725
449 1206.7951404
450 1207.06871513
451 1207.23969934
452 1207.49047618
453 1207.67285933
454 1207.95783301
455 1208.16301406
456 1208.37959406
457 1208.57337616
458 1208.67596669
459 1208.86974879
460 1209.09772773
461 1209.38270141
462 1209.56508457
463 1209.77026562
464 1209.94124983
465 1210.06663825
466 1210.19202666
467 1210.39720771
468 1210.68218139
469 1210.91016034
470 1211.05834665
471 1211.25212875
472 1211.46870875
473 1211.6738898
474 1211.81067717
475 1212.02725716
476 1212.18684242
477 1212.46041716
478 1212.67699715
479 1212.8821782
480 1213.13295504
481 1213.2925403
482 1213.40652977
483 1213.57751398
484 1213.72570029
485 1213.94228029
486 1214.1132645
487 1214.35264239
488 1214.5236266
489 1214.7174087
490 1214.96818554
491 1215.17336659
492 1215.40134553
493 1215.56093079
494 1215.68631921
495 1215.948495
496 1216.19927184
497 1216.40445288
498 1216.62103288
499 1216.83761288
500 1217.00859709
501 1217.20237919
502 1217.36196445
503 1217.62414023
504 1217.7837255
505 1217.90911391
506 1218.09149707
507 1218.19408759
508 1218.3878697
509 1218.60444969
510 1218.75263601
511 1218.92362021
512 1219.16299811
513 1219.24279074
514 1219.42517389
515 1219.65315283
516 1219.82413704
517 1220.05211599
518 1220.2003023
519 1220.3940844
520 1220.55366966
521 1220.81584545
522 1220.97543071
523 1221.2148086
524 1221.44278754
525 1221.65936754
526 1221.86454859
527 1222.09252753
528 1222.30910753
529 1222.52568753
530 1222.70807068
531 1222.94744857
532 1223.10703383
533 1223.4376033
534 1223.59718856
535 1223.88216224
536 1224.05314645
537 1224.30392329
538 1224.53190223
539 1224.72568434
540 1224.8624717
541 1224.98786012
542 1225.21583907
543 1225.40962117
544 1225.59200432
545 1225.876978
546 1226.11635589
547 1226.2873401
548 1226.53811694
549 1226.72050009
550 1227.01687272
551 1227.24485167
552 1227.47283061
553 1227.67801166
554 1227.95158639
555 1228.20236323
556 1228.48733691
557 1228.7267148
558 1229.00028953
559 1229.29666216
560 1229.50184321
561 1229.65002952
562 1229.91220531
563 1230.16298215
564 1230.41375899
565 1230.67593477
566 1230.89251477
567 1231.1660895
568 1231.32567476
569 1231.59924949
570 1231.7702337
571 1231.9868137
572 1232.22619159
573 1232.44277159
574 1232.76194211
575 1232.98992105
576 1233.18370315
577 1233.3888842
578 1233.62826209
579 1233.92463472
580 1234.08421998
581 1234.2096084
582 1234.39199156
583 1234.6199705
584 1234.82515155
585 1234.96193892
586 1235.14432207
587 1235.2469126
588 1235.53188627
589 1235.73706732
590 1236.0448389
591 1236.238621
592 1236.455201
593 1236.61478626
594 1236.85416415
595 1236.92255783
596 1237.18473362
597 1237.38991467
598 1237.65209045
599 1237.84587256
600 1238.13084624
601 1238.41581991
602 1238.64379886
603 1238.88317675
604 1239.0655599
605 1239.24794306
606 1239.57851253
607 1239.87488516
608 1240.17125778
609 1240.47902936
610 1240.74120514
611 1241.00338093
612 1241.3339504
613 1241.63032302
614 1241.84690302
615 1242.15467459
616 1242.37125459
617 1242.56503669
618 1242.81581353
619 1243.02099458
620 1243.28317037
621 1243.67073457
622 1243.93291036
623 1244.19508614
624 1244.49145877
625 1244.67384192
626 1244.90182087
627 1245.16399665
628 1245.46036928
629 1245.75674191
630 1245.9961198
631 1246.23549769
632 1246.49767347
633 1246.73705137
634 1246.9878282
635 1247.34119557
636 1247.6147703
637 1247.89974398
638 1248.2189145
639 1248.54948397
640 1248.92564923
641 1249.18782501
642 1249.4500008
643 1249.68937869
644 1249.99715026
645 1250.22512921
646 1250.49870394
647 1250.90906604
648 1251.19403972
649 1251.79818392
650 1252.09455655
651 1252.51631759
652 1253.05206811
653 1253.43963232
654 1253.94118599
655 1254.56812809
656 1255.26346387
657 1255.97019859
658 1256.7681249
659 1257.54325331
660 1258.46656803
661 1259.29869117
662 1260.415788
663 1261.66967219
664 1263.16293427
665 1264.40541952
666 1265.67070265
667 1267.01577842
668 1268.54323735
669 1270.31007416
670 1272.19090045
671 1274.45929094
672 1277.01265511
673 1279.57741823
674 1282.09658556
675 1284.49036447
676 1287.38569706
677 1290.77118437
678 1294.19086853
679 1298.44267583
680 1303.31002629
681 1308.3141641
682 1313.6032756
683 1318.698605
684 1324.09030702
685 1330.27993535
686 1336.66334577
687 1343.43432041
688 1350.74104556
689 1358.56072333
690 1366.74516742
691 1375.15759044
692 1383.55861453
693 1392.92854912
694 1402.5378616
695 1414.06219722
696 1425.36995283
697 1436.80309687
698 1449.54711983
699 1461.35642912
700 1473.4279142
701 1486.77608136
702 1500.37502536
703 1515.2392525
704 1531.32316699
705 1546.84853307
706 1562.88685177
707 1579.71169783
708 1596.91270914
709 1615.00283834
710 1633.13856332
711 1651.68465041
712 1670.91467432
713 1690.79443823
714 1711.44933054
715 1732.7425639
716 1754.48035619
717 1776.18395165
718 1797.10101975
719 1821.22119201
720 1844.54343797
721 1868.42423234
722 1892.66979302
723 1915.61587372
724 1939.69045019
725 1964.73393717
726 1990.38156836
727 2016.55355111
728 2041.55144231
729 2068.30477137
730 2095.10369622
731 2122.03940844
732 2148.65595014
733 2173.80202764
734 2201.03411249
735 2228.22060155
736 2256.46719269
737 2283.39150596
738 2310.25882449
739 2338.22044196
740 2366.2960489
741 2395.65973687
742 2423.87213117
743 2451.41198759
744 2480.57049451
745 2510.37874142
746 2538.69372625
747 2567.36207844
748 2595.9278401
749 2624.19722914
750 2652.88837923
751 2682.42305141
752 2712.27689411
753 2741.04783682
754 2768.38251219
755 2798.213557
756 2827.01869655
757 2856.73575189
758 2884.85695461
759 2913.62789733
760 2943.94909686
761 2974.37288692
762 3004.46610751
763 3035.24326493
764 3064.4131708
765 3095.14473243
766 3126.58302879
767 3157.56536726
768 3188.63889731
769 3219.64403368
770 3250.51238268
771 3282.44083376
772 3315.14441326
773 3347.4946254
774 3378.26038387
775 3412.10385809
776 3447.34940281
777 3480.64572756
778 3516.46121964
779 3550.28189596
780 3584.4445407
781 3620.8185812
782 3657.11282906
783 3694.25059901
784 3731.50235844
785 3767.84220209
786 3806.71261202
787 3846.3923472
788 3887.74772762
789 3927.53005332
790 3966.95901167
791 4008.51957313
792 4052.83867982
793 4096.01789179
794 4139.71005638
795 4181.37320837
796 4225.23635717
797 4270.62696489
798 4316.46213156
799 4362.37709085
800 4407.11795859
801 4451.30027791
802 4498.74269612
803 4546.33330066
804 4593.55913888
805 4637.87824557
806 4685.6626322
807 4734.26774303
808 4783.05523702
809 4831.6489489
810 4879.07996817
811 4925.63326851
812 4973.48604883
813 5021.65799967
814 5068.96363052
815 5115.09516981
816 5159.51686702
817 5205.38623053
818 5250.44626878
819 5295.48350914
820 5339.36945584
821 5381.95592255
822 5424.77036821
823 5467.75579807
824 5510.79822268
825 5551.9370231
826 5589.67893725
827 5627.8540114
828 5666.46224555
829 5702.83628604
830 5739.36991179
831 5773.0424018
832 5805.5294013
833 5838.33557133
834 5869.922054
835 5901.12097247
836 5929.01419625
837 5958.50327264
838 5986.8752522
839 6013.69697495
840 6038.04512615
841 6062.56426156
842 6085.65852858
843 6108.54761454
844 6129.81805
845 6150.974496
846 6170.72887148
847 6188.22625542
848 6206.55576251
849 6224.46350855
850 6240.25105041
851 6255.25206492
852 6268.9422005
853 6282.86031502
854 6296.06029587
855 6308.50794621
856 6319.62191972
857 6330.10895114
858 6340.01463625
859 6349.93172031
860 6359.23326122
861 6368.09024319
862 6375.87572412
863 6383.20524716
864 6390.27259442
865 6397.12336169
866 6403.5751658
867 6409.45702255
868 6415.09950141
869 6420.33161817
870 6425.47254336
871 6430.95543696
872 6435.4352232
873 6439.40205683
874 6443.71085887
875 6447.70049038
876 6451.98649453
877 6456.02172183
878 6459.86316704
879 6463.44243646
880 6466.62274272
881 6469.84864478
882 6473.15433947
883 6476.31184784
884 6479.44655832
885 6482.30769406
886 6485.37401086
887 6488.31493923
888 6490.85690446
889 6493.38747073
890 6495.86104227
891 6498.02684224
892 6500.70559483
893 6502.93978848
894 6505.1169874
895 6507.68175051
896 6509.88174732
897 6512.12733992
898 6514.2475441
899 6516.34495038
900 6518.27137246
901 6520.35737979
902 6522.39779134
903 6524.29001657
904 6526.13664602
905 6528.41643546
906 6530.11487859
907 6532.04130067
908 6533.68274906
909 6535.26720272
910 6536.99984269
911 6538.68688688
912 6540.30553738
913 6542.12936893
914 6543.95320048
915 6545.68584046
916 6547.49827306
917 6549.11692356
918 6550.83816459
919 6552.45681509
920 6554.04126875
921 6555.53453083
922 6556.97079818
923 6558.4982571
924 6560.12830655
925 6561.84954758
926 6563.55938965
927 6565.14384331
928 6566.8308875
929 6568.14176643
930 6569.6806243
931 6571.09409375
932 6572.56455794
933 6574.1262137
934 6575.5510821
935 6576.9987484
936 6578.51480837
937 6579.96247467
938 6581.41014096
939 6582.93759988
940 6584.46505881
941 6585.94692194
942 6587.40598718
943 6589.11582926
944 6590.55209661
945 6591.77178396
946 6593.16245552
947 6594.37074392
948 6595.68162285
949 6596.93550704
950 6598.47436491
951 6599.99042488
952 6601.50648486
953 6602.93135326
954 6604.40181745
955 6605.78109006
956 6607.13756477
957 6608.55103423
958 6609.99870052
959 6611.56035629
960 6612.99662363
961 6614.38729519
962 6615.59558359
963 6616.66708463
964 6617.97796356
965 6619.24324669
966 6620.66811509
967 6622.01319086
968 6623.15308558
969 6624.7033424
970 6625.90023185
971 6627.32510025
972 6628.77276655
973 6629.93545916
974 6631.30333282
975 6632.47742439
976 6633.71990963
977 6634.82560751
978 6635.97690117
979 6637.29917905
980 6638.63285587
981 6639.84114427
982 6641.02663478
983 6642.17792845
984 6643.43181264
985 6644.67429788
986 6645.95097997
987 6647.06807679
988 6648.27636519
989 6649.65563781
990 6650.76133568
991 6652.01521987
992 6653.38309354
993 6654.62557878
994 6655.9820535
995 6657.20174085
996 6658.25044399
997 6659.28774818
998 6660.62142501
999 6661.69292604
1000 6663.01520392
1001 6664.22349232
1002 6665.47737651
1003 6666.45768597
1004 6667.62037858
1005 6668.62348593
1006 6669.84317328
1007 6670.91467432
1008 6671.91778167
1009 6672.90949008
1010 6674.22036901
1011 6675.22347636
1012 6676.42036582
1013 6677.54886159
1014 6678.46077736
1015 6679.48668261
1016 6680.46699207
1017 6681.65248258
1018 6682.86077098
1019 6683.93227202
1020 6684.90118253
1021 6685.93848672
1022 6687.11257828
1023 6688.16128142
1024 6689.18718667
1025 6690.4980656
1026 6691.40998137
1027 6692.40168978
1028 6693.37060029
1029 6694.52189396
1030 6695.65038973
1031 6696.79028445
1032 6697.90738127
1033 6698.93328652
1034 6699.85660124
1035 6700.96229912
1036 6702.18198647
1037 6703.26488646
1038 6704.16540328
1039 6705.19130853
1040 6706.41099588
1041 6707.56228955
1042 6708.65658848
1043 6709.5799032
1044 6710.85658529
1045 6712.04207579
1046 6712.94259262
1047 6714.00269471
1048 6715.01720101
1049 6715.94051573
1050 6716.85243151
1051 6718.03792202
1052 6718.99543358
1053 6720.10113146
1054 6720.91045671
1055 6722.05035143
1056 6723.06485773
1057 6723.93117772
1058 6724.95708296
1059 6726.07417979
1060 6727.05448925
1061 6728.03479871
1062 6729.14049658
1063 6729.99541762
1064 6730.82754077
1065 6731.71665865
1066 6732.54878179
1067 6733.52909125
1068 6734.45240598
1069 6735.26173123
1070 6736.15084911
1071 6737.14255751
1072 6738.05447329
1073 6739.29695853
1074 6739.99229431
1075 6740.79022062
1076 6741.62234376
1077 6742.48866375
1078 6743.32078689
1079 6744.24410161
1080 6744.97363424
1081 6745.87415106
1082 6746.58088579
1083 6747.65238683
1084 6748.41611629
1085 6749.29383522
1086 6750.31974047
1087 6751.26585309
1088 6752.2347636
1089 6752.96429622
1090 6753.86481305
1091 6754.73113303
1092 6755.60885197
1093 6756.56636353
1094 6757.44408246
1095 6758.31040245
1096 6759.09692981
1097 6760.05444137
1098 6760.90936241
1099 6761.90107082
1100 6762.85858238
1101 6763.79329605
1102 6764.68241393
1103 6765.54873392
1104 6766.52904338
1105 6767.32696968
1106 6768.10209809
1107 6769.18499807
1108 6770.09691385
1109 6771.13421804
1110 6772.05753277
1111 6772.99224644
1112 6774.07514642
1113 6774.94146641
1114 6775.89897797
1115 6776.82229269
1116 6777.70001163
1117 6778.46374109
1118 6779.55804002
1119 6780.51555158
1120 6781.54145683
1121 6782.43057471
1122 6783.37668733
1123 6784.44818837
1124 6785.53108835
1125 6786.47720097
1126 6787.38911674
1127 6788.26683568
1128 6789.24714513
1129 6790.14766196
1130 6790.99118405
1131 6791.93729667
1132 6792.92900508
1133 6793.95491032
1134 6795.14040083
1135 6796.12071029
1136 6797.02122712
1137 6798.1041271
1138 6799.06163867
1139 6800.20153339
1140 6801.1704439
1141 6802.17355125
1142 6803.01707334
1143 6804.12277122
1144 6805.09168173
1145 6806.17458172
1146 6806.98390697
1147 6807.90722169
1148 6808.86473325
1149 6809.84504271
1150 6810.9051448
1151 6811.76006584
1152 6812.78597109
1153 6813.96006265
1154 6814.87197842
1155 6815.82948999
1156 6816.67301208
1157 6817.5963268
1158 6818.47404574
1159 6819.55694572
1160 6820.42326571
1161 6821.35797938
1162 6822.38388462
1163 6823.46678461
1164 6824.45849301
1165 6825.39320668
1166 6826.21393088
1167 6827.27403297
1168 6828.1745498
1169 6828.90408242
1170 6829.7932003
1171 6830.60252555
1172 6831.4118508
1173 6832.28956974
1174 6833.14449077
1175 6833.89682129
1176 6834.71754549
1177 6835.4926739
1178 6836.23360546
1179 6836.94034019
1180 6837.62427702
1181 6838.38800648
1182 6839.01494858
1183 6839.84707172
1184 6840.7589875
1185 6841.5569138
1186 6842.4004359
1187 6842.95898431
1188 6843.77970851
1189 6844.66882639
1190 6845.52374743
1191 6846.27607794
1192 6847.09680214
1193 6847.6667495
1194 6848.36208528
1195 6849.0916179
1196 6849.6957621
1197 6850.56208209
1198 6851.30301365
1199 6852.12373785
1200 6852.91026521
1201 6853.45741467
1202 6854.11855361
1203 6854.93927781
1204 6855.54342201
1205 6856.39834305
1206 6857.07088093
1207 6857.77761566
1208 6858.35896197
1209 6859.2366809
1210 6859.81802721
1211 6860.47916614
1212 6861.20869876
1213 6861.88123665
1214 6862.4967798
1215 6863.21491347
1216 6863.88745135
1217 6864.62838292
1218 6865.26672397
1219 6865.98485764
1220 6866.66879447
1221 6867.3755292
1222 6868.10506182
1223 6868.86879128
1224 6869.60972285
1225 6870.44184599
1226 6871.18277756
1227 6871.86671439
1228 6872.49365649
1229 6873.39417331
1230 6874.15790278
1231 6874.95582908
1232 6875.71955854
1233 6876.36929853
1234 6876.98484168
1235 6877.68017746
1236 6878.37551324
1237 6879.11644481
1238 6879.88017427
1239 6880.59830794
1240 6881.27084582
1241 6881.93198476
1242 6882.63871949
1243 6883.44804474
1244 6884.10918368
1245 6884.82731735
1246 6885.52265313
1247 6886.22938785
1248 6887.05011205
1249 6887.68845309
1250 6888.41798571
1251 6889.0677257
1252 6889.85425306
1253 6890.67497726
1254 6891.41590883
1255 6892.23663302
1256 6892.80658038
1257 6893.47911827
1258 6894.1630551
1259 6895.06357193
1260 6895.75890771
1261 6896.57963191
1262 6897.29776558
1263 6898.0272982
1264 6898.62004345
1265 6899.39517186
1266 6900.19309817
1267 6900.96822657
1268 6901.54957288
1269 6902.2791055
1270 6902.97444128
1271 6903.84076127
1272 6904.47910231
1273 6905.23143282
1274 6905.83557703
1275 6906.64490228
1276 6907.53402016
1277 6908.35474436
1278 6909.17546855
1279 6910.01899065
1280 6910.805518
1281 6911.38686431
1282 6912.19618956
1283 6912.93712113
1284 6913.68945164
1285 6914.4531811
1286 6915.19411267
1287 6915.95784213
1288 6916.49359265
1289 6917.21172632
1290 6918.08944526
1291 6918.88737156
1292 6919.53711155
1293 6920.32363891
1294 6920.96197995
1295 6921.69151257
1296 6922.45524203
1297 6923.09358308
1298 6923.78891886
1299 6924.52985042
1300 6925.16819147
1301 6925.74953777
1302 6926.31948513
1303 6926.99202302
1304 6927.63036406
1305 6928.33709879
1306 6928.98683878
1307 6929.46559456
1308 6930.18372823
1309 6930.78787243
1310 6931.48320821
1311 6932.14434715
1312 6932.55470925
1313 6933.05626292
1314 6933.62621028
1315 6934.21895554
1316 6934.75470606
1317 6935.3930471
1318 6935.94019656
1319 6936.52154287
1320 6937.2282776
1321 6937.70703338
1322 6938.32257653
1323 6938.81273126
1324 6939.22309336
1325 6939.82723756
1326 6940.36298807
1327 6940.89873859
1328 6941.43448911
1329 6941.93604279
1330 6942.48319225
1331 6943.07593751
1332 6943.55469329
1333 6944.19303433
1334 6944.60339643
1335 6945.00235958
1336 6945.58370589
1337 6946.08525957
1338 6946.43862693
1339 6946.88318587
1340 6947.36194165
1341 6947.77230375
1342 6948.1940648
1343 6948.52463426
1344 6948.93499636
1345 6949.52774162
1346 6949.98369951
1347 6950.40546055
1348 6950.98680686
1349 6951.34017422
1350 6951.98991421
1351 6952.4458721
1352 6952.94742578
1353 6953.36918682
1354 6953.89353839
1355 6954.45208681
1356 6954.97643838
1357 6955.51218889
1358 6955.92255099
1359 6956.24172151
1360 6956.62928572
1361 6957.09664255
1362 6957.59819623
1363 6958.1225478
1364 6958.55570779
1365 6958.97746884
1366 6959.53601725
1367 6960.09456567
1368 6960.48212987
1369 6960.81269934
1370 6961.33705091
1371 6961.81580669
1372 6962.30596142
1373 6962.8075151
1374 6963.14948351
1375 6963.57124456
1376 6964.08419718
1377 6964.47176139
1378 6965.09870348
1379 6965.64585295
1380 6966.02201821
1381 6966.60336451
1382 6967.12771608
1383 6967.6862645
1384 6968.13082344
1385 6968.7007708
1386 6969.23652131
1387 6969.80646867
1388 6970.26242656
1389 6970.79817708
1390 6971.28833181
1391 6971.73289075
1392 6972.18884864
1393 6972.69040231
1394 6973.27174862
1395 6973.85309493
1396 6974.38884545
1397 6974.85620228
1398 6975.38055385
1399 6975.92770332
1400 6976.49765068
1401 6977.05619909
1402 6977.59194961
1403 6977.99091276
1404 6978.49246644
1405 6978.97122222
1406 6979.57536642
1407 6980.19090957
1408 6980.70386219
1409 6981.34220323
1410 6981.98054428
1411 6982.61888532
1412 6983.32562005
1413 6983.80437583
1414 6984.53390845
1415 6985.11525476
1416 6985.69660106
1417 6986.41473474
1418 6987.00747999
1419 6987.65721998
1420 6988.12457681
1421 6988.69452417
1422 6989.34426416
1423 6989.7888231
1424 6990.42716415
1425 6990.94011677
1426 6991.54426097
1427 6992.21679886
1428 6992.93493253
1429 6993.57327357
1430 6994.10902409
1431 6994.70176934
1432 6995.38570618
1433 6996.01264827
1434 6996.53699984
1435 6997.1069472
1436 6997.69969246
1437 6998.32663455
1438 6998.89658191
1439 6999.38673664
1440 6999.9794819
1441 7000.60642399
1442 7001.22196714
1443 7001.73491976
1444 7002.32766502
1445 7003.0230008
1446 7003.6043471
1447 7004.2084913
1448 7004.80123656
1449 7005.2229976
1450 7005.86133865
1451 7006.55667443
1452 7007.33180283
1453 7007.95874493
1454 7008.6768786
1455 7009.17843228
1456 7009.91936385
1457 7010.60330068
1458 7011.08205646
1459 7011.66340277
1460 7012.25614802
1461 7012.92868591
1462 7013.45303748
1463 7014.07997957
1464 7014.70692167
1465 7015.44785324
1466 7016.06339638
1467 7016.5991469
1468 7017.05510479
1469 7017.72764267
1470 7018.28619109
1471 7018.85613845
1472 7019.58567107
1473 7020.24681
1474 7020.98774157
1475 7021.63748156
1476 7022.19602997
1477 7022.83437102
1478 7023.40431838
1479 7024.14524994
1480 7024.80638888
1481 7025.51312361
1482 7026.11726781
1483 7026.72141201
1484 7027.35975305
1485 7027.94109936
1486 7028.64783409
1487 7029.43436144
1488 7029.98151091
1489 7030.55145827
1490 7031.31518773
1491 7031.91933193
1492 7032.56907192
1493 7033.16181717
1494 7033.78875927
1495 7034.52969084
1496 7035.23642556
1497 7036.01155397
1498 7036.72968765
1499 7037.31103395
1500 7037.89238026
1501 10000.0
