0 0.0
1 0.0
2 0.0
3 0.0
4 0.0
5 0.0
6 0.0
7 0.0
8 0.0
26 0.251521706323
27 0.377282559485
28 0.503043412647
29 1.13184767845
30 1.6348910911
31 2.01217365059
32 3.14402132904
33 3.77282559485
34 5.03043412647
35 6.41380351124
36 7.92293374918
37 9.30630313396
38 10.8154333719
39 13.5821721415
40 15.7201066452
41 18.2353237084
42 20.4990190653
43 23.0142361286
44 26.1582574576
45 29.0507570803
46 32.5720609689
47 35.8418431511
48 38.9858644801
49 42.5071683686
50 44.6451028724
51 47.6633633483
52 51.0589063836
53 54.0771668595
54 58.1015141607
55 61.2455354897
56 64.8926002314
57 67.0305347351
58 70.5518386237
59 73.8216208059
60 78.8520549323
61 83.3794456462
62 86.5234669752
63 90.0447708637
64 93.5660747523
65 97.2131394939
66 99.9798782635
67 102.872377886
68 106.142160068
69 109.914985663
70 112.304441873
71 116.328789175
72 118.969767091
73 122.994114392
74 126.012374868
75 128.527591931
76 131.545852407
77 135.444438855
78 140.223351275
79 143.241611751
80 146.008350521
81 148.397806731
82 149.906936969
83 153.679762564
84 156.069218774
85 158.458674984
86 161.0996529
87 163.740630816
88 166.004326173
89 168.896825796
90 171.0347603
91 174.430303335
92 177.700085517
93 180.718345993
94 183.610845616
95 186.880627798
96 189.773127421
97 194.300518135
98 197.821822023
99 201.971930178
100 206.373560038
101 211.278233312
102 215.302580613
103 220.333014739
104 224.35736204
105 228.884752754
106 235.801599678
107 240.832033805
108 246.491272197
109 252.905075708
110 258.815835807
111 263.34322652
112 268.87670406
113 275.038985864
114 280.320941697
115 285.854419236
116 291.136375069
117 296.166809196
118 301.197243322
119 305.724634036
120 310.755068162
121 315.659741436
122 320.18713215
123 324.714522863
124 328.110065899
125 332.888978319
126 338.422455858
127 343.830172544
128 348.986367524
129 353.010714825
130 357.286583832
131 362.568539665
132 367.724734645
133 371.749081946
134 375.8991901
135 378.66592887
136 380.67810252
137 383.822123849
138 386.840384325
139 389.481362242
140 391.367775039
141 394.511796368
142 397.278535138
143 399.667991348
144 403.063534383
145 406.081794859
146 410.231903013
147 413.753206902
148 417.148749937
149 420.670053826
150 424.317118567
151 430.605161225
152 433.623421701
153 437.522008149
154 442.049398863
155 447.457115549
156 450.349615172
157 453.619397354
158 457.769505508
159 461.41657025
160 464.937874139
161 468.333417174
162 472.609286181
163 477.136676895
164 480.154937371
165 483.802002113
166 487.826349414
167 490.84460989
168 492.982544394
169 496.252326576
170 500.653956436
171 504.049499472
172 507.822325067
173 510.966346396
174 513.481563459
175 515.871019669
176 518.763519292
177 523.039388299
178 525.931887922
179 528.950148398
180 532.974495699
181 535.615473615
182 538.382212385
183 542.029277127
184 545.550581015
185 548.820363197
186 555.611449268
187 559.25851401
188 563.534383017
189 565.798078374
190 568.061773731
191 570.828512501
192 573.092207858
193 575.481664068
194 1411.28829418
195 2426.80718346
196 3400.07042608
197 5106.51944263
198 5303.08365612
199 5410.10614216
200 5458.27254892
201 5490.21580562
202 5516.49982393
203 5541.90351627
204 5568.18753458
205 5589.56687962
206 5610.82046381
207 5651.44121938
208 5684.76784547
209 5734.19186076
210 5761.98500931
211 5783.61587605
212 5804.99522109
213 5822.47597968
214 5838.07032547
215 5850.52064993
216 5860.32999648
217 5865.48619146
218 5868.88173449
219 5872.40303838
220 5874.79249459
221 5885.48216711
222 5895.29151366
223 5911.89194627
224 5920.82096685
225 5923.08466221
226 5925.85140098
227 5927.98933548
228 5929.62422657
229 5951.50661502
230 5963.07661351
231 5983.57563258
232 5992.3788923
233 5997.15780472
234 5999.67302178
235 6001.93671714
236 6003.19432567
237 6005.33226017
238 6007.09291212
239 6009.23084662
240 6010.86573771
241 6012.87791136
242 6014.76432416
243 6016.77649781
244 6018.53714976
245 6020.54932341
246 6022.30997535
247 6034.38301725
248 6037.02399517
249 6058.65486191
250 6062.67920922
251 6065.44594799
252 6066.95507822
253 6068.84149102
254 6070.09909955
255 6071.98551235
256 6073.62040344
257 6075.50681624
258 6077.64475074
259 6079.78268525
260 6081.66909804
261 6083.68127169
262 6085.8192062
263 6087.83137985
264 6089.96931435
265 6091.7299663
266 6094.24518336
267 6096.0058353
268 6100.78474772
269 6104.30605161
270 6110.09105086
271 6114.36691987
272 6119.02007143
273 6121.91257105
274 6124.80507068
275 6127.57180945
276 6129.96126566
277 6132.97952613
278 6136.12354746
279 6155.11343629
280 6162.03028321
281 6188.56582323
282 6199.1297349
283 6203.4056039
284 6206.29810353
285 6209.69364656
286 6213.46647216
287 6217.1135369
288 6220.13179737
289 6223.90462297
290 6228.30625283
291 6231.45027416
292 6233.46244781
293 6236.22918658
294 6239.62472961
295 6242.76875094
296 6245.53548971
297 6248.55375019
298 6251.94929322
299 6254.71603199
300 6257.86005332
301 6260.37527039
302 6262.89048745
303 6266.53755219
304 6268.42396499
305 6271.0649429
306 6276.22113788
307 6278.8621158
308 6283.76678907
309 6286.6592887
310 6289.80331003
311 6291.18667941
312 6292.94733135
313 6294.20493989
314 6295.08526586
315 6296.46863524
316 6297.34896122
317 6297.85200463
318 6298.60656975
319 6300.11569998
320 6300.99602596
321 6301.87635193
322 6302.50515619
323 6303.00819961
324 6303.38548217
325 6304.51732985
326 6304.76885155
327 6305.27189496
328 6305.77493838
329 6306.40374264
330 6306.65526435
331 6307.15830776
332 6307.53559032
333 6308.41591629
334 6308.91895971
335 6309.29624227
336 6309.79928568
337 6310.17656824
338 6315.08124151
339 6315.96156748
340 6321.36928417
341 6325.51939232
342 6327.02852256
343 6327.40580512
344 6327.90884853
345 6328.5376528
346 6329.54373962
347 6330.54982645
348 6331.55591328
349 6332.68776095
350 6333.19080437
351 6333.56808693
352 6334.19689119
353 6334.82569546
354 6335.20297802
355 6335.83178228
356 6336.3348257
357 6357.96569244
358 6363.62493083
359 6381.73449369
360 6386.2618844
361 6388.65134061
362 6389.53166658
363 6390.53775341
364 6391.41807938
365 6392.54992706
366 6393.93329644
367 6394.56210071
368 6395.06514412
369 6396.1969918
370 6397.32883948
371 6398.83796972
372 6400.09557825
373 6401.10166507
374 6402.98807787
375 6403.61688214
376 6404.49720811
377 6405.37753408
378 6406.76090347
379 6407.13818603
380 6408.018512
381 6409.27612053
382 6410.53372906
383 6410.78525077
384 6411.66557674
385 6412.54590271
386 6413.17470698
387 6414.05503295
388 6414.1807938
389 6414.43231551
390 6415.06111977
391 6415.31264148
392 6415.81568489
393 6416.0672066
394 6416.82177172
395 6417.45057598
396 6418.07938025
397 6418.95970622
398 6419.33698878
399 6419.96579305
400 6420.59459731
401 6423.99014035
402 6433.54796519
403 6437.32079078
404 6452.28633231
405 6454.80154937
406 6457.56828814
407 6459.58046179
408 6460.20926606
409 6461.46687459
410 6463.35328739
411 6464.48513507
412 6465.99426531
413 6467.37763469
414 6468.63524322
415 6470.14437346
416 6471.6535037
417 6472.78535138
418 6473.53991649
419 6474.54600332
420 6476.05513356
421 6477.06122038
422 6477.31274209
423 6478.44458977
424 6479.32491574
425 6480.70828513
426 6481.71437195
427 6482.34317622
428 6497.6860003
429 6512.27425927
430 6520.44871472
431 6576.53805523
432 6583.83218472
433 6587.98229287
434 6591.25207505
435 6593.39000956
436 6594.77337894
437 6597.16283515
438 6598.79772624
439 6599.80381307
440 6601.81598672
441 6603.70239952
442 6605.46305146
443 6607.72674682
444 6609.1101162
445 6610.87076815
446 6611.87685497
447 6614.01478948
448 6614.64359374
449 6615.27239801
450 6616.53000654
451 6617.41033251
452 6618.41641934
453 6619.54826702
454 6620.68011469
455 6621.43467981
456 6622.8180492
457 6623.44685346
458 6624.32717944
459 6624.9559837
460 6625.58478797
461 6626.21359223
462 6626.8423965
463 6627.84848332
464 6627.97424418
465 6628.22576588
466 6628.60304844
467 6629.23185271
468 6629.98641783
469 6630.61522209
470 6630.99250465
471 6631.11826551
472 6631.62130892
473 6631.87283063
474 6631.99859148
475 6632.25011318
476 6632.7531566
477 6633.25620001
478 6633.63348257
479 6634.01076513
480 6634.38804769
481 6634.51380854
482 6635.26837366
483 6635.51989537
484 6636.02293878
485 6636.27446049
486 6636.65174305
487 6637.0290256
488 6637.40630816
489 6637.65782987
490 6638.03511243
491 6638.78967755
492 6639.67000352
493 6640.29880779
494 6646.7126113
495 6649.73087177
496 6651.74304542
497 6660.29478344
498 6661.92967453
499 6663.94184818
500 6664.94793501
501 6665.95402183
502 6666.45706524
503 6667.33739122
504 6668.21771719
505 6668.7207606
506 6669.22380401
507 6670.35565169
508 6671.36173852
509 6671.73902108
510 6673.24815132
511 6674.25423814
512 6675.38608582
513 6676.39217264
514 6677.14673776
515 6678.27858544
516 6678.655868
517 6679.28467227
518 6680.5422808
519 6681.04532421
520 6681.54836762
521 6682.05141104
522 6682.6802153
523 6683.43478042
524 6683.93782383
525 6684.44086725
526 6684.94391066
527 6685.44695407
528 6685.82423663
529 6686.32728004
530 6687.08184516
531 6687.58488858
532 6688.5909754
533 6689.21977967
534 6689.84858393
535 6690.60314905
536 6691.35771417
537 6691.86075758
538 6692.6153227
539 6692.74108356
540 6693.49564867
541 6694.12445294
542 6695.13053977
543 6695.75934403
544 6696.13662659
545 6696.3881483
546 6697.14271342
547 6697.77151768
548 6698.02303939
549 6698.5260828
550 6698.65184365
551 6699.02912621
552 6699.78369133
553 6700.28673475
554 6700.4124956
555 6701.04129986
556 6701.54434328
557 6702.04738669
558 6702.2989084
559 6702.5504301
560 6703.17923437
561 6703.68227778
562 6704.31108205
563 6705.06564717
564 6705.19140802
565 6705.82021228
566 6706.07173399
567 6706.82629911
568 6707.83238593
569 6708.83847276
570 6709.34151617
571 6709.84455959
572 6710.5991247
573 6711.35368982
574 6711.73097238
575 6712.35977665
576 6713.11434177
577 6713.49162433
578 6713.99466774
579 6714.49771115
580 6715.00075457
581 6715.37803712
582 6716.2583631
583 6717.01292822
584 6722.04336234
585 6731.72694804
586 6733.23607827
587 6745.43488103
588 6750.96835857
589 6753.73509734
590 6754.74118416
591 6756.50183611
592 6757.50792293
593 6758.63977061
594 6759.26857488
595 6760.2746617
596 6761.28074853
597 6762.78987877
598 6763.29292218
599 6763.92172644
600 6764.42476986
601 6764.67629156
602 6765.43085668
603 6766.05966095
604 6766.81422607
605 6767.69455204
606 6768.19759545
607 6769.32944313
608 6769.9582474
609 6770.58705166
610 6771.71889934
611 6773.35379043
612 6774.10835555
613 6774.86292067
614 6776.74933347
615 6777.88118115
616 6779.51607224
617 6780.77368077
618 6781.77976759
619 6782.28281101
620 6782.91161527
621 6783.79194124
622 6785.55259319
623 6786.0556366
624 6787.18748428
625 6787.56476684
626 6788.31933196
627 6790.0799839
628 6791.08607073
629 6791.71487499
630 6792.84672267
631 6793.47552694
632 6794.1043312
633 6795.23617888
634 6795.990744
635 6796.99683083
636 6797.37411339
637 6798.63172192
638 6799.00900448
639 6799.38628704
640 6800.89541727
641 6801.52422154
642 6803.53639519
643 6831.95834801
644 6841.89345541
645 6849.43910659
646 6891.69475326
647 6896.97670909
648 6902.00714322
649 6905.65420796
650 6908.04366417
651 6910.93616379
652 6913.19985915
653 6914.70898939
654 6915.96659792
655 6917.72724986
656 6918.85909754
657 6919.73942351
658 6920.87127119
659 6921.75159716
660 6923.00920569
661 6923.76377081
662 6925.27290105
663 6925.65018361
664 6926.78203129
665 6927.91387897
666 6928.54268323
667 6929.29724835
668 6929.92605262
669 6930.80637859
670 6931.309422
671 6931.93822627
672 6932.06398712
673 6932.44126968
674 6932.81855224
675 6933.69887821
676 6934.07616077
677 6934.45344333
678 6934.83072589
679 6935.71105186
680 6936.33985613
681 6937.34594295
682 6938.10050807
683 6938.85507319
684 6939.86116002
685 6940.48996428
686 6940.86724684
687 6941.49605111
688 6942.12485538
689 6942.50213793
690 6943.38246391
691 6943.63398561
692 6944.13702903
693 6944.51431159
694 6944.76583329
695 6945.39463756
696 6946.02344182
697 6946.77800694
698 6947.28105035
699 6947.65833291
700 6947.90985462
701 6948.41289803
702 6948.91594145
703 6949.41898486
704 6949.54474571
705 6950.17354998
706 6950.80235424
707 6951.1796368
708 6951.30539766
709 6951.43115851
710 6952.18572363
711 6952.81452789
712 6953.19181045
713 6953.69485387
714 6954.19789728
715 6954.70094069
716 6955.07822325
717 6956.08431008
718 6956.71311434
719 6956.83887519
720 6956.96463605
721 6957.34191861
722 6957.97072287
723 6958.09648373
724 6958.72528799
725 6959.10257055
726 6959.73137482
727 6959.98289652
728 6960.61170079
729 6961.1147442
730 6961.74354847
731 6962.49811359
732 6963.12691785
733 6963.75572212
734 6964.38452638
735 6964.63604809
736 6965.51637406
737 6966.27093918
738 6966.77398259
739 6967.52854771
740 6968.03159113
741 6968.66039539
742 6969.03767795
743 6969.54072136
744 6970.04376478
745 6970.16952563
746 6971.30137331
747 6971.30137331
748 6971.67865587
749 6972.05593843
750 6972.68474269
751 6973.31354696
752 6973.56506867
753 6974.06811208
754 6974.44539464
755 6976.08028573
756 6976.33180743
757 6977.46365511
758 6978.34398109
759 6978.97278535
760 6979.85311132
761 6981.48800241
762 6982.24256753
763 6983.24865436
764 6984.50626289
765 6985.13506716
766 6985.26082801
767 6985.63811057
768 6986.14115398
769 6986.51843654
770 6987.02147995
771 6987.14724081
772 6988.02756678
773 6988.53061019
774 6989.28517531
775 6989.78821872
776 6990.41702299
777 6991.17158811
778 6991.17158811
779 6991.42310981
780 6992.30343579
781 6992.93224005
782 6993.30952261
783 6993.81256602
784 6994.31560944
785 6994.692892
786 6995.69897882
787 6996.32778309
788 6996.8308265
789 6997.45963077
790 6998.33995674
791 6998.59147844
792 6999.47180442
793 7000.22636954
794 7000.98093465
795 7001.35821721
796 7002.11278233
797 7003.11886916
798 7003.37039086
799 7004.50223854
800 7005.00528196
801 7005.88560793
802 7006.01136878
803 7239.5492731
804 7593.94335731
805 7698.9536697
806 7788.99844057
807 8435.78650838
808 9108.8585945
809 9212.61129836
810 9325.04150108
811 9378.36410282
812 9418.35605413
813 9449.41898486
814 9475.95452488
815 9498.59147844
816 9516.19799789
817 9533.17571306
818 9542.98505961
819 9552.29136274
820 9559.96277479
821 9568.89179536
822 9574.55103375
823 9581.84516324
824 9588.25896675
825 9595.05005282
826 9603.22450828
827 9608.63222496
828 9612.2792897
829 9615.92635444
830 9619.07037577
831 9621.20831028
832 9623.47200563
833 9626.49026611
834 9629.63428744
835 9632.65254791
836 9634.41319986
837 9635.79656924
838 9637.05417778
839 9638.94059057
840 9641.07852508
841 9643.59374214
842 9646.23472006
843 9648.62417627
844 9651.39091504
845 9655.41526234
846 9657.9304794
847 9660.57145732
848 9664.09276121
849 9666.10493486
850 9668.36863021
851 9670.50656472
852 9672.39297751
853 9674.27939031
854 9675.6627597
855 9677.29765079
856 9678.55525932
857 9680.44167212
858 9681.69928065
859 9683.08265003
860 9684.21449771
861 9685.47210624
862 9686.85547563
863 9687.98732331
864 9689.49645354
865 9690.75406208
866 9691.63438805
867 9692.89199658
868 9693.77232255
869 9694.52688767
870 9694.77840938
871 9695.15569194
872 9695.7844962
873 9696.28753961
874 9696.41330047
875 9697.29362644
876 9697.670909
877 9698.29971327
878 9698.55123497
879 9698.92851753
880 9699.30580009
881 9699.68308265
882 9699.8088435
883 9700.31188692
884 9700.56340862
885 9700.94069118
886 9701.06645203
887 9701.31797374
888 9702.07253886
889 9702.19829971
890 9702.44982142
891 9702.70134313
892 9702.70134313
893 9702.82710398
894 9703.07862569
895 9703.33014739
896 9703.5816691
897 9703.8331908
898 9704.08471251
899 9704.46199507
900 9704.46199507
901 9704.96503848
902 9705.4680819
903 9705.97112531
904 9706.09688616
905 9706.47416872
906 9706.97721213
907 9707.10297299
908 9707.48025555
909 9707.98329896
910 9708.23482066
911 9708.23482066
912 9708.48634237
913 9708.61210322
914 9709.24090749
915 9709.4924292
916 9709.7439509
917 9710.12123346
918 9710.24699432
919 9710.49851602
920 9710.62427688
921 9711.37884199
922 9712.38492882
923 9712.51068967
924 9713.01373309
925 9713.5167765
926 9713.7682982
927 9714.27134162
928 9714.52286332
929 9714.52286332
930 9714.90014588
931 9714.90014588
932 9715.27742844
933 9715.4031893
934 9715.52895015
935 9715.90623271
936 9716.78655868
937 9717.03808039
938 9717.41536295
939 9717.41536295
940 9717.79264551
941 9718.54721062
942 9719.4275366
943 9719.6790583
944 9719.93058001
945 9720.18210172
946 9720.30786257
947 9720.93666683
948 9721.43971025
949 9721.5654711
950 9721.69123195
951 9721.94275366
952 9722.19427537
953 9722.57155793
954 9722.94884048
955 9723.07460134
956 9723.4518839
957 9724.08068816
958 9724.58373158
959 9724.70949243
960 9724.83525328
961 9725.21253584
962 9726.34438352
963 9726.59590523
964 9727.35047035
965 9727.85351376
966 9727.85351376
967 9728.35655717
968 9728.60807888
969 9728.98536144
970 9729.11112229
971 9729.23688314
972 9729.86568741
973 9729.86568741
974 9730.36873082
975 9730.74601338
976 9730.87177423
977 9730.87177423
978 9731.12329594
979 9731.12329594
980 9731.75210021
981 9732.00362191
982 9732.38090447
983 9732.50666533
984 9732.63242618
985 9733.26123044
986 9733.51275215
987 9733.638513
988 9733.76427386
989 9734.51883898
990 9735.02188239
991 9735.14764324
992 9735.14764324
993 9735.5249258
994 9736.02796921
995 9736.15373007
996 9736.40525177
997 9736.90829519
998 9737.4113386
999 9738.04014286
1000 9738.29166457
1001 9738.41742542
1002 9738.54318628
1003 9739.17199054
1004 9739.5492731
1005 9739.80079481
1006 9740.05231651
1007 9740.42959907
1008 9740.93264249
1009 9741.56144675
1010 9741.81296846
1011 9742.56753358
1012 9743.3220987
1013 9743.5736204
1014 9743.95090296
1015 9744.45394638
1016 9744.83122893
1017 9744.83122893
1018 9745.20851149
1019 9745.96307661
1020 9746.34035917
1021 9746.59188088
1022 9746.71764173
1023 9747.22068515
1024 9747.5979677
1025 9747.84948941
1026 9748.35253282
1027 9749.10709794
1028 9749.61014136
1029 9749.61014136
1030 9749.98742391
1031 9750.74198903
1032 9751.3707933
1033 9751.49655415
1034 9751.87383671
1035 9751.99959757
1036 9752.62840183
1037 9753.2572061
1038 9753.88601036
1039 9754.01177122
1040 9754.64057548
1041 9755.01785804
1042 9756.02394487
1043 9756.52698828
1044 9756.65274913
1045 9757.15579254
1046 9757.5330751
1047 9757.91035766
1048 9758.53916193
1049 9759.29372705
1050 9760.04829217
1051 9760.42557473
1052 9761.3059007
1053 9762.06046582
1054 9762.94079179
1055 9763.82111776
1056 9764.44992203
1057 9764.95296544
1058 9765.95905227
1059 9766.71361739
1060 9767.4681825
1061 9767.97122592
1062 9768.60003018
1063 9769.1030736
1064 9769.73187786
1065 9770.36068213
1066 9771.36676895
1067 9771.99557322
1068 9772.62437748
1069 9773.50470346
1070 9774.25926857
1071 9775.13959455
1072 9775.89415967
1073 9776.52296393
1074 9777.1517682
1075 9777.90633332
1076 9778.78665929
1077 9779.16394185
1078 9780.17002867
1079 9780.92459379
1080 9782.05644147
1081 9782.81100659
1082 9783.56557171
1083 9784.44589768
1084 9784.94894109
1085 9785.82926707
1086 9786.70959304
1087 9787.96720157
1088 9789.2248101
1089 9790.35665778
1090 9791.1112229
1091 9792.11730972
1092 9793.12339655
1093 9794.38100508
1094 9794.88404849
1095 9795.76437447
1096 9797.14774385
1097 9798.15383068
1098 9799.1599175
1099 9800.04024347
1100 9801.17209115
1101 9802.05241712
1102 9803.05850395
1103 9803.81306907
1104 9804.81915589
1105 9806.20252528
1106 9806.70556869
1107 9808.34045978
1108 9808.96926405
1109 9810.22687258
1110 9811.73600282
1111 9814.25121988
1112 9815.38306756
1113 9817.64676292
1114 9818.90437145
1115 9820.16197998
1116 9821.41958851
1117 9822.17415363
1118 9823.68328387
1119 9824.06056643
1120 9825.31817496
1121 9826.32426178
1122 9827.45610946
1123 9828.33643543
1124 9829.84556567
1125 9830.97741335
1126 9831.85773932
1127 9833.49263041
1128 9834.62447809
1129 9836.51089089
1130 9838.14578198
1131 9840.15795563
1132 9841.0382816
1133 9842.04436843
1134 9842.9246944
1135 9844.68534635
1136 9846.06871573
1137 9847.32632426
1138 9848.45817194
1139 9849.08697621
1140 9849.96730218
1141 9850.7218673
1142 9851.47643242
1143 9852.10523668
1144 9852.8598018
1145 9853.36284521
1146 9854.87197545
1147 9855.75230142
1148 9856.75838825
1149 9857.51295337
1150 9858.64480105
1151 9859.39936617
1152 9860.40545299
1153 9862.04034408
1154 9863.67523517
1155 9864.9328437
1156 9865.93893053
1157 9866.31621309
1158 9867.19653906
1159 9868.32838674
1160 9869.08295186
1161 9870.34056039
1162 9870.96936466
1163 9872.35273404
1164 9873.73610343
1165 9874.6164294
1166 9875.24523366
1167 9875.74827708
1168 9876.88012475
1169 9878.38925499
1170 9879.77262438
1171 9881.15599376
1172 9882.28784144
1173 9883.67121083
1174 9885.05458021
1175 9886.31218874
1176 9887.56979727
1177 9889.20468836
1178 9890.96534031
1179 9892.22294884
1180 9893.98360078
1181 9895.11544846
1182 9896.12153529
1183 9897.88218723
1184 9899.89436088
1185 9900.90044771
1186 9902.78686051
1187 9903.79294733
1188 9904.54751245
1189 9905.67936013
1190 9906.93696866
1191 9907.81729463
1192 9909.20066402
1193 9909.82946828
1194 9910.83555511
1195 9911.71588108
1196 9912.72196791
1197 9914.23109814
1198 9914.98566326
1199 9916.74631521
1200 9918.12968459
1201 9919.63881483
1202 9920.5191408
1203 9922.15403189
1204 9923.41164042
1205 9924.41772725
1206 9924.92077066
1207 9925.80109663
1208 9927.31022687
1209 9928.81935711
1210 9930.58000905
1211 9931.96337844
1212 9933.09522612
1213 9934.35283465
1214 9935.35892147
1215 9935.73620403
1216 9936.86805171
1217 9938.12566024
1218 9939.38326878
1219 9940.13783389
1220 9941.01815987
1221 9942.02424669
1222 9942.77881181
1223 9943.53337693
1224 9944.4137029
1225 9945.16826802
1226 9946.3001157
1227 9947.18044167
1228 9948.06076764
1229 9949.44413703
1230 9949.94718044
1231 9951.45631068
1232 9952.08511495
1233 9953.09120177
1234 9953.59424518
1235 9954.3488103
1236 9955.48065798
1237 9956.36098395
1238 9956.98978822
1239 9957.61859248
1240 9959.63076614
1241 9960.00804869
1242 9960.88837467
1243 9961.13989637
1244 9961.64293979
1245 9962.52326576
1246 9963.27783088
1247 9963.90663514
1248 9963.90663514
1249 9964.2839177
1250 9964.78696111
1251 9965.29000453
1252 9966.29609135
1253 9967.30217818
1254 9967.80522159
1255 9968.308265
1256 9968.81130842
1257 9969.81739524
1258 9970.69772121
1259 9971.32652548
1260 9972.3326123
1261 9972.83565572
1262 9973.21293828
1263 9973.33869913
1264 9973.9675034
1265 9974.47054681
1266 9975.22511193
1267 9976.1054379
1268 9976.60848131
1269 9976.98576387
1270 9977.36304643
1271 9977.9918507
1272 9978.62065496
1273 9979.12369838
1274 9980.63282861
1275 9981.13587203
1276 9981.51315459
1277 9982.2677197
1278 9983.27380653
1279 9983.52532824
1280 9983.77684994
1281 9984.27989335
1282 9984.40565421
1283 9984.90869762
1284 9985.53750189
1285 9985.78902359
1286 9985.78902359
1287 9986.29206701
1288 9986.54358871
1289 9987.04663212
1290 9987.67543639
1291 9988.05271895
1292 9988.05271895
1293 9988.30424066
1294 9988.55576236
1295 9988.93304492
1296 9988.93304492
1297 9989.05880577
1298 9989.43608833
1299 9989.81337089
1300 9990.44217516
1301 9990.81945772
1302 9990.94521857
1303 9991.19674028
1304 9991.44826198
1305 9991.69978369
1306 9991.9513054
1307 9992.07706625
1308 9992.32858796
1309 9992.32858796
1310 9992.58010966
1311 9992.83163137
1312 9992.95739222
1313 9993.08315308
1314 9993.20891393
1315 9993.20891393
1316 9993.20891393
1317 9993.20891393
1318 9993.46043564
1319 9993.46043564
1320 9993.58619649
1321 9993.71195734
1322 9993.83771819
1323 9993.83771819
1324 9994.21500075
1325 9994.46652246
1326 9994.59228331
1327 9994.84380502
1328 9995.09532673
1329 9995.47260929
1330 9995.59837014
1331 9995.72413099
1332 9995.72413099
1333 9995.9756527
1334 9996.10141355
1335 9996.10141355
1336 9996.10141355
1337 9996.22717441
1338 9996.22717441
1339 9996.47869611
1340 9996.60445696
1341 9996.73021782
1342 9996.73021782
1343 9996.73021782
1344 9996.85597867
1345 9996.98173952
1346 9997.10750038
1347 9997.23326123
1348 9997.48478294
1349 9997.48478294
1350 9997.48478294
1351 9997.48478294
1352 9997.48478294
1353 9997.48478294
1354 9997.48478294
1355 9997.48478294
1356 9997.48478294
1357 9997.48478294
1361 9997.73630464
1362 9997.73630464
1363 9997.73630464
1364 9997.73630464
1365 9997.8620655
1366 9997.98782635
1367 9998.1135872
1368 9998.1135872
1369 9998.1135872
1370 9998.1135872
1371 9998.1135872
1372 9998.1135872
1373 9998.1135872
1374 9998.23934806
1375 9998.23934806
1376 9998.23934806
1377 9998.23934806
1378 9998.23934806
1379 9998.23934806
1380 9998.23934806
1381 9998.23934806
1382 9998.23934806
1383 9998.23934806
1385 9998.36510891
1386 9998.49086976
1387 9998.49086976
1388 9998.61663062
1389 9998.74239147
1390 9998.74239147
1391 9998.86815232
1392 9998.86815232
1393 9998.99391317
1394 9999.11967403
1395 9999.11967403
1396 9999.11967403
1397 9999.11967403
1398 9999.11967403
1399 9999.11967403
1400 9999.11967403
1401 9999.11967403
1402 9999.11967403
1403 9999.24543488
1404 9999.37119573
1405 9999.37119573
1406 9999.37119573
1407 9999.37119573
1408 9999.37119573
1409 9999.37119573
1410 9999.37119573
1411 9999.49695659
1412 9999.49695659
1413 9999.49695659
1414 9999.49695659
1415 9999.49695659
1416 9999.62271744
1417 9999.62271744
1418 9999.62271744
1419 9999.62271744
1420 9999.62271744
1421 9999.62271744
1422 9999.62271744
1423 9999.62271744
1424 9999.74847829
1425 9999.74847829
1426 9999.74847829
1427 9999.74847829
1428 9999.74847829
1429 9999.74847829
1430 9999.74847829
1431 9999.74847829
1432 9999.74847829
1433 9999.74847829
1467 9999.87423915
1468 9999.87423915
1469 9999.87423915
1470 9999.87423915
1471 9999.87423915
1472 9999.87423915
1473 9999.87423915
1474 9999.87423915
1475 9999.87423915
1476 9999.87423915
1501 10000.0
