0 7.49409839751
1 28.3526722706
2 87.431147971
3 198.968312454
4 352.472427963
5 510.72280579
6 677.716298415
7 862.320922274
8 1045.92633301
9 1241.02269463
10 1443.61315464
11 1672.68276232
12 1896.88120605
13 2139.19038757
14 2385.12171665
15 2619.81189813
16 2859.87285013
17 3110.17573661
18 3341.74337709
19 3565.94182082
20 3783.39557598
21 3987.98446224
22 4191.19943045
23 4381.17482483
24 4586.01351436
25 4775.48930217
26 4975.33192611
27 5157.06381225
28 5354.90800994
29 5544.25889612
30 5734.98370034
31 5944.56865219
32 6132.1709154
33 6339.13293282
34 6523.98735995
35 6734.8213282
36 6916.55321434
37 7121.26700224
38 7293.25656046
39 7479.23510236
40 7631.36529983
41 7780.74766122
42 7948.61546532
43 8086.13217092
44 8241.88451594
45 8372.53163134
46 8506.92579594
47 8622.4598129
48 8737.11951838
49 8832.16966639
50 8933.33999475
51 9029.01465096
52 9105.82915954
53 9191.88638947
54 9258.45896357
55 9329.40309506
56 9384.98432484
57 9446.93553826
58 9496.14678441
59 9549.60468631
60 9590.8222275
61 9624.9203752
62 9666.88732623
63 9696.36411326
64 9729.33814621
65 9752.81965452
66 9781.54703171
67 9802.78031051
68 9823.13927782
69 9842.62393365
70 9857.36232717
71 9870.47699936
72 9881.96795024
73 9896.08183555
74 9905.69926183
75 9916.94040943
76 9924.55940947
77 9933.92703246
78 9940.67172102
79 9945.54288498
80 9950.2891473
81 9955.16031125
82 9959.78167193
83 9964.02832769
84 9968.52478673
85 9972.14693429
86 9974.64496709
87 9976.51849169
88 9978.51691793
89 9980.14063925
90 9981.38965565
91 9983.38808189
92 9985.38650812
93 9986.63552452
94 9987.509836
95 9988.63395076
96 9990.38257372
97 9991.2568852
98 9992.00629504
99 9992.38099996
100 9993.00550816
101 9993.25531144
102 9993.87981964
103 9994.12962292
104 9994.25452456
105 9994.50432784
106 9994.62922948
107 9994.75413112
108 9995.25373768
109 9995.25373768
110 9995.25373768
111 9995.25373768
112 9995.37863932
113 9995.6284426
114 9995.6284426
115 9995.87824588
116 9996.00314752
117 9996.12804916
118 9996.12804916
119 9996.12804916
120 9996.2529508
121 9996.2529508
122 9996.2529508
123 9996.37785244
124 9996.37785244
125 9996.37785244
126 9996.50275408
127 9996.50275408
128 9996.50275408
129 9996.50275408
130 9996.50275408
131 9996.50275408
132 9996.50275408
133 9996.50275408
134 9996.50275408
135 9996.50275408
142 9996.62765572
143 9996.877459
144 9996.877459
145 9996.877459
146 9996.877459
147 9997.00236064
148 9997.00236064
149 9997.00236064
150 9997.00236064
151 9997.00236064
152 9997.00236064
153 9997.00236064
154 9997.00236064
155 9997.12726228
156 9997.12726228
157 9997.25216392
158 9997.25216392
159 9997.25216392
160 9997.25216392
161 9997.25216392
162 9997.25216392
163 9997.25216392
164 9997.25216392
165 9997.37706556
166 9997.5019672
167 9997.5019672
168 9997.5019672
169 9997.5019672
170 9997.5019672
171 9997.5019672
172 9997.5019672
173 9997.5019672
174 9997.5019672
175 9997.62686884
176 9997.87667212
177 9998.25137704
178 9998.25137704
179 9998.50118032
180 9998.7509836
181 9998.87588524
182 9998.87588524
183 9998.87588524
184 9998.87588524
185 9998.87588524
186 9999.00078688
187 9999.12568852
188 9999.12568852
189 9999.12568852
190 9999.50039344
191 9999.50039344
192 9999.62529508
193 9999.62529508
194 9999.62529508
195 9999.62529508
196 9999.62529508
197 9999.62529508
198 9999.62529508
199 9999.62529508
200 9999.62529508
201 9999.62529508
206 9999.75019672
207 9999.87509836
208 9999.87509836
209 9999.87509836
210 9999.87509836
211 9999.87509836
212 9999.87509836
213 9999.87509836
214 9999.87509836
215 9999.87509836
216 9999.87509836
219 10000.0
220 10000.0
221 10000.0
222 10000.0
223 10000.0
224 10000.0
225 10000.0
226 10000.0
227 10000.0
228 10000.0
1501 10000.0
