0 0.0
1 0.0
2 0.0
3 0.0
4 0.0
5 0.0
6 0.0
7 0.0
8 0.0
15 0.151293655311
16 5.46548329813
17 21.2378468643
18 55.4869480855
19 118.860077954
20 218.033069011
21 339.143640088
22 479.03353613
23 624.407827177
24 788.750560259
25 969.546478356
26 1171.88283063
27 1416.97855223
28 1724.8800525
29 2093.3179266
30 2482.48303147
31 2891.42978178
32 3266.95954597
33 3590.69014492
34 3856.96697827
35 4091.26411523
36 4298.21492398
37 4498.84922263
38 4677.05423688
39 4835.34522375
40 4973.79783007
41 5090.19938613
42 5201.04090035
43 5298.49292608
44 5388.51265099
45 5472.27260091
46 5546.02825787
47 5620.12432556
48 5694.0880113
49 5765.25276442
50 5833.10796883
51 5892.24487635
52 5946.95644445
53 5996.37273461
54 6039.20775077
55 6076.84204753
56 6111.7719702
57 6143.67601977
58 6173.68889864
59 6201.31890244
60 6226.0932385
61 6248.27667071
62 6269.83601659
63 6289.33398642
64 6307.3379314
65 6324.45302616
66 6342.23003066
67 6360.06377028
68 6376.68716065
69 6395.4286622
70 6414.86989691
71 6435.25671697
72 6457.62926624
73 6484.8621242
74 6513.19186116
75 6548.34872431
76 6587.85528005
77 6641.26194038
78 6693.2880461
79 6760.65154613
80 6827.46660665
81 6907.25509812
82 6996.17794403
83 7085.74378798
84 7198.41973777
85 7300.46730828
86 7431.96040645
87 7556.53181989
88 7710.35964393
89 7845.06773228
90 7988.66432288
91 8093.62429625
92 8182.24455485
93 8268.5575852
94 8328.12946198
95 8389.15754019
96 8438.25233134
97 8490.73231803
98 8534.79659514
99 8586.06623258
100 8630.37636188
101 8682.53484955
102 8726.63695007
103 8770.58775694
104 8818.45328714
105 8859.49169114
106 8901.58915073
107 8936.40560316
108 8974.00207651
109 9003.88257343
110 9034.57627375
111 9058.00787862
112 9080.13457571
113 9101.05092355
114 9119.71677828
115 9139.44168859
116 9154.15499657
117 9169.85171331
118 9182.9575262
119 9195.36360593
120 9206.12436717
121 9218.17112447
122 9227.43786086
123 9236.26962799
124 9245.66874632
125 9252.81737154
126 9260.07946699
127 9266.28250686
128 9272.05057747
129 9276.64612225
130 9281.75228312
131 9285.89394693
132 9290.62187366
133 9294.38530333
134 9298.64043739
135 9301.98780951
136 9304.80565384
137 9307.32091086
138 9310.21440202
139 9312.63510051
140 9314.5262712
141 9316.96588139
142 9318.66793501
143 9320.25651839
144 9321.75054324
145 9323.0176276
146 9324.60621098
147 9325.55179633
148 9326.95126264
149 9327.85902457
150 9329.10719723
151 9330.27972306
152 9331.47116059
153 9332.41674594
154 9333.36233128
155 9334.30791663
156 9334.91309125
157 9335.83976489
158 9336.52058634
159 9337.29596632
160 9338.09025801
161 9338.75216775
162 9339.24387213
163 9339.92469358
164 9340.39748626
165 9341.059396
166 9341.47545355
167 9342.13736329
168 9342.68580279
169 9343.23424229
170 9343.76377009
171 9344.33112129
172 9344.87956079
173 9345.56038224
174 9346.12773345
175 9346.56270271
176 9346.97876026
177 9347.31917099
178 9347.75414025
179 9348.30257975
180 9348.81319583
181 9349.39945875
182 9349.98572166
183 9350.55307287
184 9351.00695383
185 9351.40409968
186 9352.10383284
187 9352.67118404
188 9353.18180013
189 9353.69241622
190 9354.37323767
191 9354.78929522
192 9355.41338155
193 9355.99964446
194 9356.64264249
195 9357.05870005
196 9357.4747576
197 9357.98537369
198 9358.43925465
199 9358.96878245
200 9359.49831024
201 9395.73314069
202 9438.53033343
203 9500.06902773
204 9567.75402678
205 9611.8561273
206 9642.79567981
207 9658.34110289
208 9669.65030363
209 9677.34736834
210 9682.983057
211 9687.72989544
212 9691.68244218
213 9695.23784308
214 9700.51420931
215 9704.75043166
216 9709.70529887
217 9714.54669584
218 9718.31012552
219 9721.2792635
220 9724.26731319
221 9726.34760096
222 9728.50353554
223 9730.69729355
224 9732.41825887
225 9733.95010713
226 9735.06589784
227 9736.18168855
228 9737.31639097
229 9738.20524119
230 9738.88606264
231 9739.52906067
232 9740.19097042
233 9740.66376309
234 9741.21220259
235 9741.57152502
236 9741.94975916
237 9742.74405085
238 9743.63290107
239 9744.2569874
240 9744.88107373
241 9745.44842494
242 9745.82665908
243 9746.24271663
244 9746.46965711
245 9746.75333272
246 9747.05592003
247 9747.43415416
248 9747.75565318
249 9748.20953415
250 9748.54994487
251 9748.83362048
252 9749.13620779
253 9749.47661851
254 9749.76029411
255 9750.02505801
256 9750.36546874
257 9750.95173165
258 9751.38670091
259 9751.78384675
260 9752.06752236
261 9752.4646682
262 9752.80507893
263 9753.0131077
264 9753.39134184
265 9753.90195793
266 9754.29910377
267 9754.52604426
268 9754.84754327
269 9755.20686571
270 9755.52836472
271 9755.69857009
272 9755.88768715
273 9756.03898081
274 9756.45503836
275 9756.87109591
276 9757.21150664
277 9757.6464759
278 9757.98688662
279 9758.68661978
280 9759.48091147
281 9760.18064462
282 9760.74799583
283 9761.39099387
284 9761.73140459
285 9762.10963873
286 9762.54460799
287 9762.88501871
288 9763.16869432
289 9764.05754454
290 9764.79510111
291 9766.83756546
292 9768.8611181
293 9770.54426001
294 9771.84916779
295 9772.83257655
296 9773.513398
297 9774.04292579
298 9774.44007164
299 9775.04524626
300 9775.61259747
301 9775.9908316
302 9776.5203594
303 9776.84185842
304 9777.27682767
305 9777.6172384
306 9777.93873742
307 9778.39261838
308 9778.7141174
309 9779.16799837
310 9779.56514421
311 9779.96229006
312 9780.34052419
313 9780.66202321
314 9781.00243394
315 9781.38066807
316 9783.13945682
317 9785.20083287
318 9787.07309186
319 9790.57175764
320 9792.70878052
321 9795.11056729
322 9796.7747975
323 9797.5880009
324 9798.30664576
325 9798.74161502
326 9799.19549599
327 9799.72502378
328 9800.19781645
329 9800.51931547
330 9800.8786379
331 9801.29469546
332 9801.59728277
333 9801.88095837
334 9802.03225202
335 9802.25919251
336 9802.46722128
337 9802.63742665
338 9802.82654372
339 9803.01566078
340 9803.16695444
341 9803.3371598
342 9803.43171834
343 9803.62083541
344 9803.69648223
345 9803.77212906
346 9803.92342272
347 9804.03689296
348 9804.18818661
349 9804.32056856
350 9804.4340388
351 9804.4340388
352 9804.50968563
353 9804.60424417
354 9804.6988027
355 9804.79336123
356 9804.85009636
357 9804.9635666
358 9805.09594855
359 9805.15268367
360 9805.22833049
361 9805.36071244
362 9805.37962415
363 9805.45527098
364 9805.5120061
365 9805.64438805
366 9805.77676999
367 9805.85241682
368 9805.87132853
369 9805.92806365
370 9806.02262218
371 9806.11718072
372 9806.17391584
373 9806.26847437
374 9806.47650315
375 9806.58997339
376 9806.70344363
377 9806.74126705
378 9806.76017875
379 9806.85473729
380 9806.94929582
381 9807.00603094
382 9807.10058948
383 9807.11950118
384 9807.19514801
385 9807.27079484
386 9807.30861825
387 9807.36535337
388 9807.38426508
389 9807.47882362
390 9807.49773532
391 9807.53555874
392 9807.57338215
393 9807.61120556
394 9807.63011727
395 9807.66794069
396 9807.68685239
397 9807.7057641
398 9807.72467581
399 9807.72467581
400 9807.78141093
401 9807.81923434
402 9807.89488117
403 9807.970528
404 9808.00835141
405 9808.06508653
406 9808.08399824
407 9808.14073336
408 9808.14073336
409 9808.21638019
410 9808.23529189
411 9808.2542036
412 9808.32985043
413 9808.34876213
414 9808.38658555
415 9808.44332067
416 9808.44332067
417 9808.44332067
418 9808.48114408
419 9808.5189675
420 9808.57570262
421 9808.65134944
422 9808.67026115
423 9808.68917286
424 9808.70808457
425 9808.76481969
426 9808.82155481
427 9808.89720163
428 9808.89720163
429 9808.93502505
430 9808.97284846
431 9808.99176017
432 9809.02958358
433 9809.067407
434 9809.14305382
435 9809.19978895
436 9809.23761236
437 9809.33217089
438 9809.33217089
439 9809.36999431
440 9809.44564114
441 9809.44564114
442 9809.48346455
443 9809.67258162
444 9810.164286
445 9810.76946062
446 9811.99872157
447 9813.47383471
448 9814.45724347
449 9815.0813298
450 9815.51629905
451 9815.76215124
452 9816.12147368
453 9816.32950245
454 9816.51861952
455 9816.70773659
456 9816.91576537
457 9817.10488244
458 9817.33182292
459 9817.46420487
460 9817.57767511
461 9817.61549852
462 9817.67223364
463 9817.76679218
464 9817.86135071
465 9817.91808583
466 9817.95590925
467 9818.01264437
468 9818.06937949
469 9818.18284973
470 9818.20176144
471 9818.22067314
472 9818.25849656
473 9818.33414338
474 9818.3719668
475 9818.3719668
476 9818.40979021
477 9818.46652533
478 9818.54217216
479 9818.59890728
480 9818.61781899
481 9818.6367307
482 9818.6556424
483 9818.6556424
484 9818.67455411
485 9818.75020094
486 9818.76911264
487 9818.78802435
488 9818.78802435
489 9818.80693606
490 9818.90149459
491 9818.9204063
492 9818.95822971
493 9818.99605313
494 9819.05278825
495 9819.09061166
496 9819.10952337
497 9819.10952337
498 9819.10952337
499 9819.12843508
500 9819.16625849
501 9819.22299361
502 9819.22299361
503 9819.29864044
504 9819.33646385
505 9819.39319897
506 9819.39319897
507 9819.44993409
508 9819.44993409
509 9819.4688458
510 9819.50666921
511 9819.63905116
512 9819.94163847
513 9820.5657248
514 9821.09525259
515 9821.49239844
516 9821.71933892
517 9821.90845599
518 9822.07866135
519 9822.13539647
520 9822.32451354
521 9822.40016037
522 9822.51363061
523 9822.57036573
524 9822.64601256
525 9822.70274768
526 9822.83512963
527 9822.91077646
528 9822.94859987
529 9823.0242467
530 9823.09989353
531 9823.23227548
532 9823.2890106
533 9823.32683401
534 9823.36465742
535 9823.42139254
536 9823.42139254
537 9823.49703937
538 9823.51595108
539 9823.51595108
540 9823.59159791
541 9823.61050961
542 9823.68615644
543 9823.68615644
544 9823.70506815
545 9823.74289156
546 9823.74289156
547 9823.8374501
548 9823.8563618
549 9823.89418522
550 9823.91309692
551 9823.95092034
552 9823.96983205
553 9823.98874375
554 9824.02656717
555 9824.02656717
556 9824.08330229
557 9824.08330229
558 9824.1211257
559 9824.15894911
560 9824.17786082
561 9824.17786082
562 9824.17786082
563 9824.17786082
564 9824.17786082
565 9824.17786082
566 9824.21568423
567 9824.23459594
568 9824.27241936
569 9824.29133106
570 9824.34806618
571 9824.36697789
572 9824.36697789
573 9824.36697789
574 9824.4048013
575 9824.42371301
576 9824.42371301
577 9824.42371301
578 9824.46153642
579 9824.49935984
580 9824.51827155
581 9824.55609496
582 9824.59391837
583 9824.59391837
584 9824.65065349
585 9824.65065349
586 9824.68847691
587 9824.70738861
588 9824.72630032
589 9824.78303544
590 9824.82085886
591 9824.87759398
592 9824.91541739
593 9824.97215251
594 9824.97215251
595 9825.00997593
596 9825.04779934
597 9825.12344617
598 9825.18018129
599 9825.2180047
600 9825.25582812
601 9825.25582812
602 9825.29365153
603 9825.33147494
604 9825.42603348
605 9825.53950372
606 9825.78535591
607 9826.3148837
608 9827.07135198
609 9827.9412905
610 9828.54646512
611 9829.15163974
612 9829.41640364
613 9829.81354948
614 9830.04048996
615 9830.17287191
616 9830.34307728
617 9830.55110605
618 9830.66457629
619 9830.683488
620 9830.79695824
621 9830.85369336
622 9830.92934019
623 9830.92934019
624 9831.00498702
625 9831.02389872
626 9831.08063384
627 9831.13736897
628 9831.17519238
629 9831.17519238
630 9831.2319275
631 9831.2319275
632 9831.26975091
633 9831.28866262
634 9831.30757433
635 9831.32648603
636 9831.36430945
637 9831.43995628
638 9831.4966914
639 9831.57233822
640 9831.62907335
641 9831.62907335
642 9831.66689676
643 9831.70472017
644 9831.74254359
645 9831.74254359
646 9831.76145529
647 9831.780367
648 9831.780367
649 9831.79927871
650 9831.83710212
651 9831.83710212
652 9831.85601383
653 9831.95057236
654 9831.96948407
655 9832.0451309
656 9832.0640426
657 9832.13968943
658 9832.13968943
659 9832.13968943
660 9832.17751285
661 9832.23424797
662 9832.25315967
663 9832.30989479
664 9832.57465869
665 9833.53915574
666 9835.24120937
667 9836.81088104
668 9839.21266782
669 9841.65227801
670 9843.73256577
671 9845.56700134
672 9847.06102619
673 9848.1957286
674 9848.89546176
675 9849.50063638
676 9849.8410471
677 9850.31383978
678 9850.61642709
679 9850.88119098
680 9851.18377829
681 9851.31616024
682 9851.56201243
683 9851.80786462
684 9851.97806998
685 9852.09154023
686 9852.2806573
687 9852.37521583
688 9852.50759778
689 9852.5643329
690 9852.65889143
691 9852.69671485
692 9852.73453826
693 9852.8480085
694 9852.90474362
695 9852.94256704
696 9852.96147874
697 9853.03712557
698 9853.09386069
699 9853.13168411
700 9853.20733093
701 9853.26406605
702 9853.28297776
703 9853.35862459
704 9853.47209483
705 9853.49100654
706 9853.54774166
707 9853.56665337
708 9853.60447678
709 9853.68012361
710 9853.73685873
711 9853.77468214
712 9853.77468214
713 9853.81250556
714 9853.83141726
715 9853.85032897
716 9853.86924068
717 9853.90706409
718 9853.9259758
719 9854.00162262
720 9854.02053433
721 9854.03944604
722 9854.03944604
723 9854.07726945
724 9854.07726945
725 9854.09618116
726 9854.17182799
727 9854.22856311
728 9854.28529823
729 9854.36094506
730 9854.43659188
731 9854.493327
732 9854.55006212
733 9854.56897383
734 9854.56897383
735 9854.64462066
736 9854.68244407
737 9854.73917919
738 9854.77700261
739 9854.81482602
740 9854.83373773
741 9854.89047285
742 9854.94720797
743 9854.96611968
744 9855.00394309
745 9855.09850163
746 9855.11741333
747 9855.15523675
748 9855.23088357
749 9855.26870699
750 9855.26870699
751 9855.32544211
752 9855.38217723
753 9855.42000064
754 9855.45782406
755 9855.47673576
756 9855.47673576
757 9855.55238259
758 9855.59020601
759 9855.64694113
760 9855.70367625
761 9855.74149966
762 9855.81714649
763 9855.83605819
764 9855.87388161
765 9855.89279332
766 9855.93061673
767 9856.02517526
768 9856.08191038
769 9856.1197338
770 9856.15755721
771 9856.21429233
772 9856.25211575
773 9856.30885087
774 9856.32776257
775 9856.36558599
776 9856.44123282
777 9856.51687964
778 9856.57361476
779 9856.63034989
780 9856.64926159
781 9856.74382013
782 9856.74382013
783 9856.76273183
784 9856.80055525
785 9856.85729037
786 9856.91402549
787 9856.9329372
788 9857.02749573
789 9857.14096597
790 9857.17878939
791 9857.25443621
792 9857.27334792
793 9857.34899475
794 9857.42464158
795 9857.46246499
796 9857.5002884
797 9857.51920011
798 9857.55702352
799 9857.63267035
800 9857.67049377
801 9857.67049377
802 9857.74614059
803 9857.78396401
804 9857.82178742
805 9857.84069913
806 9857.91634596
807 9857.93525766
808 9857.93525766
809 9857.99199278
810 9858.06763961
811 9858.06763961
812 9858.12437473
813 9858.14328644
814 9858.16219815
815 9858.16219815
816 9858.21893327
817 9858.33240351
818 9858.35131521
819 9858.40805034
820 9858.42696204
821 9858.42696204
822 9858.42696204
823 9858.48369716
824 9858.50260887
825 9858.55934399
826 9858.5782557
827 9858.5971674
828 9858.63499082
829 9858.69172594
830 9859.27798885
831 9861.69868734
832 9866.40770236
833 9870.75739495
834 9877.11172847
835 9886.58649364
836 9897.17704951
837 9909.469659
838 9919.41721684
839 9930.2536249
840 9938.63151106
841 9946.04490017
842 9950.98085568
843 9955.1414312
844 9958.50771503
845 9961.62814667
846 9963.78408126
847 9965.50504659
848 9967.20710021
849 9968.5309197
850 9969.87365089
851 9971.08400013
852 9972.52128985
853 9973.69381568
854 9974.97981175
855 9975.90648539
856 9976.56839513
857 9977.23030488
858 9977.98677315
859 9978.78106484
860 9979.06474045
861 9979.65100336
862 9979.99141408
863 9980.53985359
864 9980.78570578
865 9981.1261165
866 9981.3908804
867 9981.57999747
868 9981.69346771
869 9981.88258478
870 9982.07170185
871 9982.24190721
872 9982.44993598
873 9982.63905305
874 9982.69578817
875 9982.82817012
876 9983.0361989
877 9983.20640426
878 9983.28205109
879 9983.37660962
880 9983.5846384
881 9983.81157888
882 9984.01960766
883 9984.22763643
884 9984.3978418
885 9984.53022374
886 9984.60587057
887 9984.79498764
888 9984.9462813
889 9985.02192812
890 9985.28669202
891 9985.36233885
892 9985.4947208
893 9985.62710275
894 9985.75948469
895 9985.85404323
896 9985.98642518
897 9986.08098371
898 9986.15663054
899 9986.28901249
900 9986.42139444
901 9986.55377638
902 9986.70507004
903 9986.76180516
904 9986.8752754
905 9986.96983394
906 9987.04548076
907 9987.10221588
908 9987.17786271
909 9987.23459783
910 9987.32915637
911 9987.34806807
912 9987.38589149
913 9987.38589149
914 9987.44262661
915 9987.46153832
916 9987.49936173
917 9987.55609685
918 9987.57500856
919 9987.63174368
920 9987.6884788
921 9987.72630221
922 9987.74521392
923 9987.74521392
924 9987.74521392
925 9987.82086075
926 9987.82086075
927 9987.82086075
928 9987.83977245
929 9987.83977245
930 9987.83977245
931 9987.89650757
932 9987.91541928
933 9987.93433099
934 9987.9532427
935 9987.9721544
936 9988.00997782
937 9988.00997782
938 9988.06671294
939 9988.08562464
940 9988.08562464
941 9988.10453635
942 9988.12344806
943 9988.14235976
944 9988.14235976
945 9988.16127147
946 9988.19909489
947 9988.2369183
948 9988.25583001
949 9988.27474171
950 9988.29365342
951 9988.35038854
952 9988.38821195
953 9988.42603537
954 9988.44494708
955 9988.46385878
956 9988.48277049
957 9988.5016822
958 9988.53950561
959 9988.55841732
960 9988.55841732
961 9988.57732902
962 9988.61515244
963 9988.67188756
964 9988.74753439
965 9988.7853578
966 9988.82318121
967 9988.84209292
968 9988.91773975
969 9988.95556316
970 9988.97447487
971 9988.97447487
972 9989.01229828
973 9989.01229828
974 9989.01229828
975 9989.0690334
976 9989.14468023
977 9989.16359194
978 9989.18250365
979 9989.23923877
980 9989.29597389
981 9989.3337973
982 9989.37162071
983 9989.37162071
984 9989.37162071
985 9989.46617925
986 9989.48509096
987 9989.48509096
988 9989.50400266
989 9989.54182608
990 9989.56073778
991 9989.5985612
992 9989.65529632
993 9989.65529632
994 9989.65529632
995 9989.65529632
996 9989.67420802
997 9989.71203144
998 9989.71203144
999 9989.71203144
1000 9989.71203144
1001 9989.73094315
1002 9989.73094315
1003 9989.73094315
1004 9989.73094315
1005 9989.73094315
1006 9989.74985485
1007 9989.74985485
1008 9989.78767827
1009 9989.84441339
1010 9989.84441339
1011 9989.84441339
1012 9989.86332509
1013 9989.86332509
1014 9989.86332509
1015 9989.86332509
1016 9989.86332509
1017 9989.86332509
1018 9989.90114851
1019 9989.92006021
1020 9989.92006021
1021 9989.92006021
1022 9989.92006021
1023 9989.93897192
1024 9989.95788363
1025 9989.97679534
1026 9989.97679534
1027 9989.97679534
1028 9989.99570704
1029 9990.01461875
1030 9990.01461875
1031 9990.05244216
1032 9990.07135387
1033 9990.09026558
1034 9990.10917728
1035 9990.10917728
1036 9990.1470007
1037 9990.1470007
1038 9990.1470007
1039 9990.1470007
1040 9990.18482411
1041 9990.22264753
1042 9990.22264753
1043 9990.24155923
1044 9990.24155923
1045 9990.24155923
1046 9990.24155923
1047 9990.24155923
1048 9990.26047094
1049 9990.27938265
1050 9990.27938265
1051 9990.27938265
1052 9990.27938265
1053 9990.27938265
1054 9990.31720606
1055 9990.31720606
1056 9990.31720606
1057 9990.31720606
1058 9990.31720606
1059 9990.33611777
1060 9990.37394118
1061 9990.37394118
1062 9990.37394118
1063 9990.39285289
1064 9990.39285289
1065 9990.39285289
1066 9990.39285289
1067 9990.41176459
1068 9990.41176459
1069 9990.46849972
1070 9990.48741142
1071 9990.48741142
1072 9990.50632313
1073 9990.50632313
1074 9990.50632313
1075 9990.52523484
1076 9990.52523484
1077 9990.54414654
1078 9990.56305825
1079 9990.58196996
1080 9990.58196996
1081 9990.60088166
1082 9990.63870508
1083 9990.63870508
1084 9990.63870508
1085 9990.65761678
1086 9990.65761678
1087 9990.67652849
1088 9990.6954402
1089 9990.6954402
1090 9990.71435191
1091 9990.73326361
1092 9990.75217532
1093 9990.77108703
1094 9990.80891044
1095 9990.80891044
1096 9990.82782215
1097 9990.84673385
1098 9990.86564556
1099 9990.86564556
1100 9990.88455727
1101 9990.88455727
1102 9990.90346897
1103 9990.92238068
1104 9990.96020409
1105 9990.96020409
1106 9990.96020409
1107 9990.99802751
1108 9990.99802751
1109 9991.03585092
1110 9991.03585092
1111 9991.05476263
1112 9991.09258604
1113 9991.09258604
1114 9991.09258604
1115 9991.13040946
1116 9991.13040946
1117 9991.14932116
1118 9991.14932116
1119 9991.14932116
1120 9991.14932116
1121 9991.22496799
1122 9991.2438797
1123 9991.28170311
1124 9991.28170311
1125 9991.30061482
1126 9991.31952653
1127 9991.33843823
1128 9991.33843823
1129 9991.35734994
1130 9991.39517335
1131 9991.41408506
1132 9991.47082018
1133 9991.5275553
1134 9991.54646701
1135 9991.56537872
1136 9991.58429042
1137 9991.58429042
1138 9991.62211384
1139 9991.64102554
1140 9991.65993725
1141 9991.69776066
1142 9991.69776066
1143 9991.69776066
1144 9991.69776066
1145 9991.71667237
1146 9991.71667237
1147 9991.71667237
1148 9991.71667237
1149 9991.75449579
1150 9991.77340749
1151 9991.77340749
1152 9991.81123091
1153 9991.86796603
1154 9991.90578944
1155 9991.90578944
1156 9991.94361285
1157 9991.94361285
1158 9991.98143627
1159 9992.00034798
1160 9992.0570831
1161 9992.0759948
1162 9992.09490651
1163 9992.11381822
1164 9992.11381822
1165 9992.13272992
1166 9992.17055334
1167 9992.17055334
1168 9992.17055334
1169 9992.18946504
1170 9992.20837675
1171 9992.20837675
1172 9992.24620017
1173 9992.26511187
1174 9992.30293529
1175 9992.32184699
1176 9992.3407587
1177 9992.35967041
1178 9992.43531723
1179 9992.45422894
1180 9992.47314065
1181 9992.49205235
1182 9992.51096406
1183 9992.54878748
1184 9992.54878748
1185 9992.58661089
1186 9992.6244343
1187 9992.64334601
1188 9992.70008113
1189 9992.70008113
1190 9992.71899284
1191 9992.77572796
1192 9992.81355137
1193 9992.81355137
1194 9992.83246308
1195 9992.87028649
1196 9992.90810991
1197 9992.94593332
1198 9992.94593332
1199 9992.98375673
1200 9993.02158015
1201 9993.07831527
1202 9993.09722698
1203 9993.09722698
1204 9993.09722698
1205 9993.13505039
1206 9993.1539621
1207 9993.1728738
1208 9993.19178551
1209 9993.21069722
1210 9993.22960892
1211 9993.24852063
1212 9993.28634405
1213 9993.30525575
1214 9993.32416746
1215 9993.34307917
1216 9993.36199087
1217 9993.39981429
1218 9993.41872599
1219 9993.53219624
1220 9993.60784306
1221 9993.64566648
1222 9993.7024016
1223 9993.75913672
1224 9993.75913672
1225 9993.77804843
1226 9993.77804843
1227 9993.77804843
1228 9993.85369525
1229 9993.89151867
1230 9993.94825379
1231 9993.9860772
1232 9994.04281232
1233 9994.09954744
1234 9994.17519427
1235 9994.23192939
1236 9994.30757622
1237 9994.36431134
1238 9994.40213475
1239 9994.43995817
1240 9994.49669329
1241 9994.55342841
1242 9994.61016353
1243 9994.62907524
1244 9994.64798694
1245 9994.68581036
1246 9994.81819231
1247 9994.85601572
1248 9994.89383913
1249 9994.93166255
1250 9994.96948596
1251 9994.98839767
1252 9994.98839767
1253 9995.02622108
1254 9995.13969132
1255 9995.17751474
1256 9995.19642644
1257 9995.30989669
1258 9995.32880839
1259 9995.36663181
1260 9995.42336693
1261 9995.51792546
1262 9995.57466058
1263 9995.68813082
1264 9995.76377765
1265 9995.82051277
1266 9995.87724789
1267 9995.93398301
1268 9995.99071813
1269 9995.99071813
1270 9996.06636496
1271 9996.14201179
1272 9996.19874691
1273 9996.21765862
1274 9996.27439374
1275 9996.31221715
1276 9996.36895227
1277 9996.38786398
1278 9996.4445991
1279 9996.48242251
1280 9996.50133422
1281 9996.55806934
1282 9996.57698105
1283 9996.61480446
1284 9996.63371617
1285 9996.69045129
1286 9996.74718641
1287 9996.80392153
1288 9996.84174495
1289 9996.89848007
1290 9996.93630348
1291 9996.97412689
1292 9997.03086201
1293 9997.03086201
1294 9997.12542055
1295 9997.14433226
1296 9997.20106738
1297 9997.23889079
1298 9997.31453762
1299 9997.33344932
1300 9997.39018445
1301 9997.39018445
1302 9997.42800786
1303 9997.48474298
1304 9997.52256639
1305 9997.56038981
1306 9997.56038981
1307 9997.61712493
1308 9997.61712493
1309 9997.65494834
1310 9997.69277176
1311 9997.71168346
1312 9997.74950688
1313 9997.76841858
1314 9997.78733029
1315 9997.84406541
1316 9997.86297712
1317 9997.90080053
1318 9997.97644736
1319 9997.97644736
1320 9998.01427077
1321 9998.01427077
1322 9998.03318248
1323 9998.05209419
1324 9998.12774102
1325 9998.14665272
1326 9998.14665272
1327 9998.14665272
1328 9998.14665272
1329 9998.18447614
1330 9998.22229955
1331 9998.22229955
1332 9998.22229955
1333 9998.22229955
1334 9998.26012296
1335 9998.26012296
1336 9998.27903467
1337 9998.29794638
1338 9998.29794638
1339 9998.33576979
1340 9998.37359321
1341 9998.37359321
1342 9998.44924003
1343 9998.50597515
1344 9998.52488686
1345 9998.56271027
1346 9998.58162198
1347 9998.60053369
1348 9998.60053369
1349 9998.6383571
1350 9998.65726881
1351 9998.67618052
1352 9998.67618052
1353 9998.69509222
1354 9998.71400393
1355 9998.78965076
1356 9998.78965076
1357 9998.80856246
1358 9998.82747417
1359 9998.88420929
1360 9998.88420929
1361 9998.92203271
1362 9998.95985612
1363 9998.99767953
1364 9999.01659124
1365 9999.03550295
1366 9999.03550295
1367 9999.05441465
1368 9999.07332636
1369 9999.09223807
1370 9999.13006148
1371 9999.14897319
1372 9999.14897319
1373 9999.1678849
1374 9999.1867966
1375 9999.20570831
1376 9999.22462002
1377 9999.22462002
1378 9999.24353172
1379 9999.24353172
1380 9999.24353172
1381 9999.24353172
1382 9999.28135514
1383 9999.28135514
1384 9999.31917855
1385 9999.31917855
1386 9999.31917855
1387 9999.31917855
1388 9999.33809026
1389 9999.33809026
1390 9999.35700196
1391 9999.35700196
1392 9999.35700196
1393 9999.37591367
1394 9999.41373709
1395 9999.43264879
1396 9999.43264879
1397 9999.4515605
1398 9999.4515605
1399 9999.47047221
1400 9999.48938391
1401 9999.48938391
1402 9999.50829562
1403 9999.50829562
1404 9999.50829562
1405 9999.52720733
1406 9999.54611903
1407 9999.54611903
1408 9999.56503074
1409 9999.56503074
1410 9999.56503074
1411 9999.56503074
1412 9999.56503074
1413 9999.56503074
1414 9999.56503074
1415 9999.56503074
1416 9999.56503074
1417 9999.56503074
1418 9999.58394245
1419 9999.58394245
1420 9999.60285415
1421 9999.62176586
1422 9999.62176586
1423 9999.62176586
1424 9999.62176586
1425 9999.62176586
1426 9999.62176586
1427 9999.64067757
1428 9999.64067757
1429 9999.64067757
1430 9999.64067757
1431 9999.64067757
1432 9999.65958928
1433 9999.65958928
1434 9999.65958928
1435 9999.65958928
1436 9999.65958928
1437 9999.65958928
1438 9999.65958928
1439 9999.65958928
1440 9999.67850098
1441 9999.67850098
1442 9999.67850098
1443 9999.67850098
1444 9999.67850098
1445 9999.67850098
1446 9999.69741269
1447 9999.69741269
1448 9999.69741269
1449 9999.69741269
1450 9999.69741269
1451 9999.69741269
1452 9999.69741269
1453 9999.69741269
1454 9999.69741269
1455 9999.69741269
1463 9999.7163244
1464 9999.7163244
1465 9999.7163244
1466 9999.7163244
1467 9999.7163244
1468 9999.7163244
1469 9999.7163244
1470 9999.7163244
1471 9999.7163244
1472 9999.7163244
1478 9999.7352361
1479 9999.7352361
1480 9999.7352361
1481 9999.75414781
1482 9999.77305952
1483 9999.81088293
1484 9999.81088293
1485 9999.81088293
1486 9999.82979464
1487 9999.84870634
1488 9999.84870634
1489 9999.84870634
1490 9999.84870634
1491 9999.84870634
1492 9999.84870634
1493 9999.84870634
1494 9999.84870634
1495 9999.84870634
1496 9999.84870634
1501 10000.0
