0 0.0
1 14.8935548871
2 4573.5868158
3 4948.4890667
4 5142.80290862
5 5348.42482
6 5489.54044136
7 5613.03688994
8 5704.29641743
9 6644.50479741
10 9006.38248855
11 9683.60119019
12 9736.96164991
13 9764.07181354
14 9782.46973428
15 9795.04326918
16 9804.25845347
17 9812.74356154
18 9819.16823227
19 9824.73303546
20 9828.88635796
21 9833.21814353
22 9837.07943554
23 9840.8920558
24 9845.09405004
25 9848.4037289
26 9852.91397755
27 9857.81360018
28 9863.28105988
29 9868.05089118
30 9873.38855954
31 9878.33685392
32 9882.32793726
33 9886.17300535
34 9890.05052127
35 9894.59321775
36 9898.56807717
37 9903.27301281
38 9907.88060496
39 9911.95280787
40 9915.52206939
41 9918.81552434
42 9921.97918796
43 9925.20774724
44 9928.3065152
45 9931.40528316
46 9935.59105348
47 9939.30633025
48 9942.9080396
49 9945.58498574
50 9948.47284279
51 9951.53916291
52 9954.55681129
53 9957.70425099
54 9959.87825573
55 9962.21449964
56 9963.78821949
57 9965.78376116
58 9967.45482451
59 9969.28812701
60 9971.28366868
61 9973.10074727
62 9974.98272153
63 9976.45909789
64 9978.01659382
65 9979.24961144
66 9980.38528556
67 9981.3424966
68 9982.54306639
69 9983.56517309
70 9984.63595155
71 9985.34980385
72 9985.98253658
73 9987.03709112
74 9987.86451083
75 9988.48101964
76 9989.0488567
77 9989.66536551
78 9990.41166564
79 9991.1741897
80 9991.54733976
81 9991.9853855
82 9992.45587906
83 9992.91014871
84 9993.36441836
85 9993.83491192
86 9994.17561416
87 9994.53254031
88 9994.93813821
89 9995.21394478
90 9995.47352744
91 9995.68443834
92 9996.02514058
93 9996.28472324
94 9996.41451456
95 9996.7552168
96 9996.93367988
97 9997.09591904
98 9997.24193428
99 9997.48529302
100 9997.61508435
101 9997.80977134
102 9997.9720105
103 9998.03690616
104 9998.18292141
105 9998.36138448
106 9998.41005623
107 9998.58851931
108 9998.71831064
109 9998.79943022
110 9998.92922154
111 9998.99411721
112 9999.0914607
113 9999.15635637
114 9999.23747595
115 9999.2861477
116 9999.33481944
117 9999.38349119
118 9999.38349119
119 9999.41593902
120 9999.48083469
121 9999.4970586
122 9999.51328252
123 9999.54573035
124 9999.57817818
125 9999.5944021
126 9999.64307385
127 9999.64307385
128 9999.64307385
129 9999.67552168
130 9999.67552168
131 9999.67552168
132 9999.6917456
133 9999.70796951
134 9999.72419343
135 9999.74041734
136 9999.74041734
137 9999.77286518
138 9999.77286518
139 9999.78908909
140 9999.78908909
141 9999.80531301
142 9999.80531301
143 9999.80531301
144 9999.80531301
145 9999.80531301
146 9999.80531301
147 9999.80531301
148 9999.80531301
149 9999.80531301
150 9999.80531301
163 9999.82153692
164 9999.82153692
165 9999.82153692
166 9999.82153692
167 9999.82153692
168 9999.82153692
169 9999.82153692
170 9999.82153692
171 9999.83776084
172 9999.83776084
173 9999.85398476
174 9999.85398476
175 9999.85398476
176 9999.85398476
177 9999.85398476
178 9999.85398476
179 9999.85398476
180 9999.85398476
181 9999.85398476
182 9999.85398476
193 9999.87020867
194 9999.87020867
195 9999.87020867
196 9999.87020867
197 9999.87020867
198 9999.87020867
199 9999.87020867
200 9999.87020867
201 9999.87020867
202 9999.87020867
207 9999.88643259
208 9999.88643259
209 9999.88643259
210 9999.88643259
211 9999.88643259
212 9999.88643259
213 9999.88643259
214 9999.88643259
215 9999.88643259
216 9999.88643259
339 9999.9026565
340 9999.9026565
341 9999.9026565
342 9999.9026565
343 9999.9026565
344 9999.9026565
345 9999.9026565
346 9999.9026565
347 9999.9026565
348 9999.9026565
367 9999.91888042
368 9999.91888042
369 9999.91888042
370 9999.91888042
371 9999.91888042
372 9999.91888042
373 9999.91888042
374 9999.91888042
375 9999.91888042
376 9999.91888042
378 9999.93510434
379 9999.93510434
380 9999.95132825
381 9999.95132825
382 9999.95132825
383 9999.95132825
384 9999.96755217
385 9999.98377608
386 9999.98377608
387 9999.98377608
388 9999.98377608
389 9999.98377608
390 9999.98377608
391 9999.98377608
392 9999.98377608
393 10000.0
394 10000.0
395 10000.0
396 10000.0
397 10000.0
398 10000.0
399 10000.0
400 10000.0
401 10000.0
402 10000.0
1501 10000.0
