0 0.0
1 0.0
2 0.0
3 0.0
4 0.0
5 0.0
6 0.0
7 0.0
8 0.0
55 0.0443506575872
56 0.647519600773
57 1.95142893384
58 5.80106601241
59 15.9218860738
60 39.8357606448
61 78.7401574803
62 103.452343888
63 153.683898671
64 211.650208138
65 241.427239642
66 260.24078859
67 276.694882555
68 289.982339568
69 299.012133453
70 305.913095773
71 311.040031791
72 315.519448207
73 319.617448968
74 323.564657493
75 327.281242599
76 330.439009419
77 333.401633346
78 336.373127404
79 339.717166986
80 343.859518405
81 347.992999692
82 351.753935456
83 354.964923065
84 357.688053441
85 359.994287635
86 362.956911562
87 365.103483389
88 366.797678509
89 368.598315207
90 370.283640196
91 371.844783343
92 373.068861492
93 374.967069637
94 376.501602389
95 378.284498824
96 379.641628946
97 381.131811041
98 383.225162079
99 384.670993517
100 385.779759957
101 386.67564324
102 387.66909797
103 388.440799412
104 389.159280065
105 389.94872177
106 390.454319266
107 391.465514259
108 392.671852146
109 393.612086086
110 394.321696608
111 394.898255156
112 395.324021469
113 396.219904753
114 397.035956852
115 397.585905006
116 398.162463555
117 398.756762367
118 399.155918285
119 399.555074203
120 400.175983409
121 400.7081913
122 401.479892742
123 402.233853921
124 402.641879971
125 403.10312681
126 403.555503517
127 404.398166012
128 405.152127191
129 405.613374029
130 406.110101394
131 406.509257313
132 406.935023626
133 407.396270465
134 407.77768612
135 408.380855063
136 408.975153875
137 409.374309793
138 409.782335843
139 410.075050183
140 410.35002426
141 410.624998337
142 410.82014123
143 410.970933466
144 411.245907543
145 411.512011489
146 411.804725829
147 412.132920695
148 412.753829901
149 413.339258581
150 413.880336604
151 414.32384318
152 414.669778309
153 415.104414753
154 415.539051198
155 415.991427905
156 417.180025528
157 418.173480258
158 418.714558281
159 419.113714199
160 419.433038934
161 419.7612338
162 420.062818271
163 420.328922217
164 420.515194979
165 420.728078135
166 421.003052212
167 421.180454843
168 421.411078262
169 421.553000366
170 421.765883523
171 421.969896548
172 422.227130362
173 422.369052466
174 422.581935622
175 422.768208384
176 422.901260357
177 423.043182461
178 423.264935749
179 423.460078643
180 423.681831931
181 423.859234561
182 424.010026797
183 424.20516969
184 424.489013899
185 424.719637318
186 425.02122179
187 425.305065998
188 425.571169944
189 425.881624547
190 426.183209018
191 426.733157173
192 427.549209272
193 428.108027558
194 428.533793871
195 429.154703077
196 429.766742151
197 430.192508464
198 430.706976092
199 431.398846351
200 432.046365951
201 433.057560944
202 434.911418432
203 436.144366713
204 437.022509733
205 437.501496835
206 437.820821569
207 438.140146304
208 438.521561959
209 438.858626957
210 439.115860771
211 439.390834848
212 439.63919853
213 439.93191287
214 440.171406421
215 440.419770104
216 440.623783129
217 440.854406548
218 441.111640362
219 441.315653387
220 441.466445623
221 441.670458648
222 441.874471673
223 442.016393777
224 442.21153667
225 442.415549695
226 442.610692589
227 442.699393904
228 442.867926403
229 443.089679691
230 443.302562847
231 443.559796661
232 444.109744815
233 444.72178389
234 445.528965858
235 446.407108878
236 448.048083209
237 449.901940696
238 452.456538573
239 457.477033012
240 462.346735215
241 466.941463341
242 469.726684638
243 472.653828038
244 475.651932491
245 481.364297188
246 485.107492689
247 488.424921876
248 494.554182755
249 501.419664549
250 507.309431877
251 513.358861572
252 526.55761727
253 540.244230201
254 553.700219713
255 560.831805453
256 566.624001334
257 570.535729333
258 573.666885759
259 576.620639554
260 579.05105559
261 581.295198864
262 583.157926483
263 584.887602128
264 586.342303697
265 588.045368949
266 589.429109465
267 591.167655243
268 592.711058127
269 594.139149301
270 595.310006661
271 596.436513364
272 597.536409672
273 598.28150072
274 599.141903477
275 599.74507242
276 600.259540048
277 600.649825835
278 601.040111622
279 601.421527277
280 601.785202669
281 602.219839114
282 602.459332665
283 602.805267794
284 603.071371739
285 603.399566605
286 603.674540682
287 603.878553707
288 604.109177127
289 604.313190152
290 604.526073308
291 604.774436991
292 605.022800673
293 605.271164356
294 605.492917643
295 605.741281326
296 605.936424219
297 606.149307376
298 606.371060664
299 606.592813952
300 606.81456724
301 607.080671185
302 607.302424473
303 607.497567366
304 607.719320654
305 607.932203811
306 608.082996047
307 608.384580518
308 608.588593543
309 608.801476699
310 609.032100119
311 609.244983275
312 609.4489963
313 609.750580772
314 609.990074323
315 610.2650484
316 610.584373135
317 610.806126422
318 611.019009579
319 611.240762867
320 611.43590576
321 611.684269443
322 611.861672073
323 612.110035756
324 612.340659175
325 612.642243647
326 612.846256671
327 613.13010088
328 613.280893116
329 613.476036009
330 613.804230875
331 613.990503637
332 614.256607583
333 614.363049161
334 614.59367258
335 614.771075211
336 614.966218104
337 615.11701034
338 615.29441297
339 615.462945469
340 615.684698757
341 615.924192308
342 616.083854675
343 616.208036517
344 616.358828752
345 616.474140462
346 616.624932698
347 616.81120546
348 616.970867827
349 617.174880852
350 617.343413351
351 617.440984797
352 617.662738085
353 617.795790058
354 617.946582294
355 618.168335582
356 618.443309659
357 618.540881106
358 618.647322684
359 618.86020584
360 619.126309786
361 619.285972153
362 619.419024126
363 619.623037151
364 619.773829387
365 619.942361885
366 620.128634647
367 620.270556752
368 620.394738593
369 620.563271092
370 620.705193196
371 620.900336089
372 621.024517931
373 621.184180298
374 621.388193323
375 621.556725822
376 621.672037531
377 621.858310293
378 622.106673976
379 622.284076606
380 622.381648053
381 622.434868842
382 622.550180552
383 622.709842919
384 622.851765023
385 622.975946864
386 623.100128706
387 623.259791073
388 623.410583309
389 623.543635281
390 623.623466465
391 623.747648306
392 623.862960016
393 623.933921068
394 624.102453567
395 624.244375671
396 624.439518565
397 624.581440669
398 624.70562251
399 624.794323825
400 624.971726456
401 625.024947245
402 625.122518692
403 625.202349875
404 625.308791453
405 625.415233032
406 625.530544741
407 625.663596714
408 625.752298029
409 625.876479871
410 625.982921449
411 626.178064342
412 626.249025394
413 626.373207236
414 626.470778682
415 626.586090392
416 626.736882628
417 626.843324206
418 626.905415127
419 626.976376179
420 627.10055802
421 627.206999598
422 627.357791834
423 627.455363281
424 627.561804859
425 627.650506174
426 627.748077621
427 627.86338933
428 628.005311435
429 628.200454328
430 628.280285512
431 628.38672709
432 628.493168668
433 628.608480378
434 628.697181693
435 628.79475314
436 628.874584323
437 628.998766165
438 629.140688269
439 629.273740242
440 629.371311688
441 629.486623398
442 629.566454582
443 629.646285765
444 629.761597475
445 629.921259843
446 630.045441684
447 630.14301313
448 630.249454709
449 630.364766418
450 630.444597602
451 630.595389838
452 630.675221022
453 630.799402863
454 630.896974309
455 630.976805493
456 631.07437694
457 631.163078255
458 631.278389965
459 631.331610754
460 631.4291822
461 631.54449391
462 631.615454962
463 631.739636804
464 631.872688776
465 631.961390092
466 632.103312196
467 632.218623906
468 632.316195352
469 632.42263693
470 632.546818772
471 632.697611007
472 632.777442191
473 632.910494164
474 633.034676005
475 633.0612864
476 633.132247452
477 633.23868903
478 633.345130608
479 633.424961792
480 633.504792976
481 633.602364422
482 633.664455343
483 633.788637184
484 633.948299551
485 634.063611261
486 634.134572313
487 634.23214376
488 634.320845075
489 634.471637311
490 634.578078889
491 634.720000993
492 634.826442572
493 634.968364676
494 635.092546517
495 635.190117964
496 635.287689411
497 635.376390726
498 635.51831283
499 635.660234934
500 635.766676513
501 635.890858354
502 636.04165059
503 636.201312957
504 636.307754535
505 636.467416902
506 636.556118218
507 636.715780585
508 636.8044819
509 637.008494925
510 637.132676766
511 637.363300186
512 637.602793737
513 637.771326235
514 637.97533926
515 638.232573074
516 638.454326362
517 638.888962807
518 639.217157673
519 639.820326616
520 640.361404639
521 640.964573582
522 641.683054235
523 642.490236203
524 643.607872774
525 644.894041844
526 645.967327758
527 647.572821562
528 649.275886814
529 651.2982768
530 653.533549942
531 656.008316635
532 658.660485959
533 661.392486466
534 664.949409205
535 668.293448787
536 672.426930074
537 676.329787942
538 681.039827778
539 685.882919586
540 691.045336129
541 696.234363067
542 701.733844608
543 707.694572987
544 714.063327417
545 720.299029874
546 727.270953246
547 733.66631807
548 741.02852723
549 748.239944154
550 755.832776733
551 763.585271679
552 770.752337945
553 778.291949735
554 786.443600599
555 794.781524226
556 803.154928378
557 811.200137664
558 819.919476946
559 828.505764255
560 837.606519192
561 846.627442945
562 855.240340649
563 863.737926642
564 872.137941189
565 881.043553233
566 889.62097041
567 898.33143956
568 906.953207395
569 915.424182994
570 923.983859909
571 932.667718664
572 941.546720313
573 949.787072493
574 959.047489797
575 967.899881052
576 977.30222046
577 986.154611714
578 994.962652311
579 1005.0923425
580 1014.90270796
581 1025.17432026
582 1035.74751703
583 1046.54246709
584 1058.02041727
585 1069.79108179
586 1082.39553868
587 1095.47898267
588 1108.39389416
589 1122.66593577
590 1137.72741908
591 1153.35659082
592 1170.02356794
593 1186.82359703
594 1204.75013283
595 1224.14911046
596 1243.84967256
597 1265.11137781
598 1286.02714792
599 1307.72348962
600 1330.66164972
601 1352.81036812
602 1376.54684006
603 1400.87761081
604 1423.83351118
605 1448.35055469
606 1472.63697479
607 1496.3645766
608 1519.87929525
609 1542.49813062
610 1564.5847581
611 1586.8753986
612 1608.48303898
613 1630.08180922
614 1649.8888129
615 1669.08377751
616 1688.01263816
617 1707.62449895
618 1726.48239855
619 1742.97197305
620 1759.34623583
621 1775.95112203
622 1791.71334573
623 1807.69732273
624 1821.94275395
625 1835.39874346
626 1849.05874599
627 1862.93163169
628 1876.00620554
629 1888.11393507
630 1900.31923603
631 1911.7350953
632 1922.81388956
633 1933.34273567
634 1944.35056889
635 1954.87054487
636 1965.48809229
637 1975.88388643
638 1986.25307017
639 1996.11665642
640 2005.55447636
641 2015.2761405
642 2024.59864872
643 2033.74375432
644 2043.23479504
645 2051.84769275
646 2060.40736966
647 2069.13557907
648 2077.94361967
649 2086.87584211
650 2094.69929811
651 2102.70015674
652 2111.25983365
653 2119.52679622
654 2127.91794064
655 2135.70591611
656 2142.92620317
657 2151.14881508
658 2159.04323213
659 2166.93764918
660 2174.46839084
661 2182.11444421
662 2189.70727679
663 2197.68152502
664 2205.16791602
665 2212.77848887
666 2219.92781487
667 2227.35211495
668 2235.0779995
669 2242.20958524
670 2249.69597624
671 2257.12027632
672 2263.48903075
673 2270.9044607
674 2278.14248802
675 2285.77967126
676 2292.44114002
677 2299.95414142
678 2306.91719466
679 2314.58098829
680 2321.90771693
681 2328.64014675
682 2335.85156367
683 2342.7259156
684 2349.64461818
685 2356.8826455
686 2363.0739973
687 2369.19438805
688 2376.26388286
689 2383.29789716
690 2390.34965171
691 2397.21513351
692 2403.56614768
693 2410.20987618
694 2417.07535798
695 2424.23355411
696 2430.65552933
697 2437.4589202
698 2444.48406437
699 2451.42050721
700 2458.51661243
701 2464.94745778
702 2471.13880958
703 2478.15508361
704 2484.92299395
705 2491.74412509
706 2498.52090557
707 2505.04045223
708 2511.701921
709 2518.65610411
710 2525.60141709
711 2532.44028849
712 2538.78243253
713 2545.23988827
714 2552.06101941
715 2558.69587778
716 2564.90496985
717 2571.32694506
718 2577.24332279
719 2583.97575261
720 2590.58400059
721 2597.26320962
722 2603.16184708
723 2609.34432875
724 2615.4647195
725 2621.72703235
726 2628.1578777
727 2634.58872305
728 2641.14375024
729 2647.38832283
730 2653.73046686
731 2660.43628629
732 2666.49458612
733 2672.47305476
734 2678.99260142
735 2685.38796625
736 2691.75672068
737 2698.10773484
738 2704.36117756
739 2710.57913976
740 2716.97450458
741 2723.41422006
742 2729.7563641
743 2735.62839116
744 2741.83748322
745 2748.24171818
746 2754.79674537
747 2761.4759544
748 2767.4987737
749 2773.77882682
750 2780.20080204
751 2786.79130975
752 2793.25763563
753 2799.35141598
754 2805.87096265
755 2812.37276905
756 2819.22938071
757 2825.52717409
758 2831.68304536
759 2837.87439716
760 2844.27863212
761 2850.93123076
762 2857.557219
763 2864.09450593
764 2870.16167589
765 2876.48607966
766 2883.20963935
767 2889.89771851
768 2895.92940795
769 2902.01431817
770 2908.27663102
771 2914.61877505
772 2921.2181529
773 2927.54255667
774 2933.70729808
775 2939.9341304
776 2946.88831351
777 2953.54978228
778 2960.20238092
779 2966.82836916
780 2973.38339636
781 2980.32870933
782 2986.71520403
783 2993.36780266
784 2999.98492078
785 3006.18514271
786 3012.46519582
787 3018.67428788
788 3025.0962631
789 3031.51823832
790 3037.60314854
791 3043.97190297
792 3050.86399516
793 3057.60529511
794 3064.06275086
795 3070.44037542
796 3077.1905455
797 3083.56817007
798 3089.83048292
799 3096.19036721
800 3102.4349398
801 3109.03431765
802 3115.77561761
803 3122.39273572
804 3128.98324343
805 3135.44069918
806 3141.63205098
807 3148.35561067
808 3155.17674181
809 3161.48340531
810 3167.98521172
811 3174.46040772
812 3181.12187649
813 3187.57933224
814 3193.85051522
815 3200.4853736
816 3206.10903698
817 3212.44231088
818 3219.45858491
819 3225.97813158
820 3232.3734964
821 3238.24552347
822 3244.7562
823 3251.33783759
824 3257.94608557
825 3264.9357492
826 3271.37546468
827 3277.80631003
828 3284.71614249
829 3291.57275415
830 3298.57128792
831 3305.36580866
832 3311.94744624
833 3318.34281107
834 3325.27038378
835 3332.26891755
836 3339.14326948
837 3346.05310193
838 3352.98067464
839 3359.93485775
840 3366.64954731
841 3373.53276937
842 3380.15875761
843 3387.11294072
844 3393.76553936
845 3400.93260563
846 3407.79808742
847 3414.04266001
848 3420.82831062
849 3428.06633794
850 3434.96730026
851 3441.70860021
852 3447.88221175
853 3454.9605767
854 3461.7994481
855 3468.86007279
856 3475.7876455
857 3482.33380256
858 3488.96866094
859 3496.25990905
860 3502.98346874
861 3510.05296356
862 3516.41284785
863 3522.79047241
864 3529.62047368
865 3536.75205942
866 3543.73285293
867 3550.69590617
868 3557.77427112
869 3565.31388291
870 3572.25919589
871 3579.37304136
872 3586.18530237
873 3592.8645114
874 3600.21785043
875 3607.41152709
876 3614.59633362
877 3622.37543896
878 3629.38284286
879 3636.8514936
880 3644.24918328
881 3651.92184705
882 3659.79852383
883 3667.40022654
884 3674.64712399
885 3682.88747617
886 3691.04799717
887 3699.29721948
888 3706.92553258
889 3714.73124832
890 3722.86515892
891 3730.78618637
892 3738.64512289
893 3746.37987757
894 3754.33638555
895 3762.41707536
896 3770.32036254
897 3778.52523419
898 3786.53496295
899 3794.36728908
900 3803.0954985
901 3811.76161699
902 3820.23259259
903 3828.38424345
904 3835.56017985
905 3844.47466203
906 3852.55535184
907 3860.75135336
908 3869.31990041
909 3877.29414864
910 3885.80060477
911 3894.70621681
912 3902.69820531
913 3911.47076538
914 3920.11914361
915 3928.9271842
916 3937.33606888
917 3945.80704448
918 3954.21592916
919 3962.34983976
920 3970.9449972
921 3979.34501175
922 3988.33045498
923 3996.28696295
924 4004.21686052
925 4012.01370613
926 4020.49355186
927 4029.38142364
928 4037.84352911
929 4045.87986826
930 4054.49276596
931 4062.74198828
932 4071.20409374
933 4080.26049802
934 4088.58955152
935 4096.86538422
936 4105.38958061
937 4113.39043924
938 4122.2162201
939 4131.11296201
940 4138.8211063
941 4147.30095203
942 4156.268655
943 4164.92590336
944 4173.37913869
945 4181.58401035
946 4190.25012884
947 4199.80326048
948 4208.57582055
949 4217.66770536
950 4225.87257701
951 4234.43225393
952 4243.90555439
953 4252.83777683
954 4262.12480452
955 4270.85301394
956 4278.88048296
957 4287.6441729
958 4296.95781099
959 4306.22709843
960 4315.20367152
961 4324.87211488
962 4334.23897376
963 4344.01385869
964 4353.47828902
965 4362.77418685
966 4371.94590284
967 4381.50790462
968 4390.86589337
969 4400.68512896
970 4410.02537745
971 4418.81567778
972 4428.138186
973 4437.95742159
974 4447.25331942
975 4457.21447712
976 4466.44828403
977 4476.02802607
978 4486.45930073
979 4496.37610777
980 4506.22195375
981 4515.14530606
982 4525.47013915
983 4535.51999816
984 4545.7206494
985 4555.62858631
986 4564.95996466
987 4574.60179762
988 4583.43644861
989 4592.71460618
990 4602.63141322
991 4611.35962263
992 4620.69100099
993 4630.92713276
994 4640.49800466
995 4650.79622736
996 4660.06551479
997 4669.58316591
998 4678.82584295
999 4688.36123433
1000 4698.10950887
1001 4707.36105604
1002 4716.19570703
1003 4725.34968276
1004 4734.98264559
1005 4743.48023158
1006 4752.17296047
1007 4760.80359843
1008 4770.14384692
1009 4779.33330317
1010 4789.1347985
1011 4798.40408594
1012 4807.43387982
1013 4816.64107634
1014 4825.99019496
1015 4835.09094989
1016 4844.00543207
1017 4852.76025188
1018 4861.65699379
1019 4870.99724228
1020 4879.86737379
1021 4889.2697132
1022 4897.27944196
1023 4906.15844361
1024 4914.6560296
1025 4923.26005718
1026 4931.80199383
1027 4940.15765772
1028 4948.46010082
1029 4957.36571286
1030 4966.17375346
1031 4975.22128761
1032 4983.83418531
1033 4992.34951157
1034 5000.60760401
1035 5009.69061868
1036 5018.63171125
1037 5027.33331027
1038 5035.90185732
1039 5044.53249528
1040 5053.25183456
1041 5062.14857648
1042 5070.74373392
1043 5079.27680044
1044 5087.60585393
1045 5096.28971269
1046 5105.0445325
1047 5113.61307954
1048 5122.23484738
1049 5130.235706
1050 5138.68894134
1051 5146.90268313
1052 5155.38252886
1053 5163.80028367
1054 5172.35109045
1055 5181.17687131
1056 5190.21553533
1057 5198.7929525
1058 5207.30827876
1059 5215.45992962
1060 5224.0639572
1061 5232.86312766
1062 5241.94614234
1063 5250.39937767
1064 5258.89696367
1065 5267.57195229
1066 5275.94535644
1067 5284.73565678
1068 5293.19776224
1069 5301.56229626
1070 5310.33485633
1071 5319.16950733
1072 5327.93319727
1073 5336.44852352
1074 5344.44938215
1075 5353.26629288
1076 5362.34930755
1077 5370.52756881
1078 5378.76792099
1079 5387.16793554
1080 5395.43489811
1081 5404.03892569
1082 5412.97114812
1083 5421.41551333
1084 5430.06389156
1085 5439.17351663
1086 5448.55811577
1087 5457.45485768
1088 5466.87493735
1089 5475.35478309
1090 5483.80801842
1091 5492.56283823
1092 5501.74342435
1093 5510.13456877
1094 5518.72972621
1095 5527.66194864
1096 5537.00219713
1097 5546.52871838
1098 5555.60286292
1099 5565.29791667
1100 5574.04386635
1101 5583.7389201
1102 5593.15012964
1103 5602.67665089
1104 5611.93706819
1105 5620.87816076
1106 5630.42242227
1107 5640.54324233
1108 5649.59077648
1109 5659.01972629
1110 5668.24466306
1111 5677.54056089
1112 5687.6170303
1113 5696.99275931
1114 5707.14018977
1115 5716.85298378
1116 5726.5391674
1117 5736.58902641
1118 5746.8872491
1119 5757.21208218
1120 5766.29509686
1121 5776.06998179
1122 5785.7827758
1123 5795.83263481
1124 5806.11311724
1125 5815.98557362
1126 5825.63627671
1127 5835.56195388
1128 5845.87791683
1129 5856.43337334
1130 5866.92673892
1131 5876.29359781
1132 5886.71600234
1133 5896.73925095
1134 5907.0818243
1135 5917.0163716
1136 5926.60498377
1137 5937.08947923
1138 5947.90216955
1139 5958.27135329
1140 5969.15500466
1141 5978.8766688
1142 5988.78460571
1143 5998.81672446
1144 6009.53184333
1145 6019.7679751
1146 6030.0395874
1147 6040.26684904
1148 6051.1771108
1149 6061.91884007
1150 6072.76701092
1151 6082.75477901
1152 6093.52311867
1153 6104.06083491
1154 6114.75821352
1155 6125.62412463
1156 6136.68517863
1157 6147.09871303
1158 6158.1775073
1159 6169.62884709
1160 6180.92052451
1161 6192.71779943
1162 6203.76111317
1163 6215.31889453
1164 6227.13390971
1165 6239.35695095
1166 6251.50016099
1167 6262.64991631
1168 6274.52702241
1169 6287.17582996
1170 6299.81576737
1171 6311.96784755
1172 6324.0844472
1173 6337.05257948
1174 6350.29568583
1175 6363.43235061
1176 6376.91495052
1177 6390.08709582
1178 6403.01974757
1179 6416.96359432
1180 6430.93405146
1181 6445.79152175
1182 6461.31425191
1183 6475.38228049
1184 6490.45263394
1185 6506.15276673
1186 6522.19883464
1187 6537.67721414
1188 6552.49033377
1189 6568.27029774
1190 6584.20105395
1191 6600.61966739
1192 6617.24229385
1193 6633.66977742
1194 6651.10845599
1195 6669.41640744
1196 6687.60017705
1197 6705.51784271
1198 6723.39115772
1199 6741.27334286
1200 6760.42395681
1201 6779.00688234
1202 6798.95580812
1203 6818.21286364
1204 6837.24816588
1205 6857.33014363
1206 6876.63154982
1207 6896.51838468
1208 6915.154531
1209 6935.13006717
1210 6954.68870717
1211 6975.08113953
1212 6994.80831202
1213 7013.37349729
1214 7031.78789032
1215 7050.16680282
1216 7067.97802691
1217 7086.71174468
1218 7104.39878692
1219 7120.50694576
1220 7136.53527341
1221 7152.9982375
1222 7168.99108463
1223 7184.04369782
1224 7197.59725877
1225 7210.16623513
1226 7223.28515965
1227 7235.95170746
1228 7247.77559277
1229 7258.37539993
1230 7268.93085644
1231 7278.81218295
1232 7288.28548341
1233 7296.92499151
1234 7304.81053843
1235 7311.59618904
1236 7318.25765781
1237 7324.80381487
1238 7330.9774264
1239 7336.25515466
1240 7340.7434412
1241 7345.44461091
1242 7349.44504022
1243 7353.17936559
1244 7356.73628833
1245 7359.75213304
1246 7362.67927645
1247 7365.6773809
1248 7368.39164114
1249 7370.60917402
1250 7372.55173282
1251 7374.55638255
1252 7376.46346082
1253 7378.16652608
1254 7379.68331856
1255 7381.13802013
1256 7382.57498144
1257 7383.94985182
1258 7385.25376116
1259 7386.62863154
1260 7387.9680214
1261 7388.99695666
1262 7390.16781402
1263 7391.17900901
1264 7392.32325598
1265 7393.42315229
1266 7394.50530833
1267 7395.56085398
1268 7396.53656845
1269 7397.60098423
1270 7398.58556883
1271 7399.43710145
1272 7400.25315355
1273 7401.14903684
1274 7402.02717986
1275 7403.05611511
1276 7403.97860879
1277 7404.81240115
1278 7405.83246628
1279 7406.69286904
1280 7407.63310298
1281 7408.3161031
1282 7409.16763573
1283 7410.08125927
1284 7411.1013244
1285 7412.06816873
1286 7412.76890912
1287 7413.61157162
1288 7414.49858477
1289 7415.42994858
1290 7416.11294871
1291 7416.96448133
1292 7417.94906593
1293 7418.79172842
1294 7419.64326105
1295 7420.48592354
1296 7421.1777938
1297 7421.92288485
1298 7422.68571616
1299 7423.42193708
1300 7424.21137878
1301 7424.9209893
1302 7425.5951193
1303 7426.34021035
1304 7427.14739231
1305 7427.91909376
1306 7428.60209388
1307 7429.41814598
1308 7430.08340585
1309 7430.73092545
1310 7431.49375676
1311 7432.27432833
1312 7433.02828951
1313 7433.74677016
1314 7434.29671832
1315 7434.90875739
1316 7435.58288739
1317 7436.25701738
1318 7436.83357593
1319 7437.51657606
1320 7438.08426448
1321 7438.82048539
1322 7439.35269328
1323 7439.92925183
1324 7440.55016104
1325 7441.17994037
1326 7441.89842103
1327 7442.47497958
1328 7443.06927839
1329 7443.8321097
1330 7444.49736956
1331 7445.1271489
1332 7445.72144771
1333 7446.280266
1334 7446.98100639
1335 7447.63739612
1336 7448.21395467
1337 7448.81712361
1338 7449.63317571
1339 7450.26295505
1340 7450.76855255
1341 7451.41607215
1342 7452.07246188
1343 7452.65789056
1344 7453.21670884
1345 7453.83761805
1346 7454.3875662
1347 7455.14152738
1348 7455.80678725
1349 7456.49865751
1350 7456.98651474
1351 7457.75821618
1352 7458.44121631
1353 7459.04438525
1354 7459.56772301
1355 7460.38377511
1356 7461.0845155
1357 7461.63446365
1358 7462.46825602
1359 7463.04481457
1360 7463.64798351
1361 7464.19793166
1362 7464.74787982
1363 7465.38652929
1364 7466.1227502
1365 7466.92106204
1366 7467.67502322
1367 7468.29593242
1368 7468.73056887
1369 7469.32486768
1370 7469.85707557
1371 7470.47798478
1372 7471.07228359
1373 7471.65771227
1374 7472.3407124
1375 7473.00597226
1376 7473.57366068
1377 7474.16795949
1378 7474.69129725
1379 7475.38316751
1380 7475.92424553
1381 7476.67820671
1382 7477.31685618
1383 7478.01759657
1384 7478.75381748
1385 7479.37472669
1386 7479.92467484
1387 7480.43914247
1388 7480.97135036
1389 7481.67209075
1390 7482.29299996
1391 7483.01148061
1392 7483.60577942
1393 7484.26216916
1394 7484.6968056
1395 7485.35319533
1396 7486.02732533
1397 7486.68371506
1398 7487.15383203
1399 7487.85457242
1400 7488.51983228
1401 7489.06978044
1402 7489.62859872
1403 7490.26724819
1404 7490.89702753
1405 7491.54454713
1406 7492.1831966
1407 7493.01698896
1408 7493.62015791
1409 7494.19671645
1410 7494.86197632
1411 7495.47401539
1412 7496.16588565
1413 7496.85775591
1414 7497.50527551
1415 7498.2060159
1416 7498.64952248
1417 7499.37687326
1418 7499.97117207
1419 7500.59208128
1420 7501.20412035
1421 7501.8072893
1422 7502.41932837
1423 7503.1023285
1424 7503.70549744
1425 7504.37075731
1426 7505.01827691
1427 7505.66579651
1428 7506.26896545
1429 7506.97857597
1430 7507.71479689
1431 7508.34457623
1432 7508.97435556
1433 7509.6041349
1434 7510.21617398
1435 7510.757252
1436 7511.38703134
1437 7512.00794054
1438 7512.61110948
1439 7513.1787979
1440 7513.6843954
1441 7514.27869421
1442 7514.97056447
1443 7515.50277236
1444 7516.14142183
1445 7516.76233104
1446 7517.28566879
1447 7517.80013642
1448 7518.31460405
1449 7518.84681194
1450 7519.36127957
1451 7519.76043549
1452 7520.34586417
1453 7520.87807206
1454 7521.41027995
1455 7521.92474758
1456 7522.55452692
1457 7523.17543612
1458 7523.73425441
1459 7524.31081296
1460 7524.80754032
1461 7525.38409887
1462 7525.78325479
1463 7526.22676136
1464 7526.75009912
1465 7527.25569662
1466 7527.76129412
1467 7528.1781903
1468 7528.75474885
1469 7529.31356713
1470 7529.66837239
1471 7530.10300884
1472 7530.63521673
1473 7531.05211291
1474 7531.60206106
1475 7531.99234685
1476 7532.46246382
1477 7532.96806132
1478 7533.45591855
1479 7533.82846407
1480 7534.29858105
1481 7534.76869802
1482 7535.31864617
1483 7535.8065034
1484 7536.41854248
1485 7536.83543866
1486 7537.41199721
1487 7537.84663365
1488 7538.29901036
1489 7538.68042601
1490 7539.25698456
1491 7539.87789377
1492 7540.38349127
1493 7540.85360824
1494 7541.35920573
1495 7541.8293227
1496 7542.43249165
1497 7543.07114112
1498 7543.59447888
1499 7544.22425821
1500 7544.88951808
1501 10000.0
