0 0.0
1 0.0
2 0.0
3 0.0
4 0.0
5 0.0
6 0.0
7 0.0
8 0.0
55 0.0569935016009
56 0.752314221133
57 2.73568807685
58 6.81642279147
59 19.5031762478
60 49.8237190995
61 116.893671784
62 176.326495253
63 237.662901676
64 368.064033339
65 446.281914936
66 486.929680278
67 515.699999886
68 537.254942191
69 554.102221265
70 567.792060349
71 579.55551908
72 590.657853192
73 599.662826445
74 607.824295874
75 616.259334111
76 622.391834883
77 628.034191541
78 633.6651495
79 638.748969842
80 645.018255019
81 651.219147993
82 656.82730855
83 662.743234016
84 668.488178978
85 673.594796721
86 679.385336484
87 683.203901091
88 685.711615162
89 688.652479844
90 693.382940477
91 697.05332198
92 699.17348024
93 701.624200809
94 703.698764267
95 705.294582312
96 706.548439347
97 707.73390418
98 709.432310528
99 711.199109078
100 712.373175211
101 713.171084233
102 714.003189356
103 714.960680183
104 715.644602202
105 716.431112525
106 717.183426746
107 717.935740967
108 719.166800601
109 720.625834242
110 721.97088088
111 723.01956131
112 723.885862534
113 724.660974156
114 726.416374005
115 727.921002447
116 728.821499773
117 729.596611394
118 730.212141212
119 730.645291824
120 731.306416442
121 732.104325465
122 733.027620191
123 733.677346109
124 734.406862929
125 735.181974551
126 736.002680974
127 736.880380899
128 738.453401543
129 740.288592295
130 741.462658428
131 742.556933658
132 743.411836182
133 744.175549104
134 744.927863325
135 746.056334657
136 747.492570897
137 749.487343453
138 750.137069371
139 750.729801788
140 751.231344602
141 751.812678318
142 752.143240628
143 752.416809435
144 752.815763947
145 753.203319757
146 753.625071669
147 753.955633979
148 754.491372894
149 755.255085815
150 756.235374043
151 757.101675267
152 757.819793387
153 758.241545299
154 759.085049123
155 759.597990637
156 760.156526953
157 761.455978789
158 763.006202033
159 763.96369286
160 764.69320968
161 765.251745996
162 765.593707006
163 765.901471914
164 766.266230324
165 766.665184836
166 766.893158842
167 767.223721151
168 767.440296457
169 767.736662666
170 767.998832773
171 768.23820548
172 768.625761291
173 769.150101505
174 769.366676812
175 769.811226124
176 770.449553342
177 770.882703954
178 771.270259765
179 771.646416876
180 772.14795969
181 772.535515501
182 772.957267412
183 773.322025823
184 774.040143943
185 774.781059464
186 775.920929496
187 776.696041117
188 777.231780032
189 777.778917648
190 778.120878657
191 778.827598077
192 779.750892803
193 780.776775832
194 781.608880955
195 782.110423769
196 782.919731492
197 783.615052212
198 784.447157335
199 785.267863758
200 786.077171481
201 786.920675305
202 788.277120643
203 790.442873704
204 792.620025465
205 793.976470803
206 794.865569428
207 795.424105743
208 796.00543946
209 796.484184873
210 797.019923788
211 797.327688697
212 797.829231511
213 798.296578224
214 798.51315353
215 798.809519739
216 799.037493745
217 799.345258654
218 799.596030061
219 799.92659237
220 800.234357279
221 800.507926086
222 800.735900093
223 801.020867601
224 801.214645506
225 801.385626011
226 801.465416913
227 801.647796118
228 801.921364926
229 802.126541532
230 802.388711639
231 802.696476548
232 803.186620662
233 803.904738782
234 805.010412713
235 806.241472347
236 808.008270897
237 810.664168072
238 813.502444451
239 818.232905084
240 825.721851195
241 836.995165811
242 847.242597399
243 857.9687744
244 865.013171198
245 876.001518307
246 886.408531699
247 897.784434619
248 908.351029816
249 918.404683498
250 930.897659049
251 939.959625803
252 953.01113767
253 972.810680126
254 1003.64416449
255 1031.00104526
256 1056.48853918
257 1071.6944054
258 1082.80813822
259 1092.67941269
260 1099.84919519
261 1106.64282059
262 1111.79503313
263 1117.34620019
264 1121.5409219
265 1125.63305532
266 1129.24644332
267 1132.71164822
268 1136.78098423
269 1140.08660733
270 1144.09894984
271 1147.27918723
272 1150.52781682
273 1152.65937378
274 1154.66554503
275 1156.32975528
276 1157.90277593
277 1159.23642386
278 1160.25090819
279 1161.56175873
280 1162.65603396
281 1163.54513258
282 1164.49122471
283 1165.40312074
284 1166.22382716
285 1167.14712189
286 1167.6942595
287 1168.37818152
288 1169.00511004
289 1169.57504505
290 1170.30456187
291 1171.01128129
292 1171.68380461
293 1172.34492923
294 1172.97185775
295 1173.58738757
296 1174.15732258
297 1174.7614537
298 1175.19460431
299 1175.66195102
300 1176.15209514
301 1176.68783405
302 1177.30336387
303 1177.72511578
304 1178.08987419
305 1178.4888287
306 1178.89918192
307 1179.40072473
308 1179.94786234
309 1180.39241166
310 1180.85975837
311 1181.13332718
312 1181.58927519
313 1181.9540336
314 1182.46697512
315 1182.92292313
316 1183.37887114
317 1183.80062305
318 1184.15398276
319 1184.55293727
320 1184.90629698
321 1185.25965669
322 1185.5560229
323 1185.94357871
324 1186.18295142
325 1186.43372283
326 1186.66169683
327 1186.98086044
328 1187.35701755
329 1187.69897856
330 1188.01814217
331 1188.26891358
332 1188.59947589
333 1188.8730447
334 1189.1124174
335 1189.30619531
336 1189.56836541
337 1189.79633942
338 1190.09270563
339 1190.34347704
340 1190.60564714
341 1190.74243155
342 1190.94760815
343 1191.23257566
344 1191.49474577
345 1191.76831458
346 1191.96209248
347 1192.20146519
348 1192.4978314
349 1192.6916093
350 1192.87398851
351 1193.01077291
352 1193.19315212
353 1193.42112612
354 1193.63770143
355 1193.92266894
356 1194.16204164
357 1194.33302215
358 1194.53819875
359 1194.74337536
360 1194.94855197
361 1195.21072207
362 1195.37030388
363 1195.60967658
364 1195.86044799
365 1196.0200298
366 1196.2935986
367 1196.47597781
368 1196.63555961
369 1196.89772972
370 1197.10290633
371 1197.37647513
372 1197.63864524
373 1197.84382185
374 1198.09459325
375 1198.31116856
376 1198.53914257
377 1198.74431917
378 1198.92669838
379 1199.17746978
380 1199.32565289
381 1199.5536269
382 1199.7246074
383 1199.92978401
384 1200.12356191
385 1200.28314372
386 1200.53391512
387 1200.84168003
388 1200.97846444
389 1201.20643844
390 1201.37741895
391 1201.58259555
392 1201.77637346
393 1201.99294876
394 1202.17532797
395 1202.42609938
396 1202.64267468
397 1202.81365519
398 1203.08722399
399 1203.315198
400 1203.49757721
401 1203.72555121
402 1203.90793042
403 1204.04471482
404 1204.24989143
405 1204.43227063
406 1204.64884594
407 1204.84262384
408 1205.01360435
409 1205.21878095
410 1205.33276796
411 1205.51514716
412 1205.65193157
413 1205.76591857
414 1205.98249388
415 1206.16487308
416 1206.34725229
417 1206.49543539
418 1206.6778146
419 1206.8715925
420 1207.0083769
421 1207.13376261
422 1207.33893921
423 1207.60110932
424 1207.77208983
425 1207.88607683
426 1208.05705733
427 1208.30782874
428 1208.54720145
429 1208.70678325
430 1208.84356766
431 1208.99175076
432 1209.16273127
433 1209.26531957
434 1209.41350267
435 1209.60728058
436 1209.73266628
437 1209.94924159
438 1210.10882339
439 1210.2228104
440 1210.3481961
441 1210.5533727
442 1210.74715061
443 1210.94092852
444 1211.13470642
445 1211.30568693
446 1211.48806613
447 1211.63624923
448 1211.76163494
449 1211.94401414
450 1212.10359595
451 1212.24038035
452 1212.46835436
453 1212.69632836
454 1212.87870757
455 1212.98129587
456 1213.10668158
457 1213.32325688
458 1213.49423739
459 1213.71081269
460 1213.8931919
461 1214.0755711
462 1214.28074771
463 1214.41753211
464 1214.62270872
465 1214.81648662
466 1215.06725803
467 1215.23823854
468 1215.51180734
469 1215.64859175
470 1215.84236965
471 1215.96775536
472 1216.11593846
473 1216.26412156
474 1216.44650077
475 1216.59468387
476 1216.73146828
477 1216.89105008
478 1217.07342929
479 1217.19881499
480 1217.3697955
481 1217.5977695
482 1217.79154741
483 1217.95112921
484 1218.05371752
485 1218.19050192
486 1218.42987463
487 1218.66924733
488 1218.85162654
489 1219.05680314
490 1219.21638495
491 1219.39876415
492 1219.54694726
493 1219.64953556
494 1219.88890827
495 1220.00289527
496 1220.18527448
497 1220.42464718
498 1220.55003289
499 1220.74381079
500 1220.9033926
501 1221.0743731
502 1221.2339549
503 1221.47332761
504 1221.59871331
505 1221.74689642
506 1221.94067432
507 1222.16864833
508 1222.32823014
509 1222.54480544
510 1222.69298855
511 1222.85257035
512 1223.04634826
513 1223.21732876
514 1223.39970797
515 1223.54789107
516 1223.74166897
517 1223.94684558
518 1224.17481959
519 1224.40279359
520 1224.6079702
521 1224.81314681
522 1224.93853251
523 1225.14370911
524 1225.37168312
525 1225.51986622
526 1225.71364413
527 1225.89602334
528 1226.07840254
529 1226.29497785
530 1226.48875575
531 1226.67113496
532 1226.80791936
533 1227.03589337
534 1227.25246867
535 1227.53743618
536 1227.67422059
537 1227.79960629
538 1228.152966
539 1228.3467439
540 1228.54052181
541 1228.74569842
542 1228.87108412
543 1229.07626072
544 1229.29283603
545 1229.58920224
546 1229.82857495
547 1230.03375155
548 1230.15913726
549 1230.35291516
550 1230.60368657
551 1230.79746447
552 1231.00264108
553 1231.20781768
554 1231.46998779
555 1231.6865631
556 1231.8689423
557 1232.02852411
558 1232.30209292
559 1232.62125652
560 1232.75804093
561 1232.96321753
562 1233.14559674
563 1233.30517854
564 1233.57874735
565 1233.79532266
566 1234.02329666
567 1234.21707457
568 1234.44504858
569 1234.69581998
570 1234.95799009
571 1235.11757189
572 1235.2429576
573 1235.3569446
574 1235.53932381
575 1235.73310171
576 1235.90408222
577 1236.07506272
578 1236.23464453
579 1236.40562503
580 1236.63359904
581 1236.83877564
582 1237.05535095
583 1237.26052755
584 1237.46570416
585 1237.68227947
586 1237.86465867
587 1238.06983528
588 1238.25221448
589 1238.51438459
590 1238.765156
591 1239.08431961
592 1239.39208451
593 1239.55166632
594 1239.79103903
595 1240.07600653
596 1240.30398054
597 1240.49775845
598 1240.70293505
599 1240.94230776
600 1241.28426877
601 1241.55783758
602 1241.89979858
603 1242.13917129
604 1242.4013414
605 1242.65211281
606 1242.92568161
607 1243.11945952
608 1243.38162963
609 1243.58680623
610 1243.88317244
611 1244.16813995
612 1244.55569576
613 1244.80646717
614 1244.98884637
615 1245.30800998
616 1245.52458529
617 1245.9235398
618 1246.1173177
619 1246.41368391
620 1246.68725272
621 1246.88103062
622 1247.17739683
623 1247.49656044
624 1247.71313575
625 1247.99810326
626 1248.23747596
627 1248.54524087
628 1248.77321488
629 1249.02398629
630 1249.35454859
631 1249.6395161
632 1249.95867971
633 1250.16385632
634 1250.42602642
635 1250.66539913
636 1251.00736014
637 1251.14414454
638 1251.42911205
639 1251.83946526
640 1252.23841978
641 1252.68296909
642 1253.1959106
643 1253.68605472
644 1254.02801573
645 1254.50676114
646 1255.05389875
647 1255.84040908
648 1256.5243311
649 1257.17405701
650 1258.00616214
651 1258.90665946
652 1259.81855549
653 1260.92422942
654 1262.18948515
655 1263.50033569
656 1264.70859793
657 1265.96245496
658 1267.4784821
659 1268.98311055
660 1270.60172599
661 1272.42551804
662 1274.5456763
663 1276.79122027
664 1279.42432004
665 1281.7382562
666 1284.33715988
667 1286.82207655
668 1290.23028794
669 1294.18563695
670 1298.25497297
671 1302.17612588
672 1306.4962333
673 1311.12410563
674 1316.52708958
675 1322.42021765
676 1327.7890055
677 1333.60234266
678 1340.25918365
679 1347.55435185
680 1355.38525897
681 1362.73742068
682 1370.38594859
683 1379.31113094
684 1388.84044441
685 1397.98220207
686 1408.02445705
687 1418.15790164
688 1429.40841885
689 1441.19467498
690 1453.14051292
691 1465.62208977
692 1477.68191471
693 1491.10958369
694 1505.39215519
695 1520.1762695
696 1535.08576952
697 1550.24604095
698 1566.95653562
699 1584.1685731
700 1602.25831051
701 1620.69000893
702 1638.31239962
703 1658.06634728
704 1677.91148453
705 1698.52033471
706 1719.87010041
707 1740.19398308
708 1760.60905536
709 1782.68833788
710 1804.972797
711 1827.53082494
712 1850.07745417
713 1873.23961322
714 1897.4960475
715 1922.504796
716 1947.76431591
717 1972.1461359
718 1996.75592989
719 2022.99573803
720 2049.18995136
721 2075.11059589
722 2102.50167276
723 2128.7642783
724 2155.83619156
725 2182.1899867
726 2208.87434415
727 2235.98045351
728 2262.85858886
729 2290.60302544
730 2318.45005033
731 2347.56233094
732 2376.19586615
733 2403.80351832
734 2432.06089642
735 2460.40946411
736 2490.23986285
737 2519.36354217
738 2546.33286713
739 2574.59024522
740 2603.30357133
741 2632.15368184
742 2662.02967538
743 2689.95649116
744 2718.06568615
745 2747.88468619
746 2776.8715811
747 2806.21183573
748 2834.32103072
749 2862.40742831
750 2891.93006213
751 2921.03094405
752 2950.99812719
753 2981.26167654
754 3010.28276756
755 3040.3867351
756 3071.10623247
757 3101.72314153
758 3132.15767138
759 3161.1901611
760 3193.03812979
761 3224.92029459
762 3257.15581909
763 3288.92399689
764 3319.71188645
765 3352.91630048
766 3385.6875639
767 3420.23702457
768 3453.87458922
769 3488.11628498
770 3520.44299909
771 3555.08364936
772 3588.83520101
773 3625.56181344
774 3661.66149736
775 3697.59020077
776 3735.08052612
777 3774.05268251
778 3814.00512714
779 3852.66951862
780 3892.21161003
781 3932.38062996
782 3973.84910173
783 4015.87610981
784 4058.65543211
785 4098.57368063
786 4142.50427166
787 4186.423464
788 4230.38825113
789 4275.76647711
790 4318.181041
791 4364.74473181
792 4411.00065771
793 4458.16847963
794 4505.37049766
795 4550.72592623
796 4596.52590412
797 4644.98177918
798 4692.98170623
799 4740.89044367
800 4788.1152591
801 4835.15769532
802 4883.44258988
803 4931.45391562
804 4979.85279718
805 5024.82066995
806 5070.72323614
807 5118.74596059
808 5165.72000461
809 5214.05049396
810 5258.55102001
811 5301.13656441
812 5345.73967876
813 5390.76454503
814 5435.29926718
815 5477.13249735
816 5518.39579251
817 5559.79587207
818 5600.64881402
819 5639.1308263
820 5677.78381909
821 5713.10839138
822 5750.73550114
823 5786.64140715
824 5821.73800543
825 5854.12171304
826 5884.84121041
827 5915.35553116
828 5945.74446622
829 5975.41528315
830 6003.94623005
831 6028.25965783
832 6053.82694265
833 6079.31443657
834 6102.80715793
835 6125.84393127
836 6146.15641525
837 6167.02743553
838 6187.1575403
839 6205.69182702
840 6223.70177352
841 6240.7200331
842 6256.62122005
843 6272.08925638
844 6286.65679539
845 6300.25544487
846 6313.22716584
847 6325.21859858
848 6336.36652749
849 6347.5144564
850 6358.42301261
851 6368.32848319
852 6375.942815
853 6384.71981425
854 6392.50512657
855 6399.80029477
856 6406.82189417
857 6413.66111436
858 6420.03298784
859 6426.05150161
860 6431.59126996
861 6436.81187471
862 6441.45114574
863 6446.32978948
864 6451.12864231
865 6455.57413544
866 6459.93983766
867 6463.92938277
868 6467.18941106
869 6470.81419777
870 6474.22240916
871 6477.69901276
872 6480.84505405
873 6483.93410183
874 6486.97755482
875 6489.8044325
876 6492.67690498
877 6495.57217486
878 6498.13688243
879 6500.75858351
880 6503.36888588
881 6505.99058695
882 6508.37291532
883 6510.64125668
884 6512.68162404
885 6514.8473771
886 6517.12711717
887 6519.45245203
888 6521.40162979
889 6523.52178805
890 6525.4481684
891 6527.32895395
892 6529.46051091
893 6531.47808087
894 6533.29047422
895 6535.14846237
896 6537.00645052
897 6538.87583738
898 6540.66543333
899 6542.38663708
900 6544.25602393
901 6545.87463937
902 6547.39066652
903 6548.96368716
904 6550.65069481
905 6552.71385957
906 6554.25268411
907 6555.65472425
908 6557.4557189
909 6559.30230835
910 6560.84113289
911 6562.31156524
912 6563.91878198
913 6565.46900522
914 6566.85964666
915 6568.55805301
916 6570.13107365
917 6571.52171509
918 6573.06053964
919 6574.26880187
920 6575.79622771
921 6577.59722236
922 6579.30702741
923 6580.44689744
924 6581.79194408
925 6583.27377512
926 6584.94938407
927 6586.46541121
928 6587.78766045
929 6589.14410579
930 6590.59174073
931 6592.21035618
932 6593.78337682
933 6595.19681566
934 6596.6900454
935 6598.13768034
936 6599.51692308
937 6600.74798272
938 6602.09302935
939 6603.52926559
940 6604.87431223
941 6606.41313677
942 6607.91776522
943 6609.35400146
944 6610.7446429
945 6611.96430383
946 6613.48033097
947 6614.99635812
948 6616.36420215
949 6617.78903969
950 6619.00870063
951 6620.37654467
952 6621.6759965
953 6622.87286004
954 6624.04692617
955 6625.2665871
956 6626.52044414
957 6627.78569987
958 6629.29032832
959 6630.66957106
960 6631.83223849
961 6633.04050072
962 6634.48813566
963 6635.8103849
964 6636.92745753
965 6638.23830807
966 6639.1957989
967 6640.52944683
968 6641.69211427
969 6642.9801674
970 6644.17703093
971 6645.45368537
972 6646.73033981
973 6647.95000074
974 6649.06707337
975 6650.32093041
976 6651.55199004
977 6652.78304968
978 6653.99131191
979 6655.43894685
980 6656.70420259
981 6657.90106612
982 6659.18911926
983 6660.48857109
984 6661.54865022
985 6662.83670336
986 6663.95377599
987 6664.84287462
988 6666.26771216
989 6667.44177829
990 6668.46766132
991 6669.74431575
992 6670.87278708
993 6672.12664412
994 6673.07273625
995 6674.06442317
996 6675.19289451
997 6676.24157494
998 6677.37004627
999 6678.3731319
1000 6679.38761622
1001 6680.74406156
1002 6681.86113419
1003 6682.87561852
1004 6683.94709635
1005 6684.89318848
1006 6685.7822871
1007 6686.83096753
1008 6688.00503367
1009 6689.2588907
1010 6690.52414644
1011 6691.52723207
1012 6692.632906
1013 6693.78417473
1014 6694.94684216
1015 6696.05251609
1016 6697.35196793
1017 6698.32085746
1018 6699.39233529
1019 6700.34982611
1020 6701.59228445
1021 6702.53837657
1022 6703.64405051
1023 6704.68133223
1024 6705.82120227
1025 6706.8926801
1026 6707.94136053
1027 6708.97864226
1028 6710.12991099
1029 6711.28117972
1030 6712.46664455
1031 6713.46973018
1032 6714.41582231
1033 6715.53289494
1034 6716.57017667
1035 6717.7100467
1036 6718.70173363
1037 6719.63642705
1038 6720.65091138
1039 6721.67679441
1040 6722.78246834
1041 6723.81975007
1042 6724.8000383
1043 6725.73473173
1044 6726.97719006
1045 6727.91188349
1046 6728.81238081
1047 6729.80406774
1048 6730.65897026
1049 6731.7646442
1050 6732.60814802
1051 6733.67962585
1052 6734.60292057
1053 6735.5148166
1054 6736.63188923
1055 6737.50958916
1056 6738.48987738
1057 6739.27638771
1058 6740.19968243
1059 6741.21416676
1060 6742.11466409
1061 6743.08355361
1062 6743.94985484
1063 6744.82755476
1064 6745.83064039
1065 6746.44617021
1066 6747.47205324
1067 6748.36115186
1068 6749.13626348
1069 6749.8429829
1070 6750.90306203
1071 6751.86055286
1072 6752.81804369
1073 6753.72993971
1074 6754.51645003
1075 6755.58792786
1076 6756.59101349
1077 6757.52570692
1078 6758.34641334
1079 6759.11012626
1080 6760.03342099
1081 6760.81993131
1082 6761.77742214
1083 6762.57533116
1084 6763.46442979
1085 6764.33073101
1086 6765.15143743
1087 6766.30270617
1088 6767.05502039
1089 6767.88712551
1090 6768.85601504
1091 6769.71091756
1092 6770.52022528
1093 6771.43212131
1094 6772.33261863
1095 6773.32430556
1096 6774.19060679
1097 6775.09110411
1098 6776.09418974
1099 6777.08587667
1100 6777.97497529
1101 6778.96666222
1102 6779.84436215
1103 6780.79045427
1104 6781.7365464
1105 6782.59144892
1106 6783.53754105
1107 6784.51782928
1108 6785.3499344
1109 6786.46700703
1110 6787.29911216
1111 6788.09702118
1112 6789.08870811
1113 6790.20578074
1114 6791.19746766
1115 6792.14355979
1116 6793.15804412
1117 6794.04714274
1118 6794.81085567
1119 6795.8595361
1120 6796.63464772
1121 6797.76311905
1122 6798.70921118
1123 6799.79208771
1124 6800.94335644
1125 6801.88944857
1126 6802.74435109
1127 6803.85002502
1128 6805.01269245
1129 6805.92458848
1130 6806.6883014
1131 6807.63439353
1132 6808.62608045
1133 6809.60636868
1134 6810.64365041
1135 6811.66953344
1136 6812.64982167
1137 6813.55031899
1138 6814.42801892
1139 6815.27152274
1140 6816.24041227
1141 6817.391681
1142 6818.28077963
1143 6819.27246655
1144 6820.35534308
1145 6821.18744821
1146 6822.04235073
1147 6823.04543636
1148 6823.99152849
1149 6824.86922841
1150 6825.80392184
1151 6826.71581786
1152 6827.63911259
1153 6828.63079952
1154 6829.53129684
1155 6830.40899677
1156 6831.34369019
1157 6832.34677582
1158 6833.28146925
1159 6833.97678997
1160 6834.70630679
1161 6835.58400671
1162 6836.32492223
1163 6837.13422996
1164 6838.02332858
1165 6838.6730545
1166 6839.35697652
1167 6840.20048034
1168 6840.81601016
1169 6841.53412828
1170 6842.343436
1171 6843.01595932
1172 6843.81386834
1173 6844.39520206
1174 6845.26150328
1175 6846.08220971
1176 6847.06249793
1177 6847.76921735
1178 6848.48733547
1179 6849.4790224
1180 6850.24273532
1181 6850.98365084
1182 6851.58778196
1183 6852.27170398
1184 6852.955626
1185 6853.59395322
1186 6854.31207134
1187 6854.96179726
1188 6855.72551018
1189 6856.5576153
1190 6857.40111912
1191 6857.95965544
1192 6858.57518526
1193 6859.08812677
1194 6859.72645399
1195 6860.33058511
1196 6861.03730453
1197 6861.78961875
1198 6862.53053427
1199 6863.04347578
1200 6863.6476069
1201 6864.32013022
1202 6864.96985614
1203 6865.60818335
1204 6866.41749108
1205 6867.01022349
1206 6867.54596241
1207 6868.25268183
1208 6868.98219865
1209 6869.65472197
1210 6870.28165049
1211 6871.07955951
1212 6871.88886723
1213 6872.50439705
1214 6873.14272427
1215 6873.75825408
1216 6874.54476441
1217 6875.30847733
1218 6876.17477855
1219 6876.82450447
1220 6877.56541999
1221 6878.36332901
1222 6878.84207443
1223 6879.61718605
1224 6880.28970937
1225 6880.84824568
1226 6881.4637755
1227 6882.43266503
1228 6883.10518835
1229 6883.80050907
1230 6884.67820899
1231 6885.43052321
1232 6886.04605303
1233 6886.69577895
1234 6887.40249837
1235 6888.00662948
1236 6888.7133489
1237 6889.39727092
1238 6890.19517995
1239 6890.84490586
1240 6891.64281489
1241 6892.46352131
1242 6893.18163943
1243 6893.92255495
1244 6894.65207177
1245 6895.37018989
1246 6895.94012491
1247 6896.79502743
1248 6897.59293645
1249 6898.28825717
1250 6899.0861662
1251 6899.64470251
1252 6900.39701673
1253 6901.21772316
1254 6901.85605037
1255 6902.58556719
1256 6903.30368531
1257 6904.04460083
1258 6904.76271895
1259 6905.69741238
1260 6906.4383279
1261 6907.09945252
1262 6907.68078624
1263 6908.45589786
1264 6909.31080038
1265 6910.085912
1266 6910.88382103
1267 6911.80711575
1268 6912.60502478
1269 6913.4485286
1270 6914.28063372
1271 6915.12413755
1272 6915.81945827
1273 6916.54897509
1274 6917.25569451
1275 6917.98521133
1276 6918.78312035
1277 6919.39865017
1278 6920.15096439
1279 6921.01726561
1280 6921.72398503
1281 6922.62448236
1282 6923.31980308
1283 6924.1747056
1284 6924.83583022
1285 6925.57674574
1286 6926.20367426
1287 6926.94458978
1288 6927.6285118
1289 6928.11865591
1290 6928.72278703
1291 6929.33831685
1292 6929.88545446
1293 6930.46678818
1294 6931.1165141
1295 6931.73204391
1296 6932.27918153
1297 6932.86051524
1298 6933.47604506
1299 6934.03458138
1300 6934.54752289
1301 6935.14025531
1302 6935.74438643
1303 6936.26872664
1304 6936.98684476
1305 6937.61377328
1306 6938.14951219
1307 6938.78783941
1308 6939.46036273
1309 6940.04169645
1310 6940.64582756
1311 6941.15876908
1312 6941.67171059
1313 6942.24164561
1314 6942.83437802
1315 6943.56389484
1316 6944.08823506
1317 6944.57837917
1318 6945.02292849
1319 6945.53587
1320 6946.06021021
1321 6946.60734783
1322 6946.98350494
1323 6947.48504775
1324 6947.96379317
1325 6948.32855158
1326 6948.9440814
1327 6949.2290489
1328 6949.55961121
1329 6950.04975533
1330 6950.47150724
1331 6950.91605655
1332 6951.42899807
1333 6951.97613568
1334 6952.43208369
1335 6953.07041091
1336 6953.51496022
1337 6954.01650304
1338 6954.51804585
1339 6955.08798087
1340 6955.57812498
1341 6956.0910665
1342 6956.64960281
1343 6957.07135472
1344 6957.49310664
1345 6957.90345985
1346 6958.45059746
1347 6958.92934288
1348 6959.25990519
1349 6959.7956441
1350 6960.31998432
1351 6960.65054662
1352 6961.15208944
1353 6961.60803745
1354 6962.09818157
1355 6962.58832568
1356 6962.93028669
1357 6963.3634373
1358 6963.84218271
1359 6964.32092813
1360 6964.75407874
1361 6965.27841895
1362 6965.80275917
1363 6966.31570068
1364 6966.65766169
1365 6967.14780581
1366 6967.56955772
1367 6968.03690443
1368 6968.56124465
1369 6969.03999006
1370 6969.73531078
1371 6970.4420302
1372 6970.96637041
1373 6971.47931193
1374 6971.99225344
1375 6972.42540406
1376 6972.86995337
1377 6973.34869878
1378 6973.9414312
1379 6974.51136621
1380 6975.21808563
1381 6975.76522325
1382 6976.31236086
1383 6976.77970758
1384 6977.25845299
1385 6977.80559061
1386 6978.26153862
1387 6978.78587883
1388 6979.49259825
1389 6980.01693847
1390 6980.56407608
1391 6981.099815
1392 6981.58995911
1393 6982.09150193
1394 6982.60444344
1395 6983.07179015
1396 6983.82410438
1397 6984.5536212
1398 6985.20334711
1399 6985.89866783
1400 6986.46860285
1401 6987.11832877
1402 6987.76805469
1403 6988.46337541
1404 6989.07890522
1405 6989.75142854
1406 6990.29856616
1407 6990.92549468
1408 6991.40424009
1409 6991.9171816
1410 6992.47571792
1411 6993.11404514
1412 6993.74097365
1413 6994.31090867
1414 6994.91503979
1415 6995.55336701
1416 6996.19169422
1417 6996.85281884
1418 6997.38855776
1419 6998.11807458
1420 6998.64241479
1421 6999.25794461
1422 6999.74808872
1423 7000.42061204
1424 7001.10453406
1425 7001.73146258
1426 7002.30139759
1427 7002.82573781
1428 7003.45266633
1429 7004.06819614
1430 7004.64952986
1431 7005.19666748
1432 7005.80079859
1433 7006.40492971
1434 7006.92926992
1435 7007.49920494
1436 7008.25151916
1437 7008.68466977
1438 7009.32299699
1439 7010.02971641
1440 7010.69084103
1441 7011.34056695
1442 7012.03588767
1443 7012.49183568
1444 7013.164359
1445 7013.70009791
1446 7014.30422903
1447 7014.96535365
1448 7015.56948477
1449 7016.25340679
1450 7016.8689366
1451 7017.45027032
1452 7018.11139494
1453 7018.68132995
1454 7019.31965717
1455 7019.85539609
1456 7020.52791941
1457 7021.21184143
1458 7021.83876994
1459 7022.44290106
1460 7023.06982958
1461 7023.8221438
1462 7024.52886322
1463 7025.06460213
1464 7025.73712545
1465 7026.30706047
1466 7027.01377989
1467 7027.76609411
1468 7028.45001613
1469 7029.19093165
1470 7029.82925887
1471 7030.46758609
1472 7031.16290681
1473 7031.88102493
1474 7032.43956124
1475 7033.07788846
1476 7033.80740528
1477 7034.4229351
1478 7035.12965452
1479 7035.74518433
1480 7036.30372065
1481 7037.03323747
1482 7037.63736859
1483 7038.38968281
1484 7039.14199703
1485 7039.83731775
1486 7040.60103067
1487 7041.25075659
1488 7041.7522994
1489 7042.47041752
1490 7042.98335904
1491 7043.71287586
1492 7044.23721607
1493 7044.64756928
1494 7045.3086939
1495 7045.83303412
1496 7046.47136134
1497 7047.01849895
1498 7047.70242097
1499 7048.31795079
1500 7049.01327151
1501 10000.0
