0 0.0
1 0.0
2 0.0
3 0.0
4 0.0
5 0.0
6 0.0
7 0.0
8 0.0
561 42.3728813559
562 42.3728813559
563 42.3728813559
564 42.3728813559
565 42.3728813559
566 42.3728813559
567 42.3728813559
568 42.3728813559
569 42.3728813559
570 42.3728813559
574 84.7457627119
575 127.118644068
576 127.118644068
577 127.118644068
578 169.491525424
579 169.491525424
580 169.491525424
581 211.86440678
582 211.86440678
583 211.86440678
584 211.86440678
585 211.86440678
586 211.86440678
587 254.237288136
588 254.237288136
589 254.237288136
590 254.237288136
591 254.237288136
592 296.610169492
593 296.610169492
594 296.610169492
595 296.610169492
596 296.610169492
597 296.610169492
598 296.610169492
599 296.610169492
600 296.610169492
601 338.983050847
602 381.355932203
603 381.355932203
604 381.355932203
605 423.728813559
606 423.728813559
607 508.474576271
608 593.220338983
609 593.220338983
610 635.593220339
611 635.593220339
612 677.966101695
613 677.966101695
614 677.966101695
615 677.966101695
616 677.966101695
617 677.966101695
618 720.338983051
619 720.338983051
620 720.338983051
621 720.338983051
622 720.338983051
623 720.338983051
624 805.084745763
625 805.084745763
626 805.084745763
627 847.457627119
628 889.830508475
629 932.203389831
630 932.203389831
631 932.203389831
632 974.576271186
633 974.576271186
634 1016.94915254
635 1016.94915254
636 1016.94915254
637 1016.94915254
638 1059.3220339
639 1101.69491525
640 1101.69491525
641 1144.06779661
642 1144.06779661
643 1228.81355932
644 1228.81355932
645 1228.81355932
646 1228.81355932
647 1271.18644068
648 1313.55932203
649 1355.93220339
650 1355.93220339
651 1355.93220339
652 1355.93220339
653 1355.93220339
654 1440.6779661
655 1440.6779661
656 1483.05084746
657 1483.05084746
658 1525.42372881
659 1525.42372881
660 1525.42372881
661 1567.79661017
662 1567.79661017
663 1567.79661017
664 1567.79661017
665 1567.79661017
666 1610.16949153
667 1652.54237288
668 1652.54237288
669 1652.54237288
670 1737.28813559
671 1779.66101695
672 1822.03389831
673 1864.40677966
674 1864.40677966
675 1864.40677966
676 1864.40677966
677 1864.40677966
678 1864.40677966
679 1864.40677966
680 1864.40677966
681 1864.40677966
682 1864.40677966
684 1906.77966102
685 1906.77966102
686 1906.77966102
687 1906.77966102
688 1906.77966102
689 1906.77966102
690 1906.77966102
691 1949.15254237
692 1949.15254237
693 1949.15254237
694 1949.15254237
695 1949.15254237
696 1991.52542373
697 1991.52542373
698 1991.52542373
699 1991.52542373
700 1991.52542373
701 1991.52542373
702 1991.52542373
703 1991.52542373
704 1991.52542373
705 1991.52542373
706 2033.89830508
707 2033.89830508
708 2033.89830508
709 2033.89830508
710 2033.89830508
711 2033.89830508
712 2033.89830508
713 2033.89830508
714 2033.89830508
715 2033.89830508
717 2076.27118644
718 2076.27118644
719 2076.27118644
720 2076.27118644
721 2076.27118644
722 2076.27118644
723 2076.27118644
724 2118.6440678
725 2118.6440678
726 2118.6440678
727 2118.6440678
728 2118.6440678
729 2118.6440678
730 2118.6440678
731 2118.6440678
732 2118.6440678
733 2118.6440678
737 2161.01694915
738 2161.01694915
739 2161.01694915
740 2161.01694915
741 2161.01694915
742 2161.01694915
743 2161.01694915
744 2161.01694915
745 2161.01694915
746 2161.01694915
760 2203.38983051
761 2203.38983051
762 2203.38983051
763 2203.38983051
764 2203.38983051
765 2203.38983051
766 2203.38983051
767 2245.76271186
768 2245.76271186
769 2245.76271186
770 2245.76271186
771 2245.76271186
772 2288.13559322
773 2288.13559322
774 2330.50847458
775 2330.50847458
776 2330.50847458
777 2330.50847458
778 2330.50847458
779 2330.50847458
780 2330.50847458
781 2330.50847458
782 2330.50847458
783 2372.88135593
784 2372.88135593
785 2372.88135593
786 2372.88135593
787 2372.88135593
788 2372.88135593
789 2372.88135593
790 2372.88135593
791 2372.88135593
792 2372.88135593
802 2415.25423729
803 2457.62711864
804 2457.62711864
805 2457.62711864
806 2457.62711864
807 2457.62711864
808 2457.62711864
809 2457.62711864
810 2500.0
811 2500.0
812 2500.0
813 2542.37288136
814 2584.74576271
815 2627.11864407
816 2627.11864407
817 2627.11864407
818 2627.11864407
819 2627.11864407
820 2627.11864407
821 2627.11864407
822 2627.11864407
823 2627.11864407
824 2627.11864407
826 2669.49152542
827 2669.49152542
828 2669.49152542
829 2669.49152542
830 2669.49152542
831 2711.86440678
832 2711.86440678
833 2711.86440678
834 2711.86440678
835 2711.86440678
836 2711.86440678
837 2711.86440678
838 2711.86440678
839 2711.86440678
840 2711.86440678
844 2754.23728814
845 2754.23728814
846 2796.61016949
847 2796.61016949
848 2796.61016949
849 2796.61016949
850 2796.61016949
851 2796.61016949
852 2796.61016949
853 2796.61016949
854 2881.3559322
855 2881.3559322
856 2881.3559322
857 2881.3559322
858 2881.3559322
859 2881.3559322
860 2923.72881356
861 2923.72881356
862 2966.10169492
863 2966.10169492
864 2966.10169492
865 2966.10169492
866 2966.10169492
867 2966.10169492
868 2966.10169492
869 3008.47457627
870 3008.47457627
871 3050.84745763
872 3050.84745763
873 3050.84745763
874 3050.84745763
875 3050.84745763
876 3050.84745763
877 3050.84745763
878 3050.84745763
879 3050.84745763
880 3050.84745763
884 3093.22033898
885 3093.22033898
886 3093.22033898
887 3093.22033898
888 3093.22033898
889 3093.22033898
890 3093.22033898
891 3093.22033898
892 3093.22033898
893 3093.22033898
897 3135.59322034
898 3135.59322034
899 3135.59322034
900 3135.59322034
901 3135.59322034
902 3135.59322034
903 3135.59322034
904 3135.59322034
905 3220.33898305
906 3262.71186441
907 3347.45762712
908 3347.45762712
909 3347.45762712
910 3347.45762712
911 3347.45762712
912 3347.45762712
913 3389.83050847
914 3389.83050847
915 3389.83050847
916 3389.83050847
917 3432.20338983
918 3474.57627119
919 3474.57627119
920 3474.57627119
921 3474.57627119
922 3474.57627119
923 3474.57627119
924 3474.57627119
925 3474.57627119
926 3474.57627119
927 3474.57627119
928 3516.94915254
929 3516.94915254
930 3559.3220339
931 3559.3220339
932 3559.3220339
933 3559.3220339
934 3601.69491525
935 3601.69491525
936 3601.69491525
937 3601.69491525
938 3644.06779661
939 3686.44067797
940 3686.44067797
941 3686.44067797
942 3728.81355932
943 3728.81355932
944 3728.81355932
945 3728.81355932
946 3728.81355932
947 3728.81355932
948 3728.81355932
949 3771.18644068
950 3771.18644068
951 3771.18644068
952 3771.18644068
953 3771.18644068
954 3771.18644068
955 3771.18644068
956 3855.93220339
957 3855.93220339
958 3855.93220339
959 3855.93220339
960 3855.93220339
961 3855.93220339
962 3855.93220339
963 3855.93220339
964 3855.93220339
965 3855.93220339
967 3898.30508475
968 3898.30508475
969 3940.6779661
970 3940.6779661
971 3940.6779661
972 3940.6779661
973 3940.6779661
974 3983.05084746
975 4025.42372881
976 4025.42372881
977 4025.42372881
978 4025.42372881
979 4025.42372881
980 4025.42372881
981 4025.42372881
982 4110.16949153
983 4110.16949153
984 4110.16949153
985 4152.54237288
986 4152.54237288
987 4152.54237288
988 4152.54237288
989 4152.54237288
990 4152.54237288
991 4152.54237288
992 4152.54237288
993 4152.54237288
994 4152.54237288
998 4194.91525424
999 4194.91525424
1000 4194.91525424
1001 4194.91525424
1002 4194.91525424
1003 4237.28813559
1004 4237.28813559
1005 4279.66101695
1006 4279.66101695
1007 4279.66101695
1008 4279.66101695
1009 4322.03389831
1010 4364.40677966
1011 4364.40677966
1012 4364.40677966
1013 4364.40677966
1014 4406.77966102
1015 4406.77966102
1016 4449.15254237
1017 4491.52542373
1018 4491.52542373
1019 4491.52542373
1020 4491.52542373
1021 4491.52542373
1022 4491.52542373
1023 4491.52542373
1024 4491.52542373
1025 4491.52542373
1026 4491.52542373
1032 4533.89830508
1033 4533.89830508
1034 4533.89830508
1035 4533.89830508
1036 4533.89830508
1037 4533.89830508
1038 4533.89830508
1039 4533.89830508
1040 4533.89830508
1041 4533.89830508
1044 4618.6440678
1045 4661.01694915
1046 4661.01694915
1047 4661.01694915
1048 4661.01694915
1049 4703.38983051
1050 4703.38983051
1051 4703.38983051
1052 4703.38983051
1053 4745.76271186
1054 4745.76271186
1055 4745.76271186
1056 4788.13559322
1057 4788.13559322
1058 4788.13559322
1059 4872.88135593
1060 4915.25423729
1061 4915.25423729
1062 4915.25423729
1063 4915.25423729
1064 4915.25423729
1065 4957.62711864
1066 4957.62711864
1067 5000.0
1068 5042.37288136
1069 5042.37288136
1070 5042.37288136
1071 5042.37288136
1072 5042.37288136
1073 5042.37288136
1074 5042.37288136
1075 5042.37288136
1076 5042.37288136
1077 5042.37288136
1085 5084.74576271
1086 5127.11864407
1087 5127.11864407
1088 5127.11864407
1089 5127.11864407
1090 5169.49152542
1091 5169.49152542
1092 5169.49152542
1093 5169.49152542
1094 5211.86440678
1095 5211.86440678
1096 5211.86440678
1097 5211.86440678
1098 5254.23728814
1099 5254.23728814
1100 5254.23728814
1101 5338.98305085
1102 5338.98305085
1103 5338.98305085
1104 5381.3559322
1105 5381.3559322
1106 5423.72881356
1107 5423.72881356
1108 5423.72881356
1109 5423.72881356
1110 5423.72881356
1111 5466.10169492
1112 5466.10169492
1113 5466.10169492
1114 5466.10169492
1115 5508.47457627
1116 5508.47457627
1117 5508.47457627
1118 5508.47457627
1119 5508.47457627
1120 5508.47457627
1121 5508.47457627
1122 5508.47457627
1123 5508.47457627
1124 5508.47457627
1125 5550.84745763
1126 5550.84745763
1127 5550.84745763
1128 5550.84745763
1129 5550.84745763
1130 5550.84745763
1131 5550.84745763
1132 5550.84745763
1133 5550.84745763
1134 5550.84745763
1137 5593.22033898
1138 5593.22033898
1139 5593.22033898
1140 5593.22033898
1141 5593.22033898
1142 5593.22033898
1143 5635.59322034
1144 5677.96610169
1145 5720.33898305
1146 5720.33898305
1147 5720.33898305
1148 5720.33898305
1149 5720.33898305
1150 5762.71186441
1151 5762.71186441
1152 5805.08474576
1153 5805.08474576
1154 5847.45762712
1155 5889.83050847
1156 5932.20338983
1157 5932.20338983
1158 5932.20338983
1159 5932.20338983
1160 5932.20338983
1161 5932.20338983
1162 5974.57627119
1163 5974.57627119
1164 5974.57627119
1165 5974.57627119
1166 6016.94915254
1167 6016.94915254
1168 6016.94915254
1169 6016.94915254
1170 6059.3220339
1171 6059.3220339
1172 6059.3220339
1173 6059.3220339
1174 6059.3220339
1175 6059.3220339
1176 6059.3220339
1177 6059.3220339
1178 6059.3220339
1179 6059.3220339
1181 6101.69491525
1182 6101.69491525
1183 6101.69491525
1184 6101.69491525
1185 6101.69491525
1186 6144.06779661
1187 6144.06779661
1188 6144.06779661
1189 6186.44067797
1190 6271.18644068
1191 6271.18644068
1192 6271.18644068
1193 6271.18644068
1194 6271.18644068
1195 6271.18644068
1196 6271.18644068
1197 6313.55932203
1198 6355.93220339
1199 6355.93220339
1200 6355.93220339
1201 6398.30508475
1202 6440.6779661
1203 6483.05084746
1204 6483.05084746
1205 6483.05084746
1206 6483.05084746
1207 6483.05084746
1208 6483.05084746
1209 6483.05084746
1210 6483.05084746
1211 6525.42372881
1212 6525.42372881
1213 6525.42372881
1214 6525.42372881
1215 6525.42372881
1216 6567.79661017
1217 6567.79661017
1218 6567.79661017
1219 6567.79661017
1220 6567.79661017
1221 6610.16949153
1222 6652.54237288
1223 6652.54237288
1224 6694.91525424
1225 6694.91525424
1226 6694.91525424
1227 6694.91525424
1228 6694.91525424
1229 6694.91525424
1230 6694.91525424
1231 6694.91525424
1232 6737.28813559
1233 6737.28813559
1234 6737.28813559
1235 6822.03389831
1236 6822.03389831
1237 6822.03389831
1238 6822.03389831
1239 6822.03389831
1240 6822.03389831
1241 6822.03389831
1242 6822.03389831
1243 6822.03389831
1244 6822.03389831
1247 6864.40677966
1248 6864.40677966
1249 6864.40677966
1250 6864.40677966
1251 6864.40677966
1252 6864.40677966
1253 6864.40677966
1254 6906.77966102
1255 6906.77966102
1256 6906.77966102
1257 6906.77966102
1258 6906.77966102
1259 6906.77966102
1260 6906.77966102
1261 6906.77966102
1262 6906.77966102
1263 6906.77966102
1266 6949.15254237
1267 6949.15254237
1268 6949.15254237
1269 6949.15254237
1270 6949.15254237
1271 6949.15254237
1272 6949.15254237
1273 6949.15254237
1274 6949.15254237
1275 6949.15254237
1287 6991.52542373
1288 6991.52542373
1289 6991.52542373
1290 6991.52542373
1291 6991.52542373
1292 6991.52542373
1293 6991.52542373
1294 7033.89830508
1295 7033.89830508
1296 7033.89830508
1297 7033.89830508
1298 7033.89830508
1299 7033.89830508
1300 7033.89830508
1301 7033.89830508
1302 7033.89830508
1303 7033.89830508
1305 7076.27118644
1306 7076.27118644
1307 7076.27118644
1308 7076.27118644
1309 7076.27118644
1310 7076.27118644
1311 7076.27118644
1312 7076.27118644
1313 7076.27118644
1314 7076.27118644
1399 7118.6440678
1400 7118.6440678
1401 7118.6440678
1402 7118.6440678
1403 7118.6440678
1404 7118.6440678
1405 7118.6440678
1406 7118.6440678
1407 7118.6440678
1408 7118.6440678
1445 7161.01694915
1446 7161.01694915
1447 7161.01694915
1448 7161.01694915
1449 7203.38983051
1450 7203.38983051
1451 7203.38983051
1452 7203.38983051
1453 7203.38983051
1454 7203.38983051
1455 7203.38983051
1456 7203.38983051
1457 7203.38983051
1458 7203.38983051
1501 10000.0
