0 0.0
1 0.0
2 0.0
3 0.0
4 0.0
5 0.0
6 0.0
7 0.0
8 0.0
61 0.149864073286
62 1.12897601875
63 3.43688274735
64 10.2507026127
65 30.5522890738
66 76.9901699159
67 145.767788616
68 222.028620042
69 335.086076928
70 473.490544077
71 574.778675741
72 644.105796043
73 698.466490893
74 738.020615302
75 767.054281766
76 788.994382095
77 806.418578349
78 820.995357211
79 834.433169116
80 846.941823766
81 858.321502397
82 868.132603728
83 876.954602176
84 886.136274399
85 895.238019117
86 903.590443468
87 911.972840634
88 920.824811896
89 929.646810343
90 938.159089706
91 945.272637718
92 951.197264081
93 957.081926692
94 961.497921385
95 965.634169808
96 969.160970999
97 972.368062168
98 975.405307386
99 978.612398555
100 981.269988121
101 984.07744176
102 986.615140068
103 989.192802128
104 991.720509498
105 994.428053755
106 996.596087349
107 999.463486618
108 1001.90127554
109 1003.86949037
110 1005.71781394
111 1007.31636406
112 1008.80501385
113 1009.98394456
114 1011.26278465
115 1012.3717788
116 1013.64062795
117 1014.77959491
118 1015.81865248
119 1017.53709386
120 1018.81593395
121 1019.90494621
122 1021.07388599
123 1021.97307043
124 1023.06208269
125 1024.49078686
126 1025.41994411
127 1026.31912855
128 1027.09842173
129 1027.74783272
130 1028.44719839
131 1029.06663656
132 1029.76600224
133 1030.55528636
134 1031.24466109
135 1032.44357368
136 1033.15293029
137 1034.19198787
138 1035.36092764
139 1036.46992178
140 1037.78872563
141 1039.10752947
142 1040.43632425
143 1041.5453184
144 1042.45449377
145 1043.35367821
146 1044.47266329
147 1045.56167556
148 1046.71063346
149 1047.94950979
150 1049.2583227
151 1050.13752526
152 1050.68702687
153 1051.17658284
154 1051.76604819
155 1052.29556792
156 1052.74516014
157 1053.01491547
158 1053.39457112
159 1053.7542449
160 1054.16387337
161 1054.57350183
162 1055.25288563
163 1055.77241442
164 1056.56169854
165 1057.26106421
166 1057.80057488
167 1058.37005836
168 1058.98949653
169 1059.79876252
170 1060.65798321
171 1061.27742138
172 1062.0667055
173 1062.77606211
174 1063.32556371
175 1063.81511969
176 1064.15481159
177 1064.5244763
178 1064.96407758
179 1065.37370605
180 1065.65345232
181 1066.00313516
182 1066.25290861
183 1066.58260957
184 1067.00222898
185 1067.39187557
186 1067.6616309
187 1067.86144967
188 1068.19115063
189 1068.49087877
190 1068.90050724
191 1069.32012665
192 1069.71976417
193 1070.10941076
194 1070.52903017
195 1070.94864957
196 1071.40823273
197 1071.79787932
198 1072.22748967
199 1072.7070547
200 1073.32649287
201 1073.89597635
202 1074.83512454
203 1075.6343996
204 1076.36373809
205 1076.95320344
206 1077.53267786
207 1078.02223383
208 1078.48181699
209 1078.95139109
210 1079.46092894
211 1079.97046679
212 1080.51996839
213 1081.00952436
214 1081.50907127
215 1082.08854569
216 1082.7979023
217 1083.33741297
218 1083.97683301
219 1084.68618963
220 1085.50544656
221 1086.29473068
222 1087.02406917
223 1087.83333517
224 1088.48274615
225 1089.1221662
226 1089.6716678
227 1090.19119658
228 1090.55087036
229 1091.06040821
230 1091.41009105
231 1091.81971951
232 1092.17939329
233 1092.49910331
234 1092.8088224
235 1093.13852336
236 1093.51817901
237 1093.79792528
238 1094.04769874
239 1094.32744501
240 1094.55723659
241 1094.96686505
242 1095.24661132
243 1095.46641196
244 1095.64624885
245 1095.79611293
246 1096.0259045
247 1096.26568702
248 1096.43553297
249 1096.73526112
250 1096.89511613
251 1097.18485334
252 1097.31473553
253 1097.61446368
254 1098.02409215
255 1098.50365718
256 1099.11310441
257 1099.87241572
258 1100.85152766
259 1102.29022277
260 1104.31838323
261 1108.08496693
262 1111.73165938
263 1116.9369382
264 1122.99144676
265 1130.54459605
266 1138.40746443
267 1147.17950819
268 1155.87162444
269 1164.73358664
270 1174.76448861
271 1182.8671395
272 1192.72819553
273 1203.71822757
274 1216.7963657
275 1229.60474849
276 1245.87998685
277 1262.29509835
278 1280.04899556
279 1300.39054577
280 1315.91646377
281 1332.01186524
282 1344.07092767
283 1355.35069692
284 1363.32346562
285 1371.16635212
286 1377.45065226
287 1383.63504302
288 1388.1009924
289 1392.45704146
290 1396.98293648
291 1400.67958362
292 1404.90575048
293 1408.48250637
294 1412.29904477
295 1415.29632623
296 1418.67326335
297 1421.5106898
298 1424.02840624
299 1426.29634921
300 1428.48436468
301 1430.73232578
302 1432.26093933
303 1433.90944413
304 1435.2082661
305 1436.63697027
306 1437.82589192
307 1438.944877
308 1439.86404331
309 1440.78320963
310 1441.75233064
311 1442.58157851
312 1443.49075389
313 1444.08021924
314 1444.91945805
315 1445.59884185
316 1446.37813503
317 1446.93762757
318 1447.58703856
319 1448.03663078
320 1448.64607801
321 1449.38540744
322 1449.96488185
323 1450.61429284
324 1451.12383069
325 1451.74326886
326 1452.08296075
327 1452.52256204
328 1453.01211801
329 1453.39177366
330 1453.88132963
331 1454.40085842
332 1454.91039627
333 1455.40994318
334 1455.88950822
335 1456.31911856
336 1456.61884671
337 1456.97852048
338 1457.3481852
339 1457.72784085
340 1458.26735151
341 1458.67697998
342 1459.22648158
343 1459.6760738
344 1460.07571133
345 1460.55527636
346 1460.92494108
347 1461.42448799
348 1461.85409833
349 1462.25373586
350 1462.64338245
351 1462.99306529
352 1463.41268469
353 1463.78234941
354 1464.16200506
355 1464.47172415
356 1464.69152479
357 1464.97127106
358 1465.30097202
359 1465.62068204
360 1465.86046456
361 1466.30006584
362 1466.56982117
363 1466.99943152
364 1467.29915966
365 1467.65883344
366 1467.88862502
367 1468.14838941
368 1468.41814474
369 1468.73785477
370 1468.99761916
371 1469.24739261
372 1469.50715701
373 1469.84684891
374 1470.19653175
375 1470.45629614
376 1470.84594273
377 1471.13567994
378 1471.53531747
379 1471.87500937
380 1472.2246922
381 1472.51442941
382 1472.71424818
383 1473.0339582
384 1473.31370447
385 1473.55348699
386 1473.76329669
387 1474.09299765
388 1474.40271674
389 1474.67247207
390 1474.88228177
391 1475.2819193
392 1475.63160214
393 1476.03123967
394 1476.39091344
395 1476.61071408
396 1476.9803788
397 1477.23015225
398 1477.56984415
399 1477.95949074
400 1478.23923701
401 1478.51898328
402 1478.87865706
403 1479.32824928
404 1479.65795024
405 1479.95767839
406 1480.30736122
407 1480.56712562
408 1480.84687189
409 1481.11662722
410 1481.36640067
411 1481.70609257
412 1481.98583884
413 1482.21563042
414 1482.59528608
415 1482.87503235
416 1483.13479674
417 1483.4644977
418 1483.76422585
419 1483.98402649
420 1484.34370026
421 1484.50355528
422 1484.72335592
423 1485.01309312
424 1485.43271253
425 1485.66250411
426 1485.9222685
427 1486.13207821
428 1486.40183354
429 1486.70156168
430 1486.97131702
431 1487.16114484
432 1487.4908458
433 1487.69066457
434 1487.91046521
435 1488.23017523
436 1488.46995775
437 1488.86959528
438 1489.14934155
439 1489.51900626
440 1489.84870722
441 1490.11846255
442 1490.31828132
443 1490.49811821
444 1490.70792791
445 1490.98767418
446 1491.23744763
447 1491.45724828
448 1491.72700361
449 1491.96678612
450 1492.25652333
451 1492.49630585
452 1492.73608837
453 1492.96587995
454 1493.18568059
455 1493.48540873
456 1493.78513688
457 1494.06488315
458 1494.33463848
459 1494.67433038
460 1494.86415821
461 1495.17387729
462 1495.50357825
463 1495.70339702
464 1495.89322485
465 1496.07306173
466 1496.22292581
467 1496.45271739
468 1496.66252709
469 1497.02220086
470 1497.28196526
471 1497.5017659
472 1497.68160279
473 1497.95135812
474 1498.16116782
475 1498.32102283
476 1498.50085972
477 1498.66071473
478 1498.8605335
479 1499.11030695
480 1499.33010759
481 1499.56989011
482 1499.85962732
483 1500.05944608
484 1500.20931016
485 1500.44909267
486 1500.75881176
487 1500.92865771
488 1501.08851272
489 1501.33828617
490 1501.48815025
491 1501.77788746
492 1502.00767904
493 1502.22747968
494 1502.47725313
495 1502.69705377
496 1502.86689972
497 1503.0966913
498 1503.31649194
499 1503.46635602
500 1503.71612947
501 1503.9059573
502 1504.18570357
503 1504.41549515
504 1504.69524142
505 1504.97498769
506 1505.10486988
507 1505.33466146
508 1505.52448929
509 1505.76427181
510 1505.92412682
511 1506.18389121
512 1506.41368279
513 1506.69342906
514 1506.92322064
515 1507.22294879
516 1507.45274036
517 1507.71250476
518 1508.03221478
519 1508.22204261
520 1508.45183419
521 1508.72158952
522 1509.01132673
523 1509.24111831
524 1509.47090988
525 1509.66073771
526 1509.9205021
527 1510.12032087
528 1510.36010339
529 1510.52994934
530 1510.71977716
531 1510.91959593
532 1511.05946906
533 1511.32922439
534 1511.57899785
535 1511.79879849
536 1511.9586535
537 1512.18844508
538 1512.44820947
539 1512.61805542
540 1512.88781076
541 1513.1875389
542 1513.49725799
543 1513.74703144
544 1513.93685927
545 1514.17664179
546 1514.39644243
547 1514.5463065
548 1514.85602558
549 1515.20570842
550 1515.47546375
551 1515.78518284
552 1516.06492911
553 1516.34467538
554 1516.64440353
555 1517.01406824
556 1517.3437692
557 1517.8133433
558 1518.18300801
559 1518.50271803
560 1518.86239181
561 1519.30199309
562 1519.77156719
563 1520.35104161
564 1521.02043447
565 1521.79972765
566 1522.62897552
567 1523.55813277
568 1524.56721753
569 1525.59628417
570 1526.86513332
571 1528.15396435
572 1529.40283163
573 1530.94143612
574 1532.72981406
575 1534.55815575
576 1536.36651557
577 1538.66443136
578 1540.98232903
579 1543.45009077
580 1546.22757159
581 1549.12494368
582 1551.84247887
583 1554.93966972
584 1558.06683338
585 1561.61361645
586 1565.60999174
587 1569.47648483
588 1573.38294167
589 1577.37931696
590 1582.0950398
591 1587.39023705
592 1592.49560648
593 1597.86074031
594 1603.03604631
595 1608.67093546
596 1614.66549839
597 1620.550161
598 1626.50476018
599 1632.20958591
600 1638.79361419
601 1645.2777331
602 1652.14150765
603 1659.08520971
604 1665.78912926
605 1673.36226043
606 1680.56572689
607 1687.89907554
608 1695.11253293
609 1701.81645248
610 1709.41955646
611 1717.57216205
612 1725.40505761
613 1732.7483972
614 1739.74205396
615 1747.76477735
616 1755.57769103
617 1764.05999758
618 1772.39244006
619 1780.67492784
620 1789.16722533
621 1797.82936876
622 1806.30168437
623 1815.23358314
624 1824.02560877
625 1833.06740786
626 1843.00839139
627 1853.42893995
628 1863.08018627
629 1873.11108824
630 1883.04208083
631 1894.04210381
632 1905.94131123
633 1917.97040085
634 1930.56897394
635 1942.14847134
636 1955.80608388
637 1969.58358769
638 1983.75073808
639 1998.04777067
640 2013.034178
641 2027.90069407
642 2044.07602305
643 2060.0615242
644 2077.69553015
645 2094.35042417
646 2112.29414921
647 2130.277838
648 2149.19068405
649 2168.38327637
650 2186.20711015
651 2205.03003776
652 2224.7521498
653 2244.06463338
654 2264.38620172
655 2283.13919275
656 2302.54159477
657 2321.70421428
658 2340.27736843
659 2359.67977045
660 2378.36282492
661 2396.77612406
662 2415.21939601
663 2433.28301231
664 2450.99694577
665 2469.53013617
666 2486.54470395
667 2503.60922643
668 2520.87356767
669 2537.98804484
670 2553.95356412
671 2568.5103611
672 2583.44681374
673 2598.65302171
674 2613.00999993
675 2627.89649788
676 2641.21441852
677 2654.94196764
678 2668.26987922
679 2680.99833451
680 2693.14731538
681 2704.68684903
682 2716.92574835
683 2728.625137
684 2739.77502405
685 2750.88494735
686 2762.10477097
687 2772.5952561
688 2782.84595872
689 2793.20656165
690 2803.73701053
691 2813.24838372
692 2822.71979315
693 2832.37103947
694 2841.9223764
695 2851.55364085
696 2860.74530401
697 2869.53732964
698 2878.41927372
699 2886.74172526
700 2895.51376901
701 2904.13594869
702 2912.40844554
703 2920.62099676
704 2928.85352985
705 2936.57652509
706 2944.48934816
707 2952.11243402
708 2960.13515741
709 2967.98803485
710 2975.42129289
711 2983.01440593
712 2990.55756429
713 2997.68110324
714 3005.45405317
715 3012.69748338
716 3019.99086828
717 3026.98452504
718 3033.91823616
719 3040.97183854
720 3047.88556779
721 3054.69938766
722 3061.21347937
723 3068.3570002
724 3075.58044853
725 3082.68400561
726 3089.66767142
727 3096.57140973
728 3103.0455377
729 3109.85935756
730 3116.39343116
731 3123.5669248
732 3130.78038219
733 3136.89483638
734 3143.69866531
735 3150.72229488
736 3157.83584289
737 3164.74957214
738 3171.08382697
739 3177.84769214
740 3184.21191979
741 3190.55616556
742 3197.19014854
743 3203.22467522
744 3209.47900254
745 3216.12297646
746 3222.42725848
747 3228.99130489
748 3235.24563221
749 3241.39005922
750 3247.69434123
751 3254.2983514
752 3260.81244311
753 3267.10673419
754 3272.95143305
755 3279.1857785
756 3285.68987928
757 3292.22395287
758 3298.45829832
759 3304.36294281
760 3310.41745137
761 3316.49194181
762 3322.76625101
763 3328.90068708
764 3334.92522282
765 3340.6700123
766 3346.40481084
767 3352.55922878
768 3358.85351986
769 3364.76815528
770 3370.66280883
771 3376.86718147
772 3382.90170815
773 3388.97619859
774 3395.01072527
775 3401.12517946
776 3407.1996699
777 3413.22420565
778 3419.05891357
779 3424.56392052
780 3430.00898185
781 3435.76376227
782 3441.93816209
783 3448.10257097
784 3454.58668987
785 3460.52130717
786 3466.67572512
787 3472.78018837
788 3478.67484192
789 3484.57948641
790 3490.32427588
791 3496.55862133
792 3503.15264056
793 3509.34702225
794 3515.53141301
795 3521.69582189
796 3527.46059324
797 3533.53508368
798 3539.55961943
799 3545.52420954
800 3551.12912588
801 3556.9638338
802 3562.8185236
803 3569.07285092
804 3575.04743198
805 3580.9620674
806 3586.30721935
807 3592.57153762
808 3599.18553872
809 3605.39990229
810 3611.01480957
811 3616.61972591
812 3622.50438852
813 3628.7986796
814 3635.06299786
815 3640.83776015
816 3646.77237745
817 3652.84686789
818 3658.81145801
819 3665.32554973
820 3671.35008547
821 3676.82511962
822 3683.20932914
823 3688.87419111
824 3694.78882653
825 3700.87330791
826 3706.7779524
827 3712.80248814
828 3718.60722325
829 3724.93148714
830 3731.00597758
831 3736.76075799
832 3742.49555653
833 3748.3702282
834 3754.68450116
835 3760.77897347
836 3766.19406199
837 3771.58916862
838 3777.32396716
839 3783.34850291
840 3789.51291179
841 3795.50747472
842 3801.04245449
843 3806.78724397
844 3812.28225999
845 3817.98708571
846 3823.93169395
847 3829.52661936
848 3835.50120041
849 3841.75552774
850 3847.77007254
851 3853.75464454
852 3859.50942495
853 3865.12433223
854 3870.81916702
855 3876.97358496
856 3882.788311
857 3888.37324547
858 3893.97816181
859 3900.07263412
860 3905.78745078
861 3911.8319684
862 3916.95731971
863 3922.74207294
864 3928.57678086
865 3934.50140722
866 3940.08634169
867 3946.00097711
868 3951.7757394
869 3957.500547
870 3963.18539085
871 3969.17995378
872 3975.11457108
873 3981.09914308
874 3987.55328917
875 3993.4179699
876 3999.39255096
877 4005.40709576
878 4011.39166776
879 4017.38623069
880 4023.42075737
881 4029.90487628
882 4035.87945733
883 4041.82406557
884 4048.25822979
885 4054.4326296
886 4060.81683913
887 4066.72148361
888 4072.24647245
889 4078.12114412
890 4084.34549863
891 4090.46994376
892 4096.50447045
893 4102.40911493
894 4108.49359631
895 4114.99769709
896 4121.0921694
897 4127.22660547
898 4133.16122277
899 4139.27567696
900 4145.26024895
901 4151.74436786
902 4158.30841427
903 4164.57273253
904 4170.25757638
905 4176.91154123
906 4182.88612229
907 4189.07051304
908 4194.96516659
909 4201.1095936
910 4207.42386655
911 4213.85803077
912 4220.25223123
913 4226.3367126
914 4232.31129366
915 4238.66553036
916 4245.23956771
917 4251.6137863
918 4258.14785989
919 4264.5820241
920 4271.36587115
921 4277.82001724
922 4283.91448956
923 4291.12794695
924 4297.26238302
925 4303.75649286
926 4310.66023117
927 4317.56396948
928 4324.80739969
929 4331.27153672
930 4337.71569187
931 4344.73932144
932 4351.87285132
933 4359.46596437
934 4366.41965737
935 4373.46326882
936 4380.68671715
937 4387.61043733
938 4394.93379505
939 4402.19720713
940 4408.86116293
941 4415.71494654
942 4422.7086033
943 4430.06193383
944 4437.88483845
945 4445.05833209
946 4453.1110283
947 4461.00386949
948 4468.99662007
949 4476.37992341
950 4483.27367078
951 4490.66696506
952 4498.34000561
953 4506.13293743
954 4513.42632233
955 4520.96948068
956 4528.23289277
957 4535.71610549
958 4543.41911886
959 4550.76245845
960 4557.91597022
961 4565.66893827
962 4573.31200601
963 4581.02501032
964 4588.6281143
965 4596.10133609
966 4603.554576
967 4611.32752593
968 4619.15043056
969 4627.18314489
970 4634.60641198
971 4642.07963377
972 4649.66275588
973 4657.09601392
974 4664.73908165
975 4672.37215845
976 4679.8353893
977 4687.94803114
978 4695.51117137
979 4703.66377695
980 4711.90630099
981 4718.99986712
982 4726.16336982
983 4733.65657349
984 4740.81008525
985 4748.64298082
986 4755.98632041
987 4763.90913442
988 4771.55220215
989 4779.60489836
990 4787.43779392
991 4794.94098852
992 4802.62402001
993 4809.97735054
994 4817.89017361
995 4825.912897
996 4833.66586506
997 4841.36887843
998 4849.10186461
999 4857.17454269
1000 4865.47701235
1001 4873.49973574
1002 4881.5923957
1003 4889.78496504
1004 4898.09742563
1005 4906.30997685
1006 4914.18283617
1007 4922.0856683
1008 4930.23827389
1009 4938.85046263
1010 4947.26283261
1011 4956.15476763
1012 4964.51718292
1013 4973.31919949
1014 4982.05127949
1015 4990.9432145
1016 5000.16485048
1017 5008.56722952
1018 5017.22937296
1019 5026.03138953
1020 5034.87336985
1021 5043.4855586
1022 5051.98784702
1023 5060.88977298
1024 5070.05146332
1025 5079.25311742
1026 5088.31489839
1027 5096.64734086
1028 5105.14962929
1029 5114.5111384
1030 5123.39308247
1031 5132.42489062
1032 5141.55660816
1033 5150.61838912
1034 5159.59025164
1035 5168.49217759
1036 5177.72380451
1037 5186.68567609
1038 5195.35781047
1039 5203.99997203
1040 5212.62215171
1041 5221.64396892
1042 5230.63581332
1043 5238.63855483
1044 5246.95101543
1045 5255.65312262
1046 5264.68493077
1047 5273.92654862
1048 5282.86843833
1049 5291.7503824
1050 5300.14277051
1051 5308.74496831
1052 5317.77677646
1053 5325.99931862
1054 5334.72140768
1055 5343.45348769
1056 5352.09564925
1057 5360.82772925
1058 5368.96035296
1059 5376.77326665
1060 5384.89589942
1061 5392.87865906
1062 5401.00129183
1063 5408.7043052
1064 5416.94682923
1065 5424.9395798
1066 5433.36194072
1067 5441.48457349
1068 5449.72709752
1069 5457.81975748
1070 5465.49279803
1071 5472.88609231
1072 5481.04868884
1073 5489.16133067
1074 5496.59458871
1075 5504.19769269
1076 5512.09053389
1077 5519.98337508
1078 5527.54651531
1079 5535.32945618
1080 5543.23228831
1081 5551.41486672
1082 5559.29771697
1083 5567.48029537
1084 5575.16332686
1085 5582.89631304
1086 5590.99896394
1087 5599.0916239
1088 5607.29418417
1089 5615.04715223
1090 5623.05988468
1091 5631.00268057
1092 5638.64574831
1093 5646.50861668
1094 5653.9618566
1095 5661.29520525
1096 5669.73754804
1097 5677.40059766
1098 5685.01369258
1099 5692.58682375
1100 5700.11999117
1101 5707.82300453
1102 5715.90567355
1103 5723.30895877
1104 5731.21179091
1105 5738.22542954
1106 5746.04833416
1107 5753.89122066
1108 5761.63419778
1109 5769.82676712
1110 5777.50979861
1111 5785.26276667
1112 5792.66605189
1113 5800.30911963
1114 5808.07207862
1115 5815.49534572
1116 5823.21834096
1117 5830.98129996
1118 5838.82418646
1119 5846.53719077
1120 5854.13030381
1121 5861.76338061
1122 5869.51634867
1123 5877.65896332
1124 5885.15216698
1125 5892.8951441
1126 5899.94874649
1127 5907.57183235
1128 5915.39473697
1129 5923.88703446
1130 5931.46016563
1131 5939.08325149
1132 5946.90615612
1133 5954.74904262
1134 5963.32126761
1135 5971.06424473
1136 5978.49750276
1137 5986.15056144
1138 5993.99344794
1139 6001.98619852
1140 6009.65923907
1141 6017.81184466
1142 6026.27416933
1143 6034.12704677
1144 6042.29963423
1145 6050.77194984
1146 6059.01447387
1147 6067.09714289
1148 6075.72931351
1149 6083.87192816
1150 6092.38420752
1151 6100.68667718
1152 6108.66943682
1153 6117.05183399
1154 6125.59408616
1155 6134.7258037
1156 6143.59775683
1157 6151.70040773
1158 6160.62231556
1159 6169.69408746
1160 6179.02562376
1161 6187.44798468
1162 6194.9311974
1163 6203.81314148
1164 6212.98482277
1165 6222.28638625
1166 6231.51801316
1167 6240.0502744
1168 6248.56255376
1169 6257.19472438
1170 6266.03670471
1171 6274.97859441
1172 6283.11121813
1173 6291.5735428
1174 6300.32560468
1175 6309.20754875
1176 6318.09948377
1177 6326.45190812
1178 6335.70351691
1179 6344.91516195
1180 6354.55641733
1181 6363.51828891
1182 6372.32030548
1183 6381.24221331
1184 6390.54377679
1185 6400.20501405
1186 6408.99703969
1187 6418.29860317
1188 6427.3004385
1189 6437.34133141
1190 6446.91265023
1191 6455.81457618
1192 6465.3359403
1193 6474.38773033
1194 6484.21881354
1195 6494.27968832
1196 6503.88097995
1197 6513.92187286
1198 6523.70300138
1199 6533.74389429
1200 6543.47506811
1201 6553.16627819
1202 6563.19718016
1203 6572.91836304
1204 6583.45880287
1205 6593.71949642
1206 6604.41979125
1207 6614.810367
1208 6625.19095181
1209 6635.37171785
1210 6645.53250202
1211 6656.3227153
1212 6667.61247548
1213 6677.7332959
1214 6688.51351824
1215 6699.57348685
1216 6710.91320173
1217 6722.91231853
1218 6734.80153501
1219 6746.13125895
1220 6757.69077447
1221 6769.62994564
1222 6781.46920743
1223 6793.30846922
1224 6804.60822034
1225 6816.59734621
1226 6829.55559308
1227 6842.37396681
1228 6855.38216837
1229 6867.85085927
1230 6881.29866211
1231 6894.78642871
1232 6907.60480244
1233 6921.49220657
1234 6935.26971037
1235 6948.73749509
1236 6963.39420146
1237 6977.86108
1238 6992.47782261
1239 7006.58502738
1240 7019.99286647
1241 7035.24902913
1242 7050.80491994
1243 7066.32084699
1244 7082.22642064
1245 7097.00301826
1246 7112.49896344
1247 7128.57438303
1248 7144.24017416
1249 7159.60623714
1250 7174.75249948
1251 7190.73800063
1252 7206.86337492
1253 7223.84796989
1254 7240.38297264
1255 7256.15866409
1256 7272.82354904
1257 7288.7590955
1258 7305.40399857
1259 7321.91901945
1260 7337.15520023
1261 7352.99083731
1262 7368.97633846
1263 7384.86193023
1264 7399.73843724
1265 7413.70576887
1266 7428.04276521
1267 7442.47967094
1268 7456.07733785
1269 7469.38526756
1270 7482.02380441
1271 7495.19186098
1272 7508.74956415
1273 7521.53796507
1274 7533.42718155
1275 7545.21648864
1276 7556.31642101
1277 7567.14659804
1278 7577.61710129
1279 7587.56807576
1280 7597.12940363
1281 7605.98137489
1282 7614.66350021
1283 7623.24571614
1284 7631.26843953
1285 7638.86155257
1286 7645.57546306
1287 7652.71898388
1288 7659.16313903
1289 7665.61728512
1290 7671.77170307
1291 7676.65727185
1292 7681.90251442
1293 7686.74811946
1294 7691.34395104
1295 7695.71998198
1296 7699.7263482
1297 7703.25314939
1298 7707.15960624
1299 7710.68640743
1300 7713.66370702
1301 7716.39123315
1302 7719.24864148
1303 7722.04610418
1304 7724.54383874
1305 7726.81178171
1306 7728.96982437
1307 7731.17782172
1308 7733.30589156
1309 7735.15421513
1310 7736.93260213
1311 7738.6510435
1312 7740.04977485
1313 7741.45849714
1314 7742.61744598
1315 7744.00618639
1316 7745.45487243
1317 7746.94352223
1318 7748.18239856
1319 7749.23144708
1320 7750.52027811
1321 7751.70919976
1322 7752.52845669
1323 7753.58749614
1324 7754.55661715
1325 7755.34590127
1326 7756.35498603
1327 7757.21420671
1328 7758.2033096
1329 7759.19241248
1330 7760.04164223
1331 7760.85090823
1332 7761.71012891
1333 7762.39950365
1334 7763.10886026
1335 7763.74828031
1336 7764.54755537
1337 7765.13702072
1338 7765.78643171
1339 7766.35591518
1340 7767.13520837
1341 7767.88452873
1342 7768.46400315
1343 7769.21332352
1344 7769.97263482
1345 7770.63203674
1346 7771.24148397
1347 7771.91087683
1348 7772.71015189
1349 7773.22968068
1350 7774.00897386
1351 7774.63840297
1352 7775.39771427
1353 7775.95720681
1354 7776.51669935
1355 7777.03622814
1356 7777.75557569
1357 7778.44495043
1358 7778.94449734
1359 7779.54395363
1360 7780.0834643
1361 7780.64295684
1362 7781.23242219
1363 7781.91180599
1364 7782.52125322
1365 7782.93088169
1366 7783.4304286
1367 7783.87002988
1368 7784.41953148
1369 7784.94905121
1370 7785.46858
1371 7785.96812691
1372 7786.50763757
1373 7787.08711199
1374 7787.74651391
1375 7788.22607895
1376 7788.62571648
1377 7789.05532682
1378 7789.59483748
1379 7790.05442064
1380 7790.56395849
1381 7791.01355071
1382 7791.59302513
1383 7792.17249954
1384 7792.52218238
1385 7793.14162055
1386 7793.6511584
1387 7794.20066
1388 7794.71019785
1389 7795.23971758
1390 7795.78921918
1391 7796.4486211
1392 7797.02809552
1393 7797.37777836
1394 7797.87732527
1395 7798.27696279
1396 7798.89640096
1397 7799.375966
1398 7799.7955854
1399 7800.41502357
1400 7800.92456142
1401 7801.34418083
1402 7802.01357369
1403 7802.56307529
1404 7803.02265845
1405 7803.57216005
1406 7804.10167978
1407 7804.69114513
1408 7805.1007736
1409 7805.62030239
1410 7806.10985836
1411 7806.59941433
1412 7807.138925
1413 7807.54855346
1414 7808.01812756
1415 7808.48770165
1416 7808.89733012
1417 7809.52675923
1418 7810.0163152
1419 7810.34601616
1420 7811.00541809
1421 7811.51495593
1422 7812.06445754
1423 7812.53403163
1424 7813.02358761
1425 7813.51314358
1426 7814.11259987
1427 7814.54221022
1428 7815.10170276
1429 7815.65120436
1430 7816.22068784
1431 7816.84012601
1432 7817.4395823
1433 7818.09898422
1434 7818.74839521
1435 7819.27791493
1436 7819.84739841
1437 7820.33695438
1438 7820.86647411
1439 7821.35603008
1440 7821.84558605
1441 7822.36511484
1442 7822.94458926
1443 7823.39418148
1444 7823.96366496
1445 7824.49318468
1446 7824.97274972
1447 7825.43233287
1448 7825.97184354
1449 7826.42143576
1450 7826.91099173
1451 7827.48047521
1452 7827.89010368
1453 7828.38965059
1454 7828.92916125
1455 7829.45868098
1456 7829.84832757
1457 7830.31790166
1458 7830.8773942
1459 7831.41690487
1460 7831.90646084
1461 7832.40600775
1462 7832.86559091
1463 7833.29520125
1464 7833.90464848
1465 7834.33425883
1466 7834.71391448
1467 7835.35333453
1468 7835.94279988
1469 7836.5222743
1470 7837.11173965
1471 7837.79112345
1472 7838.32064318
1473 7838.79021727
1474 7839.27977325
1475 7839.85924766
1476 7840.34880364
1477 7840.80838679
1478 7841.27796089
1479 7841.76751686
1480 7842.2470819
1481 7842.83654725
1482 7843.33609416
1483 7843.78568638
1484 7844.43509737
1485 7844.98459897
1486 7845.54409151
1487 7846.03364748
1488 7846.50322158
1489 7846.98278661
1490 7847.53228821
1491 7847.94191668
1492 7848.42148172
1493 7848.88106487
1494 7849.26072053
1495 7849.78024931
1496 7850.2997781
1497 7850.65945188
1498 7851.06908034
1499 7851.51867256
1500 7851.85836446
1501 10000.0
