0 0.0
1 11.658780207
2 3924.13108829
3 4189.17895211
4 4326.20195372
5 4477.19331957
6 4621.68089678
7 4757.74311143
8 4862.69060997
9 6340.15923196
10 8588.23442463
11 9645.26636895
12 9700.77029247
13 9730.55468818
14 9751.91372133
15 9766.62115246
16 9776.91265892
17 9784.43266454
18 9790.1234796
19 9796.47945486
20 9803.46363699
21 9808.19366509
22 9812.42482304
23 9816.89617773
24 9822.53156278
25 9827.7789377
26 9832.58287249
27 9838.92037109
28 9845.71978648
29 9851.15192813
30 9856.80578985
31 9863.2356718
32 9868.31675668
33 9873.71194498
34 9878.46044976
35 9883.48610462
36 9887.86507595
37 9894.40581793
38 9900.00424963
39 9905.34400792
40 9909.64907256
41 9913.03030359
42 9916.65173136
43 9919.5525689
44 9923.30333338
45 9926.3519843
46 9930.7494323
47 9935.36860037
48 9938.99002814
49 9941.18875214
50 9943.92329964
51 9946.91652055
52 9949.83583477
53 9952.88448569
54 9955.19406973
55 9957.59603712
56 9959.29589097
57 9961.30984825
58 9963.80419901
59 9966.02139968
60 9967.7397302
61 9969.29177067
62 9971.65678473
63 9973.5414053
64 9975.25973582
65 9976.64548624
66 9977.68017989
67 9978.77030355
68 9980.0082406
69 9981.19074762
70 9982.35477798
71 9983.26013492
72 9984.42416527
73 9985.34799888
74 9986.14249579
75 9986.90003936
76 9987.54672289
77 9988.08254638
78 9988.54446319
79 9989.11724003
80 9989.54220349
81 9990.02259697
82 9990.57689714
83 9991.13119731
84 9991.38987072
85 9991.68549748
86 9992.31370433
87 9992.88648117
88 9993.45925801
89 9993.77336144
90 9994.21680158
91 9994.66024171
92 9994.97434514
93 9995.25149522
94 9995.45473862
95 9995.82427207
96 9996.11989882
97 9996.39704891
98 9996.65572232
99 9996.87744239
100 9997.08068578
101 9997.37631254
102 9997.65346262
103 9997.81975267
104 9997.9306127
105 9998.00451939
106 9998.24471613
107 9998.41100618
108 9998.54034289
109 9998.65120292
110 9998.74358629
111 9998.85444632
112 9998.90987634
113 9999.0022597
114 9999.09464306
115 9999.22397976
116 9999.31636313
117 9999.42722316
118 9999.48265318
119 9999.50112985
120 9999.55655987
121 9999.59351321
122 9999.59351321
123 9999.61198988
124 9999.61198988
125 9999.64894323
126 9999.64894323
127 9999.64894323
128 9999.68589657
129 9999.70437324
130 9999.72284992
131 9999.72284992
132 9999.74132659
133 9999.74132659
134 9999.74132659
135 9999.74132659
136 9999.75980326
137 9999.77827993
138 9999.77827993
139 9999.77827993
140 9999.77827993
141 9999.77827993
142 9999.77827993
143 9999.77827993
144 9999.7967566
145 9999.83370995
146 9999.83370995
147 9999.85218662
148 9999.85218662
149 9999.85218662
150 9999.85218662
151 9999.85218662
152 9999.85218662
153 9999.85218662
154 9999.87066329
155 9999.87066329
156 9999.87066329
157 9999.87066329
158 9999.87066329
159 9999.87066329
160 9999.87066329
161 9999.87066329
162 9999.87066329
163 9999.87066329
189 9999.88913997
190 9999.88913997
191 9999.88913997
192 9999.88913997
193 9999.88913997
194 9999.88913997
195 9999.88913997
196 9999.88913997
197 9999.88913997
198 9999.88913997
256 9999.90761664
257 9999.90761664
258 9999.90761664
259 9999.90761664
260 9999.90761664
261 9999.90761664
262 9999.90761664
263 9999.90761664
264 9999.90761664
265 9999.90761664
351 9999.92609331
352 9999.92609331
353 9999.92609331
354 9999.92609331
355 9999.92609331
356 9999.92609331
357 9999.92609331
358 9999.92609331
359 9999.92609331
360 9999.92609331
362 9999.94456998
363 9999.94456998
364 9999.94456998
365 9999.94456998
366 9999.94456998
367 9999.94456998
368 9999.94456998
369 9999.94456998
370 9999.94456998
371 9999.94456998
377 9999.96304666
378 9999.96304666
379 9999.96304666
380 9999.96304666
381 9999.96304666
382 9999.96304666
383 9999.96304666
384 9999.96304666
385 9999.96304666
386 9999.96304666
387 9999.98152333
388 9999.98152333
389 10000.0
390 10000.0
391 10000.0
392 10000.0
393 10000.0
394 10000.0
395 10000.0
396 10000.0
397 10000.0
398 10000.0
1501 10000.0
