0 0.0
1 0.0
2 0.0
3 0.0
4 0.0
5 0.0
6 0.0
7 0.0
8 0.0
588 47.619047619
589 47.619047619
590 47.619047619
591 47.619047619
592 47.619047619
593 47.619047619
594 47.619047619
595 47.619047619
596 95.2380952381
597 95.2380952381
598 95.2380952381
599 95.2380952381
600 95.2380952381
601 142.857142857
602 142.857142857
603 142.857142857
604 190.476190476
605 190.476190476
606 238.095238095
607 238.095238095
608 238.095238095
609 238.095238095
610 238.095238095
611 238.095238095
612 285.714285714
613 285.714285714
614 285.714285714
615 285.714285714
616 285.714285714
617 333.333333333
618 380.952380952
619 380.952380952
620 380.952380952
621 428.571428571
622 428.571428571
623 428.571428571
624 428.571428571
625 428.571428571
626 428.571428571
627 476.19047619
628 523.80952381
629 523.80952381
630 571.428571429
631 619.047619048
632 714.285714286
633 714.285714286
634 714.285714286
635 714.285714286
636 714.285714286
637 714.285714286
638 761.904761905
639 761.904761905
640 761.904761905
641 761.904761905
642 809.523809524
643 809.523809524
644 809.523809524
645 809.523809524
646 809.523809524
647 809.523809524
648 809.523809524
649 809.523809524
650 809.523809524
651 809.523809524
652 857.142857143
653 904.761904762
654 904.761904762
655 904.761904762
656 904.761904762
657 904.761904762
658 904.761904762
659 904.761904762
660 904.761904762
661 904.761904762
662 904.761904762
666 952.380952381
667 1000.0
668 1000.0
669 1000.0
670 1000.0
671 1000.0
672 1000.0
673 1000.0
674 1000.0
675 1000.0
676 1000.0
679 1047.61904762
680 1047.61904762
681 1047.61904762
682 1047.61904762
683 1047.61904762
684 1095.23809524
685 1095.23809524
686 1095.23809524
687 1095.23809524
688 1095.23809524
689 1095.23809524
690 1095.23809524
691 1095.23809524
692 1095.23809524
693 1095.23809524
694 1142.85714286
695 1190.47619048
696 1190.47619048
697 1190.47619048
698 1190.47619048
699 1190.47619048
700 1190.47619048
701 1190.47619048
702 1190.47619048
703 1190.47619048
704 1190.47619048
712 1238.0952381
713 1238.0952381
714 1238.0952381
715 1238.0952381
716 1238.0952381
717 1238.0952381
718 1238.0952381
719 1238.0952381
720 1238.0952381
721 1238.0952381
736 1285.71428571
737 1285.71428571
738 1285.71428571
739 1285.71428571
740 1285.71428571
741 1285.71428571
742 1333.33333333
743 1333.33333333
744 1333.33333333
745 1333.33333333
746 1333.33333333
747 1333.33333333
748 1333.33333333
749 1333.33333333
750 1333.33333333
751 1333.33333333
764 1380.95238095
765 1380.95238095
766 1380.95238095
767 1380.95238095
768 1380.95238095
769 1380.95238095
770 1380.95238095
771 1380.95238095
772 1380.95238095
773 1428.57142857
774 1428.57142857
775 1428.57142857
776 1476.19047619
777 1476.19047619
778 1476.19047619
779 1476.19047619
780 1476.19047619
781 1476.19047619
782 1476.19047619
783 1523.80952381
784 1523.80952381
785 1523.80952381
786 1523.80952381
787 1523.80952381
788 1523.80952381
789 1523.80952381
790 1523.80952381
791 1523.80952381
792 1523.80952381
798 1571.42857143
799 1619.04761905
800 1619.04761905
801 1619.04761905
802 1619.04761905
803 1666.66666667
804 1666.66666667
805 1666.66666667
806 1666.66666667
807 1666.66666667
808 1666.66666667
809 1666.66666667
810 1666.66666667
811 1666.66666667
812 1666.66666667
817 1714.28571429
818 1714.28571429
819 1714.28571429
820 1714.28571429
821 1714.28571429
822 1714.28571429
823 1714.28571429
824 1714.28571429
825 1714.28571429
826 1714.28571429
828 1761.9047619
829 1809.52380952
830 1809.52380952
831 1809.52380952
832 1809.52380952
833 1809.52380952
834 1809.52380952
835 1809.52380952
836 1809.52380952
837 1809.52380952
838 1809.52380952
841 1857.14285714
842 1857.14285714
843 1857.14285714
844 1904.76190476
845 1904.76190476
846 1904.76190476
847 1904.76190476
848 1904.76190476
849 1904.76190476
850 1904.76190476
851 1904.76190476
852 1904.76190476
853 1904.76190476
860 1952.38095238
861 1952.38095238
862 1952.38095238
863 1952.38095238
864 1952.38095238
865 1952.38095238
866 1952.38095238
867 1952.38095238
868 1952.38095238
869 1952.38095238
877 2000.0
878 2000.0
879 2000.0
880 2000.0
881 2000.0
882 2000.0
883 2000.0
884 2000.0
885 2000.0
886 2000.0
909 2047.61904762
910 2047.61904762
911 2047.61904762
912 2047.61904762
913 2095.23809524
914 2095.23809524
915 2095.23809524
916 2095.23809524
917 2095.23809524
918 2095.23809524
919 2095.23809524
920 2095.23809524
921 2095.23809524
922 2095.23809524
925 2142.85714286
926 2142.85714286
927 2142.85714286
928 2142.85714286
929 2142.85714286
930 2190.47619048
931 2190.47619048
932 2238.0952381
933 2238.0952381
934 2238.0952381
935 2238.0952381
936 2238.0952381
937 2238.0952381
938 2238.0952381
939 2238.0952381
940 2238.0952381
941 2285.71428571
942 2333.33333333
943 2380.95238095
944 2380.95238095
945 2380.95238095
946 2380.95238095
947 2380.95238095
948 2380.95238095
949 2380.95238095
950 2380.95238095
951 2380.95238095
952 2380.95238095
986 2428.57142857
987 2428.57142857
988 2428.57142857
989 2428.57142857
990 2428.57142857
991 2428.57142857
992 2428.57142857
993 2476.19047619
994 2476.19047619
995 2476.19047619
996 2476.19047619
997 2476.19047619
998 2476.19047619
999 2476.19047619
1000 2476.19047619
1001 2476.19047619
1002 2523.80952381
1003 2523.80952381
1004 2523.80952381
1005 2571.42857143
1006 2571.42857143
1007 2571.42857143
1008 2571.42857143
1009 2571.42857143
1010 2571.42857143
1011 2571.42857143
1012 2571.42857143
1013 2571.42857143
1014 2571.42857143
1017 2619.04761905
1018 2619.04761905
1019 2619.04761905
1020 2714.28571429
1021 2714.28571429
1022 2714.28571429
1023 2714.28571429
1024 2714.28571429
1025 2714.28571429
1026 2714.28571429
1027 2714.28571429
1028 2714.28571429
1029 2714.28571429
1038 2761.9047619
1039 2809.52380952
1040 2809.52380952
1041 2809.52380952
1042 2809.52380952
1043 2809.52380952
1044 2809.52380952
1045 2809.52380952
1046 2809.52380952
1047 2809.52380952
1048 2809.52380952
1063 2857.14285714
1064 2857.14285714
1065 2857.14285714
1066 2904.76190476
1067 2904.76190476
1068 2904.76190476
1069 2904.76190476
1070 2904.76190476
1071 2952.38095238
1072 2952.38095238
1073 2952.38095238
1074 2952.38095238
1075 2952.38095238
1076 2952.38095238
1077 2952.38095238
1078 2952.38095238
1079 2952.38095238
1080 2952.38095238
1085 3000.0
1086 3000.0
1087 3000.0
1088 3000.0
1089 3000.0
1090 3000.0
1091 3000.0
1092 3047.61904762
1093 3047.61904762
1094 3047.61904762
1095 3047.61904762
1096 3047.61904762
1097 3095.23809524
1098 3095.23809524
1099 3095.23809524
1100 3095.23809524
1101 3095.23809524
1102 3095.23809524
1103 3095.23809524
1104 3142.85714286
1105 3142.85714286
1106 3142.85714286
1107 3142.85714286
1108 3142.85714286
1109 3142.85714286
1110 3142.85714286
1111 3142.85714286
1112 3142.85714286
1113 3142.85714286
1123 3190.47619048
1124 3190.47619048
1125 3238.0952381
1126 3238.0952381
1127 3285.71428571
1128 3285.71428571
1129 3285.71428571
1130 3285.71428571
1131 3285.71428571
1132 3285.71428571
1133 3285.71428571
1134 3285.71428571
1135 3285.71428571
1136 3285.71428571
1141 3333.33333333
1142 3333.33333333
1143 3333.33333333
1144 3333.33333333
1145 3333.33333333
1146 3333.33333333
1147 3333.33333333
1148 3333.33333333
1149 3333.33333333
1150 3333.33333333
1154 3380.95238095
1155 3380.95238095
1156 3380.95238095
1157 3380.95238095
1158 3380.95238095
1159 3380.95238095
1160 3380.95238095
1161 3380.95238095
1162 3380.95238095
1163 3380.95238095
1166 3428.57142857
1167 3428.57142857
1168 3428.57142857
1169 3476.19047619
1170 3571.42857143
1171 3571.42857143
1172 3571.42857143
1173 3619.04761905
1174 3619.04761905
1175 3619.04761905
1176 3619.04761905
1177 3619.04761905
1178 3619.04761905
1179 3619.04761905
1180 3619.04761905
1181 3619.04761905
1182 3619.04761905
1184 3666.66666667
1185 3666.66666667
1186 3666.66666667
1187 3666.66666667
1188 3666.66666667
1189 3666.66666667
1190 3666.66666667
1191 3666.66666667
1192 3666.66666667
1193 3714.28571429
1194 3714.28571429
1195 3714.28571429
1196 3714.28571429
1197 3714.28571429
1198 3761.9047619
1199 3809.52380952
1200 3809.52380952
1201 3809.52380952
1202 3809.52380952
1203 3809.52380952
1204 3809.52380952
1205 3809.52380952
1206 3809.52380952
1207 3809.52380952
1208 3809.52380952
1209 3857.14285714
1210 3857.14285714
1211 3857.14285714
1212 3857.14285714
1213 3857.14285714
1214 3857.14285714
1215 3857.14285714
1216 3857.14285714
1217 3904.76190476
1218 3904.76190476
1219 3904.76190476
1220 3952.38095238
1221 3952.38095238
1222 4000.0
1223 4000.0
1224 4000.0
1225 4000.0
1226 4000.0
1227 4047.61904762
1228 4047.61904762
1229 4047.61904762
1230 4047.61904762
1231 4047.61904762
1232 4095.23809524
1233 4095.23809524
1234 4095.23809524
1235 4095.23809524
1236 4095.23809524
1237 4095.23809524
1238 4095.23809524
1239 4095.23809524
1240 4095.23809524
1241 4095.23809524
1286 4142.85714286
1287 4142.85714286
1288 4142.85714286
1289 4142.85714286
1290 4142.85714286
1291 4142.85714286
1292 4142.85714286
1293 4142.85714286
1294 4142.85714286
1295 4142.85714286
1368 4190.47619048
1369 4190.47619048
1370 4190.47619048
1371 4190.47619048
1372 4190.47619048
1373 4190.47619048
1374 4190.47619048
1375 4190.47619048
1376 4190.47619048
1377 4190.47619048
1501 10000.0
