0 0.0
1 16.1453339768
2 2711.72354687
3 2892.59024398
4 3023.57088905
5 3137.08600529
6 3256.53117716
7 3420.62490667
8 3494.59910443
9 6115.90012401
10 8746.59400545
11 9646.53405562
12 9692.17817004
13 9717.82457857
14 9734.27290809
15 9745.07253497
16 9753.08027434
17 9759.65960615
18 9763.59854822
19 9767.49420521
20 9771.17343681
21 9774.13846464
22 9777.16842007
23 9781.28050245
24 9786.62620955
25 9792.46969503
26 9799.65501793
27 9807.61947223
28 9814.41522942
29 9820.4751403
30 9825.75591978
31 9832.50839189
32 9838.24366469
33 9844.45507334
34 9849.97392074
35 9855.10320245
36 9860.34069685
37 9869.34399301
38 9876.59424352
39 9882.84893724
40 9888.51928242
41 9893.38885366
42 9898.02035697
43 9901.43987811
44 9905.81167096
45 9910.81109743
46 9918.36434348
47 9924.35932674
48 9929.40203829
49 9933.05962736
50 9936.67393135
51 9940.41809057
52 9943.88089678
53 9946.93249476
54 9949.63781211
55 9952.12670408
56 9954.20438781
57 9956.6499947
58 9958.85753366
59 9961.56285101
60 9963.3375392
61 9965.2853677
62 9967.68768951
63 9969.78701578
64 9971.45349127
65 9973.05503914
66 9974.44016163
67 9975.93349681
68 9978.14103577
69 9979.59108587
70 9981.23591882
71 9982.23147561
72 9983.46510032
73 9984.91515043
74 9986.01891991
75 9987.03611923
76 9988.01003348
77 9989.11380296
78 9989.8063642
79 9990.43399783
80 9991.12655907
81 9991.49448223
82 9992.01390317
83 9992.31689871
84 9992.72810695
85 9993.00945995
86 9993.33409804
87 9993.78859135
88 9994.15651451
89 9994.54608021
90 9994.91400337
91 9995.4334243
92 9995.60656461
93 9996.01777285
94 9996.45062363
95 9996.84018933
96 9997.16482741
97 9997.40289534
98 9997.53275057
99 9997.72753342
100 9997.85738865
101 9998.00888643
102 9998.11709912
103 9998.20366928
104 9998.26859689
105 9998.37680959
106 9998.50666482
107 9998.61487751
108 9998.67980513
109 9998.85294544
110 9998.96115814
111 9999.02608575
112 9999.11265591
113 9999.2208686
114 9999.24251114
115 9999.28579622
116 9999.30743876
117 9999.37236637
118 9999.41565145
119 9999.43729399
120 9999.56714922
121 9999.56714922
122 9999.58879176
123 9999.63207684
124 9999.65371938
125 9999.65371938
126 9999.65371938
127 9999.65371938
128 9999.718647
129 9999.74028953
130 9999.76193207
131 9999.76193207
132 9999.78357461
133 9999.78357461
134 9999.78357461
135 9999.80521715
136 9999.80521715
137 9999.82685969
138 9999.87014477
139 9999.87014477
140 9999.87014477
141 9999.87014477
142 9999.87014477
143 9999.87014477
144 9999.87014477
145 9999.87014477
146 9999.87014477
147 9999.87014477
156 9999.89178731
157 9999.89178731
158 9999.89178731
159 9999.89178731
160 9999.89178731
161 9999.89178731
162 9999.89178731
163 9999.91342984
164 9999.91342984
165 9999.91342984
166 9999.91342984
167 9999.91342984
168 9999.91342984
169 9999.91342984
170 9999.93507238
171 9999.93507238
172 9999.93507238
173 9999.93507238
174 9999.93507238
175 9999.93507238
176 9999.93507238
177 9999.93507238
178 9999.93507238
179 9999.93507238
380 9999.95671492
381 9999.95671492
382 9999.95671492
383 9999.97835746
384 9999.97835746
385 9999.97835746
386 9999.97835746
387 9999.97835746
388 9999.97835746
389 9999.97835746
390 10000.0
391 10000.0
392 10000.0
393 10000.0
394 10000.0
395 10000.0
396 10000.0
397 10000.0
398 10000.0
399 10000.0
1501 10000.0
