0 57.5378132034
1 863.207071186
2 934.702225082
3 993.808615586
4 1214.43850428
5 1303.89736509
6 1329.4142213
7 1356.97921985
8 1373.07462132
9 1385.26356595
10 1399.40074353
11 1420.13194033
12 1447.53708386
13 1484.66341029
14 1528.08402779
15 1580.49648968
16 1646.78636477
17 1734.01724636
18 1844.63691432
19 1977.33655574
20 2120.46673667
21 2282.30994488
22 2460.68815584
23 2653.27348095
24 2859.62631893
25 3068.49687334
26 3291.98417036
27 3529.81845466
28 3776.34485522
29 4029.81495783
30 4279.80821395
31 4531.89956709
32 4788.22707804
33 5045.53370093
34 5292.79943092
35 5529.54470295
36 5745.48884162
37 5961.91254532
38 6161.61141844
39 6350.69991518
40 6522.0345147
41 6675.90495421
42 6820.90344058
43 6952.33423285
44 7073.23457624
45 7181.82608374
46 7279.52746859
47 7370.92457141
48 7456.10731067
49 7534.06660159
50 7608.39918194
51 7675.78806023
52 7738.97075353
53 7802.07351932
54 7862.16901271
55 7921.04561163
56 7973.93763856
57 8029.53720975
58 8080.9705597
59 8133.802641
60 8180.85996002
61 8227.00810365
62 8275.76388216
63 8320.88295916
64 8368.79949885
65 8411.34091379
66 8458.48815125
67 8500.02048142
68 8546.58824446
69 8588.3203934
70 8635.01803864
71 8676.90005165
72 8718.02275336
73 8765.90932025
74 8807.99115203
75 8855.70787296
76 8896.93048405
77 8945.74620819
78 8988.4374872
79 9036.1442172
80 9076.38771634
81 9119.52858757
82 9163.06909633
83 9202.9529217
84 9247.75228867
85 9284.65881446
86 9326.34100871
87 9362.32836817
88 9402.38203949
89 9436.05150129
90 9472.22868858
91 9503.30050644
92 9533.93272302
93 9566.49319068
94 9593.24892323
95 9622.81210942
96 9646.54058769
97 9673.46616619
98 9694.78682835
99 9718.76508007
100 9737.15839733
101 9758.30921354
102 9774.5045244
103 9789.76068706
104 9806.16580761
105 9818.99417229
106 9834.07049806
107 9845.59004982
108 9858.10869541
109 9868.26947958
110 9879.30946631
111 9887.88169131
112 9896.68370788
113 9904.79634971
114 9911.42034175
115 9918.43398038
116 9923.94897828
117 9930.00348684
118 9934.86907375
119 9939.92448849
120 9943.66109938
121 9947.64748373
122 9950.67473801
123 9953.82188355
124 9956.7891922
125 9959.35686332
126 9961.81463413
127 9963.75287614
128 9965.54125408
129 9967.05987669
130 9968.63844493
131 9970.0171944
132 9971.28604356
133 9972.30511926
134 9973.21429463
135 9974.42319816
136 9975.29240978
137 9976.02174827
138 9976.82102333
139 9977.62029839
140 9978.09986342
141 9978.75926535
142 9979.17888475
143 9979.64845885
144 9980.08806013
145 9980.56762516
146 9980.92729894
147 9981.22702709
148 9981.64664649
149 9981.91640182
150 9982.18615716
151 9982.52584905
152 9982.84555908
153 9983.0853416
154 9983.38506974
155 9983.62485226
156 9983.83466196
157 9984.07444448
158 9984.33420887
159 9984.62394608
160 9984.88371047
161 9985.14347487
162 9985.34329363
163 9985.51313958
164 9985.67299459
165 9985.78289491
166 9985.93275899
167 9986.08262306
168 9986.21250526
169 9986.36236933
170 9986.49225153
171 9986.63212466
172 9986.72204311
173 9986.8519253
174 9987.03176219
175 9987.12168064
176 9987.23158096
177 9987.42140878
178 9987.5313091
179 9987.67118224
180 9987.7910735
181 9987.96091945
182 9988.11078352
183 9988.2106929
184 9988.33058416
185 9988.50043011
186 9988.62032137
187 9988.69025794
188 9988.79016732
189 9988.92004952
190 9989.07990453
191 9989.28971423
192 9989.41959643
193 9989.53948768
194 9989.6993427
195 9989.88917052
196 9990.10897116
197 9990.27881711
198 9990.38871743
199 9990.52859057
200 9990.71841839
201 9990.89825528
202 9991.01814654
203 9991.12804686
204 9991.19798343
205 9991.29789281
206 9991.45774782
207 9991.59762096
208 9991.73749409
209 9991.87736723
210 9992.08717693
211 9992.12714068
212 9992.29698663
213 9992.37691414
214 9992.48681446
215 9992.59671478
216 9992.69662416
217 9992.80652448
218 9992.9164248
219 9993.046307
220 9993.21615295
221 9993.35602608
222 9993.44594453
223 9993.56583579
224 9993.64576329
225 9993.75566361
226 9993.84558206
227 9993.9355005
228 9994.05539176
229 9994.16529208
230 9994.21524677
231 9994.24521959
232 9994.28518334
233 9994.33513803
234 9994.41506554
235 9994.54494773
236 9994.60489336
237 9994.67482993
238 9994.78473025
239 9994.92460338
240 9995.01452183
241 9995.15439496
242 9995.25430435
243 9995.38418654
244 9995.48409592
245 9995.63396
246 9995.7138875
247 9995.83377876
248 9995.93368814
249 9996.00362471
250 9996.11352503
251 9996.20344348
252 9996.32333474
253 9996.37328943
254 9996.49318069
255 9996.58309913
256 9996.63305382
257 9996.76293602
258 9996.89281821
259 9997.00271853
260 9997.10262792
261 9997.2824648
262 9997.42233794
263 9997.57220201
264 9997.66212046
265 9997.80199359
266 9997.91189391
267 9998.05176705
268 9998.20163112
269 9998.29154956
270 9998.45140458
271 9998.52134114
272 9998.59127771
273 9998.68119616
274 9998.79109648
275 9998.83106023
276 9998.89100586
277 9998.96094243
278 9999.03087899
279 9999.07084275
280 9999.12079744
281 9999.18074307
282 9999.25067963
283 9999.31062526
284 9999.36057995
285 9999.44050746
286 9999.46048934
287 9999.48047121
288 9999.52043497
289 9999.54041684
290 9999.58038059
291 9999.60036247
292 9999.62034435
293 9999.65031716
294 9999.65031716
295 9999.65031716
296 9999.68028998
297 9999.71026279
298 9999.73024467
299 9999.74023561
300 9999.74023561
301 9999.74023561
302 9999.75022654
303 9999.76021748
304 9999.76021748
305 9999.78019936
306 9999.78019936
307 9999.7901903
308 9999.7901903
309 9999.7901903
310 9999.80018124
311 9999.80018124
312 9999.81017217
313 9999.82016311
314 9999.82016311
315 9999.82016311
316 9999.82016311
317 9999.82016311
318 9999.83015405
319 9999.84014499
320 9999.85013593
321 9999.8701178
322 9999.8701178
323 9999.8701178
324 9999.89009968
325 9999.89009968
326 9999.89009968
327 9999.89009968
328 9999.90009062
329 9999.90009062
330 9999.92007249
331 9999.92007249
332 9999.92007249
333 9999.92007249
334 9999.92007249
335 9999.92007249
336 9999.92007249
337 9999.92007249
338 9999.92007249
339 9999.92007249
357 9999.93006343
358 9999.93006343
359 9999.93006343
360 9999.94005437
361 9999.95004531
362 9999.95004531
363 9999.95004531
364 9999.95004531
365 9999.95004531
366 9999.95004531
367 9999.95004531
368 9999.95004531
369 9999.95004531
370 9999.95004531
405 9999.96003625
406 9999.96003625
407 9999.96003625
408 9999.97002719
409 9999.97002719
410 9999.97002719
411 9999.97002719
412 9999.97002719
413 9999.97002719
414 9999.97002719
415 9999.97002719
416 9999.97002719
417 9999.97002719
631 9999.98001812
632 9999.98001812
633 9999.98001812
634 9999.98001812
635 9999.98001812
636 9999.98001812
637 9999.98001812
638 9999.98001812
639 9999.98001812
640 9999.98001812
658 9999.99000906
659 9999.99000906
660 9999.99000906
661 9999.99000906
662 9999.99000906
663 9999.99000906
664 9999.99000906
665 9999.99000906
666 9999.99000906
667 9999.99000906
792 10000.0
793 10000.0
794 10000.0
795 10000.0
796 10000.0
797 10000.0
798 10000.0
799 10000.0
800 10000.0
801 10000.0
1501 10000.0
