0
3426
3426
3426
3426
3426
3426
3426
3426
3426
3426
3426
3426
3426
3426
3682
3835
3835
3835
3835
3835
3835
3835
3835
3835
3835
3835
4598
4598
4657
4657
4861
5142
5566
5637
5719
5915
5915
6109
6258
6446
6505
8759
11376
11376
13452
14878
16935
17335
17969
20074
20074
21319
25205
27231
30323
32265
33612
35783
35783
39490
41246
42194
43913
46568
49590
49590
50431
50431
54519
60232
60979
61250
61250
64888
66111
67906
70376
73112
74683
74683
77587
79184
79184
81291
83594
84963
85252
85252
89385
91562
93795
95515
96805
96805
99482
100902
103291
105301
107336
109274
110480
110480
110548
110548
113919
115197
115671
119376
119376
121109
123798
126131
126679
128501
131117
131117
132740
136655
139385
142109
142390
145440
145440
147020
147924
149450
151137
153517
154552
154552
156676
157258
159359
160270
161980
164931
164931
166866
168158
168817
169149
169720
170525
171857
171857
172439
176196
179045
179869
182276
184593
185898
185898
188715
188715
189819
193288
193427
195701
195701
197467
198120
198996
200285
200584
203146
203146
204419
204900
205868
207649
208691
209871
209871
212255
212783
214150
214498
214949
217033
217033
217921
221701
223584
224824
225254
227005
227005
227907
229837
233812
234313
236844
239875
239875
242452
243533
244558
244891
247737
249947
249947
252579
254099
257215
257806
259338
264173
264173
264769
265234
267333
267985
268791
269491
271352
271352
272791
276133
280530
280786
282165
283240
285900
285900
286529
287500
288479
291730
293739
294492
294492
297168
298283
299240
300093
300093
303036
303705
303705
305535
307686
310103
312332
313756
314666
316139
316139
318510
320119
322572
323369
325449
327639
327639
329778
330432
331454
335179
337636
340348
340348
340348
341774
342732
344977
346814
349359
349359
351167
351167
353716
356730
357916
360053
360053
363028
364159
366737
366837
369348
372523
372523
375715
376483
377613
378377
378745
379977
379977
381273
381940
383075
384578
387380
389864
389864
389898
390603
393904
394474
394988
396290
397710
397710
398811
399860
404040
405635
406793
408907
411962
411962
413589
417647
421122
425061
426839
427332
427332
428990
430321
432416
433929
437425
438038
438038
439303
441866
444920
446611
447461
449636
451389
451389
452243
454315
457129
458020
459774
461784
461784
462497
464036
465833
469754
471014
472266
472266
474415
475322
477799
477799
482157
485057
485064
487588
487588
488168
488990
489057
493161
494846
494846
498766
501244
504679
506961
509725
509902
509902
512196
513286
514520
515648
516312
518470
519974
519974
522106
522903
525239
526224
529072
531706
531706
533339
534497
536624
539792
540286
540350
540350
540894
543432
545270
547719
550011
551996
551996
553010
555490
556155
556618
557447
557447
557447
559827
562004
564296
565454
566746
566746
567725
568458
570555
572524
574598
575138
575138
576453
577699
578773
579336
581050
583007
583135
583135
586107
588360
589157
589598
593434
596365
599025
599025
600387
601568
602703
604383
605100
608038
608038
610112
613137
616673
620556
621285
624789
624789
625074
626997
631061
634289
635930
638585
638585
640835
641997
642496
643646
647419
648628
650283
650283
651608
653444
655458
655522
657571
658175
658175
659080
660935
663148
665201
666254
667980
667980
669627
672103
674371
675214
675214
677963
677963
679630
681264
683834
685835
689211
690694
690694
690694
692812
696684
697912
700166
700856
700856
701415
701808
704032
706907
708736
709840
709840
711673
712684
715243
716730
717018
718682
718682
720334
721969
726694
728899
729866
729866
730095
732043
733330
734282
735875
738495
738495
741375
742741
745416
747409
747447
748157
748157
750512
753108
753498
757247
759037
760563
761220
761220
764048
766138
767462
769932
771055
773158
776921
776921
778844
778891
779921
782023
782275
783004
783004
784725
785849
786752
787856
790415
791594
791594
796184
800107
802398
802398
804359
804359
807134
807666
809692
810505
812513
813759
813759
814400
814694
817965
823833
825521
827542
830300
830300
832346
832943
835864
838663
841108
843573
843573
844733
845933
847442
848235
848730
851176
851677
851677
855519
857597
858956
861984
863653
864319
864319
865040
866671
867642
870154
871807
872361
872361
874214
876317
876949
877270
877270
