0 5.44029705749
1 14.118866173
2 34.541568619
3 59.6705597893
4 84.2382504695
5 107.942401934
6 131.12842987
7 153.969042119
8 178.01860927
9 206.47222642
10 237.861876902
11 276.375725913
12 320.84799551
13 376.632628829
14 442.650201852
15 520.152846441
16 616.04887632
17 730.381468448
18 861.898490965
19 1014.09727769
20 1176.4426502
21 1362.88076682
22 1575.09552903
23 1809.50324907
24 2059.92962155
25 2315.75311414
26 2587.55208221
27 2883.40061743
28 3183.73955657
29 3486.06463591
30 3787.22393731
31 4086.22439067
32 4384.14542
33 4678.78500032
34 4963.40752574
35 5239.30830509
36 5485.11474277
37 5729.02139418
38 5958.89553334
39 6169.98769457
40 6362.60011658
41 6534.48759742
42 6706.15919345
43 6859.653289
44 7009.34781201
45 7145.09617668
46 7276.00872175
47 7399.79706828
48 7520.99479718
49 7634.50702705
50 7738.56350252
51 7842.66315494
52 7945.55385246
53 8050.25798234
54 8146.02448134
55 8242.78405043
56 8330.69234257
57 8424.17046264
58 8509.44496017
59 8600.89376309
60 8679.95077826
61 8754.17197383
62 8838.49657823
63 8912.63141987
64 8987.6729777
65 9053.77690464
66 9121.78061786
67 9176.96077373
68 9238.27205803
69 9292.89091341
70 9351.43887222
71 9395.69525701
72 9436.97243151
73 9484.16484964
74 9523.19682218
75 9563.3513957
76 9595.56140843
77 9631.74370156
78 9658.68612508
79 9690.07577557
80 9715.63653634
81 9739.94516526
82 9762.48353878
83 9783.03577211
84 9805.57414564
85 9822.28362946
86 9839.94300641
87 9855.01176572
88 9869.30333974
89 9882.21325101
90 9894.69139267
91 9904.66527061
92 9913.55972453
93 9923.44724855
94 9930.61462404
95 9938.51600786
96 9944.94937501
97 9950.13061031
98 9954.96642991
99 9960.06131128
100 9963.73135295
101 9967.05597893
102 9969.60341962
103 9972.71216079
104 9975.60501716
105 9977.85021912
106 9980.35448285
107 9981.90885344
108 9983.59275491
109 9984.585825
110 9985.75160294
111 9986.70149608
112 9987.95362794
113 9988.60128236
114 9989.42164461
115 9990.15565294
116 9990.80330736
117 9991.62366961
118 9991.9690853
119 9992.44403186
120 9992.83262451
121 9993.393925
122 9993.60980981
123 9994.04157941
124 9994.47334902
125 9994.64605686
126 9994.94829559
127 9995.25053431
128 9995.50959608
129 9995.63912696
130 9995.68230392
131 9995.85501177
132 9995.85501177
133 9995.94136569
134 9996.02771961
135 9996.11407353
136 9996.15725049
137 9996.32995833
138 9996.41631226
139 9996.54584314
140 9996.67537402
141 9996.67537402
142 9996.71855098
143 9996.76172794
144 9996.84808186
145 9996.89125882
146 9996.93443579
147 9997.06396667
148 9997.10714363
149 9997.15032059
150 9997.23667451
151 9997.23667451
152 9997.23667451
153 9997.27985147
154 9997.32302843
155 9997.36620539
156 9997.36620539
157 9997.49573628
158 9997.5820902
159 9997.5820902
160 9997.66844412
161 9997.66844412
162 9997.797975
163 9997.797975
164 9997.92750588
165 9998.14339069
166 9998.22974461
167 9998.27292157
168 9998.27292157
169 9998.27292157
170 9998.31609853
171 9998.35927549
172 9998.35927549
173 9998.53198333
174 9998.53198333
175 9998.53198333
176 9998.53198333
177 9998.61833726
178 9998.61833726
179 9998.61833726
180 9998.61833726
181 9998.70469118
182 9998.74786814
183 9998.7910451
184 9998.7910451
185 9998.7910451
186 9998.7910451
187 9998.87739902
188 9998.92057598
189 9999.0069299
190 9999.0069299
191 9999.05010686
192 9999.09328382
193 9999.09328382
194 9999.09328382
195 9999.09328382
196 9999.09328382
197 9999.09328382
198 9999.09328382
199 9999.13646078
200 9999.17963775
201 9999.17963775
202 9999.17963775
203 9999.17963775
204 9999.17963775
205 9999.17963775
206 9999.22281471
207 9999.22281471
208 9999.22281471
209 9999.26599167
210 9999.26599167
211 9999.30916863
212 9999.30916863
213 9999.30916863
214 9999.35234559
215 9999.43869951
216 9999.43869951
217 9999.43869951
218 9999.48187647
219 9999.48187647
220 9999.52505343
221 9999.52505343
222 9999.56823039
223 9999.56823039
224 9999.56823039
225 9999.61140735
226 9999.65458431
227 9999.65458431
228 9999.69776127
229 9999.69776127
230 9999.69776127
231 9999.69776127
232 9999.69776127
233 9999.69776127
234 9999.69776127
235 9999.74093824
236 9999.7841152
237 9999.7841152
238 9999.7841152
239 9999.7841152
240 9999.7841152
241 9999.7841152
242 9999.7841152
243 9999.7841152
244 9999.7841152
245 9999.82729216
246 9999.82729216
247 9999.82729216
248 9999.82729216
249 9999.82729216
250 9999.82729216
251 9999.82729216
252 9999.82729216
253 9999.82729216
254 9999.82729216
354 9999.87046912
355 9999.87046912
356 9999.87046912
357 9999.87046912
358 9999.87046912
359 9999.87046912
360 9999.87046912
361 9999.87046912
362 9999.87046912
363 9999.87046912
368 9999.91364608
369 9999.91364608
370 9999.91364608
371 9999.91364608
372 9999.91364608
373 9999.91364608
374 9999.91364608
375 9999.91364608
376 9999.91364608
377 9999.91364608
399 9999.95682304
400 9999.95682304
401 9999.95682304
402 9999.95682304
403 9999.95682304
404 9999.95682304
405 9999.95682304
406 9999.95682304
407 9999.95682304
408 9999.95682304
787 10000.0
788 10000.0
789 10000.0
790 10000.0
791 10000.0
792 10000.0
793 10000.0
794 10000.0
795 10000.0
796 10000.0
1501 10000.0
