0 0.0
1 0.0
2 0.0
3 0.0
4 0.0
5 0.0
6 0.0
7 0.0
8 0.0
602 555.555555556
603 555.555555556
604 1666.66666667
605 1666.66666667
606 1666.66666667
607 1666.66666667
608 1666.66666667
609 1666.66666667
610 1666.66666667
611 1666.66666667
612 1666.66666667
613 1666.66666667
616 2222.22222222
617 2777.77777778
618 3333.33333333
619 3333.33333333
620 3333.33333333
621 3333.33333333
622 3888.88888889
623 4444.44444444
624 4444.44444444
625 4444.44444444
626 4444.44444444
627 4444.44444444
628 4444.44444444
629 5555.55555556
630 5555.55555556
631 5555.55555556
632 5555.55555556
633 5555.55555556
634 5555.55555556
635 5555.55555556
636 6111.11111111
637 6111.11111111
638 6111.11111111
639 6111.11111111
640 6111.11111111
641 6111.11111111
642 6111.11111111
643 6111.11111111
644 6111.11111111
645 6111.11111111
674 6666.66666667
675 6666.66666667
676 6666.66666667
677 6666.66666667
678 6666.66666667
679 6666.66666667
680 6666.66666667
681 6666.66666667
682 6666.66666667
683 6666.66666667
940 7222.22222222
941 7222.22222222
942 7222.22222222
943 7222.22222222
944 7222.22222222
945 7222.22222222
946 7222.22222222
947 7222.22222222
948 7222.22222222
949 7222.22222222
962 7777.77777778
963 7777.77777778
964 7777.77777778
965 7777.77777778
966 7777.77777778
967 7777.77777778
968 7777.77777778
969 7777.77777778
970 7777.77777778
971 7777.77777778
1011 8333.33333333
1012 8333.33333333
1013 8333.33333333
1014 8333.33333333
1015 8333.33333333
1016 8333.33333333
1017 8333.33333333
1018 8333.33333333
1019 8333.33333333
1020 8333.33333333
1097 8888.88888889
1098 8888.88888889
1099 8888.88888889
1100 8888.88888889
1101 8888.88888889
1102 8888.88888889
1103 8888.88888889
1104 8888.88888889
1105 8888.88888889
1106 8888.88888889
1156 9444.44444444
1157 9444.44444444
1158 9444.44444444
1159 9444.44444444
1160 9444.44444444
1161 9444.44444444
1162 9444.44444444
1163 9444.44444444
1164 9444.44444444
1165 9444.44444444
1501 10000.0
