0 0.0
1 13.1498759029
2 3624.57873296
3 3937.02286041
4 4100.10823655
5 4260.50211763
6 4415.12850928
7 4567.44790515
8 4689.04580732
9 5887.31863649
10 8484.53447709
11 9613.52053322
12 9686.42159963
13 9719.98838812
14 9743.05834585
15 9759.32266604
16 9770.5308205
17 9779.25895451
18 9785.3724933
19 9791.19765763
20 9796.44607301
21 9801.3099891
22 9805.59715624
23 9810.23037275
24 9815.22886359
25 9819.82363017
26 9825.3219701
27 9831.01255967
28 9836.41477477
29 9841.02876631
30 9846.33485659
31 9852.27537071
32 9857.15851176
33 9861.94552798
34 9866.25192009
35 9870.51986227
36 9875.05695396
37 9881.97794128
38 9887.20713169
39 9891.66732352
40 9896.01216556
41 9899.53033411
42 9903.37532706
43 9906.10527206
44 9909.43119097
45 9912.54563526
46 9916.79435247
47 9921.67749353
48 9925.71473613
49 9928.63693077
50 9931.27075095
51 9934.69279468
52 9937.94181372
53 9941.59455703
54 9944.13225238
55 9946.86219738
56 9949.07306832
57 9951.49541388
58 9953.37946043
59 9955.72490613
60 9957.82042729
61 9959.62757398
62 9961.97301968
63 9963.89551616
64 9966.12561207
65 9968.27880813
66 9969.75913042
67 9970.95107823
68 9972.16225101
69 9973.66179826
70 9974.98832083
71 9976.3725183
72 9977.94896541
73 9979.21781308
74 9979.98681167
75 9980.98650984
76 9981.67860857
77 9982.58218192
78 9983.27428065
79 9984.08172917
80 9984.73537797
81 9985.56205146
82 9986.61942452
83 9987.23462339
84 9987.88827219
85 9988.71494568
86 9989.27246966
87 9989.82999364
88 9990.57976726
89 9991.07961635
90 9991.69481522
91 9992.17543934
92 9992.50226374
93 9992.80986318
94 9993.2904873
95 9993.8864612
96 9994.19406064
97 9994.69390972
98 9995.09763398
99 9995.48213328
100 9995.73205782
101 9996.15500705
102 9996.57795627
103 9996.77020592
104 9996.98168053
105 9997.25083004
106 9997.48152962
107 9997.67377926
108 9997.94292877
109 9998.05827856
110 9998.28897814
111 9998.44277785
112 9998.53890268
113 9998.61580254
114 9998.78882722
115 9998.86572708
116 9998.92340197
117 9998.9618519
118 9999.0195268
119 9999.07720169
120 9999.13487659
121 9999.17332651
122 9999.19255148
123 9999.23100141
124 9999.26945134
125 9999.32712623
126 9999.32712623
127 9999.36557616
128 9999.42325106
129 9999.50015092
130 9999.57705078
131 9999.6155007
132 9999.63472567
133 9999.63472567
134 9999.65395063
135 9999.6731756
136 9999.6731756
137 9999.6731756
138 9999.6731756
139 9999.6731756
140 9999.6731756
141 9999.6731756
142 9999.71162553
143 9999.71162553
144 9999.71162553
145 9999.71162553
146 9999.71162553
147 9999.71162553
148 9999.71162553
149 9999.71162553
150 9999.71162553
151 9999.73085049
152 9999.73085049
153 9999.73085049
154 9999.73085049
155 9999.73085049
156 9999.73085049
157 9999.75007546
158 9999.75007546
159 9999.75007546
160 9999.75007546
161 9999.75007546
162 9999.75007546
163 9999.75007546
164 9999.75007546
165 9999.76930042
166 9999.76930042
167 9999.76930042
168 9999.76930042
169 9999.76930042
170 9999.76930042
171 9999.76930042
172 9999.76930042
173 9999.76930042
174 9999.76930042
175 9999.78852539
176 9999.78852539
177 9999.78852539
178 9999.78852539
179 9999.78852539
180 9999.78852539
181 9999.78852539
182 9999.80775035
183 9999.80775035
184 9999.80775035
185 9999.82697532
186 9999.82697532
187 9999.82697532
188 9999.82697532
189 9999.82697532
190 9999.82697532
191 9999.82697532
192 9999.82697532
193 9999.82697532
194 9999.82697532
330 9999.84620028
331 9999.84620028
332 9999.84620028
333 9999.84620028
334 9999.84620028
335 9999.84620028
336 9999.84620028
337 9999.84620028
338 9999.84620028
339 9999.84620028
383 9999.86542525
384 9999.86542525
385 9999.86542525
386 9999.86542525
387 9999.88465021
388 9999.88465021
389 9999.88465021
390 9999.88465021
391 9999.90387518
392 9999.90387518
393 9999.90387518
394 9999.90387518
395 9999.90387518
396 9999.90387518
397 9999.90387518
398 9999.90387518
399 9999.90387518
400 9999.90387518
486 9999.92310014
487 9999.92310014
488 9999.94232511
489 9999.94232511
490 9999.94232511
491 9999.94232511
492 9999.94232511
493 9999.94232511
494 9999.94232511
495 9999.96155007
496 9999.96155007
497 9999.96155007
498 9999.96155007
499 9999.96155007
500 9999.96155007
501 9999.96155007
502 9999.96155007
503 9999.96155007
504 9999.96155007
524 9999.98077504
525 9999.98077504
526 9999.98077504
527 9999.98077504
528 9999.98077504
529 9999.98077504
530 9999.98077504
531 9999.98077504
532 9999.98077504
533 9999.98077504
1071 10000.0
1072 10000.0
1073 10000.0
1074 10000.0
1075 10000.0
1076 10000.0
1077 10000.0
1078 10000.0
1079 10000.0
1080 10000.0
1501 10000.0
