0 0.0
1 22.9810006657
2 3620.52115874
3 3898.53365426
4 4055.47447124
5 4198.39623769
6 4346.20440074
7 4523.13890169
8 4632.00525768
9 6139.17055018
10 8558.42764719
11 9636.87031631
12 9696.48862259
13 9729.24241648
14 9750.0042676
15 9763.93796623
16 9773.19864803
17 9780.85898158
18 9786.89762892
19 9791.6346597
20 9796.2650006
21 9800.2552022
22 9804.18138987
23 9807.46743825
24 9812.1404551
25 9816.92016183
26 9821.80655844
27 9827.78119185
28 9834.11857087
29 9838.94095355
30 9844.51016541
31 9851.70106348
32 9857.37696523
33 9863.35159864
34 9867.89658763
35 9873.44446151
36 9878.82163159
37 9885.62844608
38 9891.62441747
39 9897.32165719
40 9901.73861832
41 9906.13424148
42 9910.14578106
43 9914.26401052
44 9918.10484628
45 9922.00969598
46 9927.02412045
47 9932.12389683
48 9936.51951998
49 9939.33613288
50 9942.32344958
51 9945.86555368
52 9948.53280074
53 9951.75483519
54 9954.05933664
55 9956.19313429
56 9958.13489015
57 9960.43939161
58 9962.12509175
59 9964.34424131
60 9966.0726174
61 9968.05704921
62 9970.44690258
63 9972.53802427
64 9974.20238644
65 9975.63203086
66 9976.91230945
67 9978.23526399
68 9979.62223246
69 9980.60377938
70 9981.79870607
71 9982.75891501
72 9983.95384169
73 9985.06341647
74 9985.72489374
75 9986.36503303
76 9987.00517233
77 9987.7520015
78 9988.28545091
79 9988.94692818
80 9989.58706748
81 9990.26988273
82 9990.71798023
83 9991.23009167
84 9991.59283727
85 9992.06227275
86 9992.55304621
87 9993.00114372
88 9993.59860706
89 9993.96135266
90 9994.45212612
91 9994.83620969
92 9995.15627934
93 9995.49768696
94 9995.77508066
95 9996.0951503
96 9996.24451614
97 9996.4578959
98 9996.67127567
99 9997.01268329
100 9997.20472508
101 9997.43944282
102 9997.61014663
103 9997.73817449
104 9997.93021628
105 9998.10092009
106 9998.186272
107 9998.29296188
108 9998.42098974
109 9998.50634165
110 9998.63436951
111 9998.69838343
112 9998.80507332
113 9998.86908725
114 9998.93310118
115 9999.03979106
116 9999.10380499
117 9999.16781892
118 9999.23183285
119 9999.2745088
120 9999.29584678
121 9999.31718475
122 9999.35986071
123 9999.38119868
124 9999.40253666
125 9999.44521261
126 9999.48788856
127 9999.48788856
128 9999.48788856
129 9999.53056452
130 9999.53056452
131 9999.53056452
132 9999.55190249
133 9999.55190249
134 9999.55190249
135 9999.57324047
136 9999.57324047
137 9999.59457845
138 9999.59457845
139 9999.59457845
140 9999.59457845
141 9999.6372544
142 9999.6372544
143 9999.6372544
144 9999.6372544
145 9999.6372544
146 9999.65859238
147 9999.70126833
148 9999.74394428
149 9999.74394428
150 9999.76528226
151 9999.78662024
152 9999.78662024
153 9999.78662024
154 9999.80795821
155 9999.80795821
156 9999.80795821
157 9999.82929619
158 9999.82929619
159 9999.82929619
160 9999.85063416
161 9999.85063416
162 9999.85063416
163 9999.85063416
164 9999.85063416
165 9999.85063416
166 9999.85063416
167 9999.85063416
168 9999.85063416
169 9999.85063416
170 9999.87197214
171 9999.87197214
172 9999.87197214
173 9999.87197214
174 9999.87197214
175 9999.87197214
176 9999.87197214
177 9999.87197214
178 9999.87197214
179 9999.87197214
192 9999.89331012
193 9999.89331012
194 9999.89331012
195 9999.89331012
196 9999.89331012
197 9999.89331012
198 9999.89331012
199 9999.89331012
200 9999.89331012
201 9999.89331012
217 9999.91464809
218 9999.91464809
219 9999.91464809
220 9999.91464809
221 9999.91464809
222 9999.91464809
223 9999.91464809
224 9999.91464809
225 9999.91464809
226 9999.91464809
372 9999.93598607
373 9999.93598607
374 9999.93598607
375 9999.93598607
376 9999.93598607
377 9999.93598607
378 9999.93598607
379 9999.95732405
380 9999.95732405
381 9999.97866202
382 9999.97866202
383 9999.97866202
384 9999.97866202
385 9999.97866202
386 9999.97866202
387 9999.97866202
388 9999.97866202
389 9999.97866202
390 9999.97866202
407 10000.0
408 10000.0
409 10000.0
410 10000.0
411 10000.0
412 10000.0
413 10000.0
414 10000.0
415 10000.0
416 10000.0
1501 10000.0
