0 0.0
1 0.0
2 0.0
3 0.0
4 0.0
5 0.0
6 0.0
7 0.0
8 0.0
25 0.0239559976236
26 0.0239559976236
27 0.0239559976236
28 0.0239559976236
29 0.0479119952471
30 0.0479119952471
31 0.0718679928707
32 0.119779988118
33 0.143735985741
34 0.143735985741
35 0.167691983365
36 0.167691983365
37 0.167691983365
38 0.167691983365
39 0.167691983365
40 0.167691983365
41 0.167691983365
42 0.191647980989
43 0.191647980989
44 0.239559976236
45 0.287471971483
46 0.33538396673
47 0.359339964353
48 0.407251959601
49 0.407251959601
50 0.407251959601
51 0.455163954848
52 0.479119952471
53 0.503075950095
54 0.503075950095
55 0.527031947718
56 0.527031947718
57 0.527031947718
58 0.574943942966
59 0.574943942966
60 0.598899940589
61 0.646811935836
62 0.67076793346
63 0.694723931083
64 0.694723931083
65 0.718679928707
66 0.718679928707
67 0.742635926331
68 0.742635926331
69 0.766591923954
70 0.838459916825
71 0.910327909695
72 0.910327909695
73 0.934283907319
74 0.958239904943
75 0.958239904943
76 1.00615190019
77 1.03010789781
78 1.07801989306
79 1.12593188831
80 1.17384388355
81 1.17384388355
82 1.24571187643
83 1.24571187643
84 1.24571187643
85 1.26966787405
86 1.34153586692
87 1.36549186454
88 1.38944786217
89 1.46131585504
90 1.48527185266
91 1.55713984553
92 1.60505184078
93 1.6290078384
94 1.7248318289
95 1.7248318289
96 1.77274382414
97 1.84461181701
98 1.89252381226
99 1.94043580751
100 1.96439180513
101 2.01230380038
102 2.01230380038
103 2.036259798
104 2.10812779087
105 2.1320837885
106 2.20395178137
107 2.22790777899
108 2.27581977424
109 2.37164376473
110 2.39559976236
111 2.4435117576
112 2.49142375285
113 2.5393357481
114 2.56329174572
115 2.63515973859
116 2.70702773146
117 2.73098372909
118 2.77889572433
119 2.80285172196
120 2.80285172196
121 2.82680771958
122 2.8507637172
123 2.87471971483
124 2.87471971483
125 2.92263171007
126 2.92263171007
127 2.97054370532
128 2.99449970295
129 3.01845570057
130 3.01845570057
131 3.04241169819
132 3.11427969106
133 3.18614768393
134 3.21010368156
135 3.23405967918
136 3.32988366968
137 3.37779566492
138 3.40175166255
139 3.47361965542
140 3.59339964353
141 3.64131163878
142 3.71317963165
143 3.7610916269
144 3.83295961977
145 3.85691561739
146 3.88087161502
147 3.92878361026
148 4.02460760076
149 4.12043159125
150 4.1683435865
151 4.24021157937
152 4.26416757699
153 4.33603556987
154 4.40790356274
155 4.59955154372
156 4.6714195366
157 4.69537553422
158 4.81515552234
159 4.88702351521
160 4.9828475057
161 5.00680350333
162 5.12658349144
163 5.19845148431
164 5.27031947718
165 5.41405546293
166 5.58174744629
167 5.72548343203
168 5.84526342015
169 5.94108741064
170 6.01295540351
171 6.18064738688
172 6.27647137737
173 6.42020736312
174 6.63581134173
175 6.7076793346
176 6.82745932272
177 6.89932731559
178 7.0191073037
179 7.09097529658
180 7.16284328945
181 7.30657927519
182 7.57009524905
183 7.88152321815
184 8.12108319439
185 8.19295118726
186 8.336687173
187 8.43251116349
188 8.48042315874
189 8.60020314686
190 8.69602713735
191 8.8397631231
192 9.07932309933
193 9.19910308745
194 129.93733111
195 275.949136626
196 403.395043983
197 649.039843615
198 679.823300562
199 696.281070929
200 704.378198126
201 710.247417543
202 714.559497116
203 718.608060714
204 722.441020334
205 726.345847946
206 730.44232354
207 736.311542958
208 742.659882328
209 749.990417601
210 754.015025202
211 756.985568907
212 759.860288622
213 762.567316353
214 765.034784109
215 766.975219916
216 768.676095747
217 769.610379655
218 770.281147588
219 770.856091531
220 771.359167481
221 771.814331436
222 772.628835355
223 773.443339274
224 774.713007148
225 775.192127101
226 775.623335058
227 776.126411008
228 776.461794975
229 778.042890818
230 778.92926273
231 782.115410414
232 783.552770272
233 784.223538205
234 784.894306138
235 785.660898062
236 786.355621994
237 787.026389927
238 788.032541827
239 789.158473715
240 790.164625616
241 791.003085532
242 791.578029475
243 792.656049369
244 793.278905307
245 793.781981257
246 794.428793193
247 794.979781138
248 795.602637076
249 796.057801031
250 796.417140995
251 797.016040936
252 797.447248893
253 797.998236839
254 798.357576803
255 799.028344736
256 799.459552694
257 799.938672646
258 800.321968608
259 800.825044558
260 801.376032503
261 802.046800437
262 802.837348359
263 803.340424309
264 803.915368252
265 804.442400199
266 804.873608157
267 805.712068073
268 808.658655781
269 809.664807681
270 813.354031315
271 814.288315223
272 815.054907147
273 815.797543073
274 816.516223002
275 817.23490293
276 818.097318845
277 818.696218785
278 819.462810709
279 821.355334522
280 822.601046398
281 826.961037965
282 829.476417716
283 830.578393607
284 831.584545507
285 832.6625654
286 833.788497288
287 834.818605186
288 836.160141053
289 836.950688974
290 838.172444853
291 839.130684758
292 840.160792656
293 840.855516587
294 841.789800494
295 842.628260411
296 843.586500316
297 844.592652216
298 845.646716112
299 846.581000019
300 847.563195922
301 848.497479829
302 849.335939746
303 850.294179651
304 851.01285958
305 851.875275494
306 854.127139271
307 855.085379176
308 859.133942774
309 860.331742655
310 861.28998256
311 862.128442477
312 862.895034401
313 863.685582322
314 864.571954234
315 865.482282144
316 866.392610054
317 867.111289983
318 867.782057916
319 868.596561835
320 869.243373771
321 870.033921693
322 870.656777631
323 871.47128155
324 872.237873474
325 873.028421396
326 873.89083731
327 874.681385232
328 875.424021158
329 876.358305065
330 877.029072999
331 877.81962092
332 878.82577282
333 879.760056728
334 880.670384637
335 882.371260469
336 884.623124245
337 888.863335825
338 896.002223117
339 906.135610111
340 921.108108626
341 944.920370264
342 981.309530654
343 1032.38371759
344 1102.40709864
345 1194.49395351
346 1309.69834608
347 1461.36376703
348 1645.10626881
349 1865.04628299
350 2113.9490983
351 2379.59715594
352 2682.32909791
353 3000.41683436
354 3333.86036528
355 3658.00896913
356 3955.47059162
357 4263.0656011
358 4548.71691677
359 4811.01113475
360 5035.47883248
361 5223.94066579
362 5392.87836103
363 5542.79499415
364 5668.54002568
365 5773.44333927
366 5858.99020679
367 5934.28390732
368 6001.0253167
369 6056.00433124
370 6105.16203837
371 6145.81536634
372 6181.27024282
373 6216.53347132
374 6246.74198432
375 6273.95599762
376 6296.28298741
377 6316.38206941
378 6333.60643171
379 6349.87255409
380 6362.37758485
381 6373.78063972
382 6382.62040284
383 6390.02280611
384 6396.29927749
385 6401.37794898
386 6406.2889285
387 6410.09793212
388 6413.09243182
389 6415.94319554
390 6418.3148393
391 6420.27923111
392 6422.50713889
393 6424.27988271
394 6426.24427452
395 6428.18471032
396 6429.93349815
397 6432.52074589
398 6434.53304969
399 6436.66513348
400 6439.18051323
401 6442.07918895
402 6446.67874049
403 6449.86488817
404 6457.09959946
405 6460.6929991
406 6463.37607083
407 6465.7477146
408 6468.43078633
409 6470.99407808
410 6473.86879779
411 6476.62373752
412 6479.42658924
413 6481.894057
414 6485.00833669
415 6488.19448437
416 6490.9494241
417 6493.27315587
418 6496.07600759
419 6498.37578336
420 6501.0348991
421 6502.95137891
422 6504.84390272
423 6506.35313057
424 6507.71862243
425 6508.91642232
426 6509.85070622
427 6510.97663811
428 6512.62960195
429 6514.71377374
430 6516.22300159
431 6520.29552119
432 6521.63705705
433 6522.85881293
434 6524.08056881
435 6525.25441269
436 6526.30847659
437 6527.45836448
438 6528.79990034
439 6530.30912819
440 6532.56099197
441 6534.83681174
442 6537.18449951
443 6540.01130723
444 6543.22141091
445 6546.52733858
446 6549.52183829
447 6553.30688591
448 6557.04402154
449 6560.15830123
450 6563.24862493
451 6566.77015658
452 6570.38751222
453 6573.86113187
454 6576.75980759
455 6579.6105713
456 6581.74265509
457 6584.28199084
458 6586.15055865
459 6587.82747849
460 6589.36066234
461 6590.55846222
462 6591.66043811
463 6592.57076602
464 6593.36131394
465 6593.88834589
466 6594.48724583
467 6595.06218977
468 6595.7569137
469 6596.37976964
470 6597.02658157
471 6597.52965753
472 6598.24833745
473 6599.13470937
474 6599.8054773
475 6600.59602522
476 6601.93756109
477 6603.01558098
478 6604.30920485
479 6605.8903007
480 6607.92656049
481 6609.31600836
482 6611.61578413
483 6613.72391192
484 6616.04764369
485 6618.63489143
486 6621.31796317
487 6624.04894689
488 6626.44454666
489 6628.93597041
490 6631.33157017
491 6633.60738995
492 6636.19463769
493 6638.71001744
494 6642.23154909
495 6647.54978056
496 6650.85570824
497 6655.98229173
498 6659.52777937
499 6663.81590295
500 6667.64886257
501 6671.79325016
502 6675.74598977
503 6679.81850936
504 6683.84311696
505 6687.86772456
506 6692.22771613
507 6696.30023573
508 6700.6123153
509 6704.46923092
510 6708.18241055
511 6711.77581019
512 6715.05778187
513 6718.19601755
514 6721.31029725
515 6724.11314897
516 6726.8201767
517 6729.16786447
518 6730.98852029
519 6732.71335211
520 6734.10279998
521 6735.34851185
522 6736.30675176
523 6737.21707967
524 6737.8878476
525 6738.82213151
526 6739.15751548
527 6739.66059143
528 6740.25949137
529 6740.69069932
530 6741.05003929
531 6741.24168727
532 6741.50520324
533 6741.9843232
534 6742.12805918
535 6742.65509113
536 6742.87069511
537 6743.30190306
538 6743.996627
539 6744.49970295
540 6745.14651488
541 6746.12871078
542 6747.18277468
543 6748.50035455
544 6749.72211043
545 6751.25529428
546 6753.07595009
547 6754.87264992
548 6756.81308572
549 6758.84934552
550 6760.93351732
551 6763.25724908
552 6765.60493685
553 6767.73702064
554 6770.68360835
555 6773.1510761
556 6775.76227984
557 6778.42139558
558 6781.48776328
559 6783.78753905
560 6785.84775484
561 6787.69236666
562 6789.94423044
563 6792.00444623
564 6793.92092604
565 6795.69366987
566 6797.3945457
567 6799.07146553
568 6800.31717741
569 6801.3712413
570 6802.23365722
571 6802.88046915
572 6803.59914908
573 6804.17409303
574 6804.77299297
575 6805.4677169
576 6806.04266084
577 6806.4978248
578 6806.78529677
579 6807.16859273
580 6807.33628471
581 6807.64771268
582 6808.03100864
583 6808.19870063
584 6808.67782058
585 6809.03716054
586 6809.30067652
587 6812.75034018
588 6813.85231607
589 6814.37934801
590 6814.73868798
591 6815.05011595
592 6815.33758792
593 6815.69692788
594 6816.03231185
595 6816.4874758
596 6817.01450775
597 6817.5654957
598 6817.92483566
599 6818.45186761
600 6819.29032753
601 6819.98505146
602 6820.91933536
603 6821.82966327
604 6823.19515514
605 6824.32108703
606 6825.83031488
607 6827.26767474
608 6828.44151862
609 6829.6872305
610 6831.41206232
611 6833.16085015
612 6834.74194599
613 6836.17930585
614 6838.11974166
615 6839.82061749
616 6841.35380134
617 6843.10258916
618 6844.82742099
619 6846.09708887
620 6847.58236072
621 6849.25928055
622 6850.38521244
623 6851.58301232
624 6852.92454819
625 6854.05048008
626 6855.17641197
627 6856.27838786
628 6857.30849575
629 6858.67398762
630 6860.08739148
631 6861.26123536
632 6862.55485923
633 6863.56101113
634 6864.71089902
635 6866.22012687
636 6867.75331072
637 6869.45418655
638 6871.25088637
639 6872.9517622
640 6875.15571398
641 6876.95241381
642 6878.96471761
643 6881.19262539
644 6883.01328121
645 6885.36096897
646 6887.49305276
647 6889.72096054
648 6891.97282432
649 6894.1049081
650 6896.2130359
651 6898.1534717
652 6900.1657755
653 6901.81873934
654 6903.78313114
655 6905.220491
656 6906.70576285
657 6908.38268269
658 6910.08355852
659 6911.54487437
660 6912.95827823
661 6913.86860614
662 6914.49146208
663 6915.11431802
664 6916.00068993
665 6916.86310585
666 6917.62969777
667 6918.01299373
668 6918.51606968
669 6919.06705763
670 6919.3305736
671 6919.64200157
672 6919.85760555
673 6920.14507752
674 6920.45650549
675 6920.69606547
676 6920.98353744
677 6921.15122942
678 6921.3907894
679 6921.51056939
680 6921.75012936
681 6921.84595335
682 6921.94177734
683 6922.13342532
684 6922.22924931
685 6922.46880929
686 6922.61254528
687 6922.70836927
688 6922.85210525
689 6922.92397325
690 6923.04375323
691 6923.18748922
692 6923.28331321
693 6923.4270492
694 6923.47496119
695 6923.52287319
696 6923.59474118
697 6923.83430116
698 6924.04990513
699 6924.19364112
700 6924.3852891
701 6924.60089308
702 6924.91232105
703 6925.27166101
704 6925.60704498
705 6926.06220893
706 6926.61319688
707 6927.57143678
708 6928.26616072
709 6928.96088465
710 6929.65560858
711 6930.82945246
712 6931.88351636
713 6933.22505222
714 6935.11757604
715 6936.93823186
716 6938.95053566
717 6941.05866345
718 6943.5740432
719 6946.18524694
720 6948.70062669
721 6951.76699438
722 6953.80325418
723 6956.31863393
724 6959.26522164
725 6962.33158934
726 6965.42191303
727 6968.22476475
728 6971.12344046
729 6973.7586002
730 6976.27397995
731 6978.95705169
732 6981.8078154
733 6984.44297514
734 6987.24582687
735 6989.78516261
736 6991.9651584
737 6994.31284616
738 6995.917898
739 6998.07393779
740 7000.0383296
741 7001.66733743
742 7003.20052128
743 7004.70974913
744 7006.36271297
745 7007.46468886
746 7008.73435673
747 7009.90820062
748 7011.1060005
749 7011.92050442
750 7012.90270032
751 7013.90885222
752 7014.74731214
753 7015.75346404
754 7016.73565994
755 7017.69389984
756 7018.46049177
757 7019.61037965
758 7020.49675157
759 7021.76641944
760 7023.37147128
761 7024.64113916
762 7025.79102704
763 7027.46794688
764 7029.00113072
765 7030.70200655
766 7032.57057437
767 7034.43914218
768 7036.61913797
769 7038.43979379
770 7040.61978957
771 7042.89560934
772 7045.21934111
773 7047.54307288
774 7049.62724468
775 7052.26240442
776 7054.72987217
777 7057.4608559
778 7059.90436766
779 7061.96458345
780 7064.21644723
781 7066.492267
782 7068.69621879
783 7070.63665459
784 7072.43335441
785 7074.51752621
786 7076.43400602
787 7077.96718987
788 7079.11707775
789 7080.93773357
790 7082.75838939
791 7084.19574925
792 7085.53728511
793 7086.51948102
794 7087.54958892
795 7088.50782882
796 7089.44211273
797 7090.16079266
798 7090.63991261
799 7091.21485655
800 7091.95749248
801 7092.53243642
802 7092.96364438
803 7118.16535388
804 7144.73255524
805 7153.66814236
806 7161.57362157
807 7219.64295981
808 7283.2221775
809 7295.41578029
810 7308.54366699
811 7315.10761034
812 7320.78518178
813 7324.78583338
814 7327.80428908
815 7330.00824086
816 7331.92472067
817 7333.33812453
818 7334.6557044
819 7335.78163629
820 7336.85965618
821 7337.7460281
822 7338.58448801
823 7339.39899193
824 7340.06975987
825 7340.54887982
826 7341.21964775
827 7341.7227237
828 7342.29766764
829 7342.7288756
830 7343.18403956
831 7343.66315951
832 7343.90271948
833 7344.14227946
834 7344.33392744
835 7344.64535541
836 7344.95678338
837 7345.22029935
838 7345.48381533
839 7345.7712873
840 7346.10667127
841 7346.51392323
842 7346.70557121
843 7347.11282317
844 7347.59194312
845 7348.45435903
846 7349.12512697
847 7349.8198509
848 7350.32292685
849 7350.8260028
850 7351.32907875
851 7351.47281473
852 7351.8561107
853 7352.07171467
854 7352.23940666
855 7352.33523065
856 7352.64665862
857 7352.8143506
858 7353.00599858
859 7353.05391058
860 7353.12577857
861 7353.29347055
862 7353.46116254
863 7353.58094252
864 7353.70072251
865 7354.10797447
866 7354.27566646
867 7354.61105042
868 7354.8745664
869 7355.13808237
870 7355.49742233
871 7355.78489431
872 7356.31192625
873 7356.74313421
874 7357.12643017
875 7357.62950612
876 7357.96489009
877 7358.32423005
878 7358.92312999
879 7359.56994193
880 7360.31257786
881 7361.05521378
882 7361.60620173
883 7362.13323368
884 7362.82795761
885 7363.83410951
886 7364.72048142
887 7365.82245731
888 7366.73278522
889 7367.9545411
890 7368.984649
891 7369.89497691
892 7370.78134882
893 7371.71563273
894 7372.74574062
895 7373.9914525
896 7375.26112037
897 7376.12353629
898 7377.08177619
899 7378.27957607
900 7379.42946396
901 7380.33979187
902 7381.56154775
903 7382.68747964
904 7383.52593955
905 7384.58000345
906 7385.44241936
907 7386.1131873
908 7386.92769122
909 7387.71823914
910 7388.34109508
911 7388.82021503
912 7389.53889496
913 7389.99405891
914 7390.42526687
915 7390.95229882
916 7391.59911075
917 7392.34174668
918 7392.74899864
919 7393.03647061
920 7393.56350256
921 7394.04262251
922 7394.42591847
923 7394.64152245
924 7394.83317043
925 7395.02481841
926 7395.40811438
927 7395.62371835
928 7395.91119033
929 7396.10283831
930 7396.27053029
931 7396.48613427
932 7396.51009027
933 7396.70173825
934 7396.79756224
935 7396.91734223
936 7397.10899021
937 7397.1569022
938 7397.25272619
939 7397.34855018
940 7397.44437417
941 7397.61206616
942 7397.73184614
943 7397.85162613
944 7397.92349413
945 7397.97140612
946 7397.99536212
947 7398.06723011
948 7398.1390981
949 7398.28283409
950 7398.40261408
951 7398.40261408
952 7398.59426206
953 7398.71404205
954 7398.76195404
955 7398.83382204
956 7399.00151402
957 7399.04942601
958 7399.217118
959 7399.40876598
960 7399.43272198
961 7399.45667797
962 7399.52854597
963 7399.60041396
964 7399.74414995
965 7399.88788593
966 7399.95975392
967 7400.03162192
968 7400.1514019
969 7400.2472259
970 7400.34304989
971 7400.58260986
972 7400.72634585
973 7400.75030185
974 7400.91799383
975 7401.01381782
976 7401.1815098
977 7401.2054658
978 7401.2533778
979 7401.34920179
980 7401.44502578
981 7401.54084977
982 7401.61271776
983 7401.75645375
984 7401.92414573
985 7402.04392572
986 7402.2355737
987 7402.33139769
988 7402.40326568
989 7402.52304567
990 7402.59491366
991 7402.69073765
992 7402.88238563
993 7402.97820962
994 7403.07403362
995 7403.16985761
996 7403.33754959
997 7403.45732958
998 7403.57710957
999 7403.62502156
1000 7403.76875755
1001 7403.86458154
1002 7404.00831752
1003 7404.15205351
1004 7404.31974549
1005 7404.46348148
1006 7404.53534947
1007 7404.72699745
1008 7404.79886544
1009 7404.84677744
1010 7404.89468943
1011 7404.91864543
1012 7405.06238142
1013 7405.2061174
1014 7405.2300734
1015 7405.2779854
1016 7405.42172138
1017 7405.51754537
1018 7405.68523736
1019 7405.82897334
1020 7405.92479733
1021 7406.02062132
1022 7406.16435731
1023 7406.33204929
1024 7406.57160927
1025 7406.83512524
1026 7407.00281723
1027 7407.31424519
1028 7407.62567316
1029 7407.88918914
1030 7408.12874911
1031 7408.39226509
1032 7408.75160505
1033 7409.08698902
1034 7409.44632898
1035 7409.68588896
1036 7410.14105291
1037 7410.47643688
1038 7411.02742483
1039 7411.55445677
1040 7412.03357673
1041 7412.39291669
1042 7412.94390464
1043 7413.49489258
1044 7413.87818854
1045 7414.52500048
1046 7414.98016443
1047 7415.74675636
1048 7416.3456563
1049 7417.13620422
1050 7417.99862013
1051 7418.71730006
1052 7419.29224401
1053 7420.17861592
1054 7421.01707584
1055 7421.85553575
1056 7422.59817168
1057 7423.53245559
1058 7424.4427835
1059 7425.23333142
1060 7425.85618736
1061 7426.91025125
1062 7427.65288718
1063 7428.49134709
1064 7429.32980701
1065 7430.09639893
1066 7431.24628682
1067 7432.13265873
1068 7433.04298664
1069 7433.83353456
1070 7434.4324345
1071 7435.10320244
1072 7435.60627839
1073 7436.10935434
1074 7436.82803427
1075 7437.42693421
1076 7437.90605416
1077 7438.60077809
1078 7439.12781004
1079 7439.58297399
1080 7440.30165392
1081 7440.87659787
1082 7441.40362981
1083 7441.88274977
1084 7442.26604573
1085 7442.60142969
1086 7443.00868165
1087 7443.39197762
1088 7443.67944959
1089 7443.96692156
1090 7444.30230553
1091 7444.5179095
1092 7444.82933747
1093 7445.09285345
1094 7445.28450143
1095 7445.50010541
1096 7445.73966538
1097 7446.02713735
1098 7446.31460933
1099 7446.5302133
1100 7446.69790529
1101 7446.96142126
1102 7447.24889323
1103 7447.39262922
1104 7447.5363652
1105 7447.75196918
1106 7448.06339715
1107 7448.39878112
1108 7448.71020909
1109 7448.78207708
1110 7449.14141705
1111 7449.33306503
1112 7449.47680101
1113 7449.620537
1114 7449.71636099
1115 7449.86009697
1116 7450.24339294
1117 7450.41108492
1118 7450.67460089
1119 7450.93811687
1120 7451.44119282
1121 7451.75262079
1122 7452.08800475
1123 7452.20778474
1124 7452.56712471
1125 7452.99833266
1126 7453.33371663
1127 7453.6451446
1128 7454.00448456
1129 7454.33986853
1130 7454.6273405
1131 7455.01063646
1132 7455.46580042
1133 7455.99283237
1134 7456.44799632
1135 7456.90316028
1136 7457.52601621
1137 7458.24469614
1138 7458.77172809
1139 7459.22689204
1140 7459.99348397
1141 7460.59238391
1142 7461.47875582
1143 7462.24534775
1144 7462.77237969
1145 7463.6827076
1146 7464.64094751
1147 7465.55127542
1148 7466.43764733
1149 7467.46775523
1150 7468.66555511
1151 7469.88731099
1152 7471.34862684
1153 7472.71411871
1154 7473.7921386
1155 7474.94202649
1156 7476.23565036
1157 7477.24180226
1158 7478.31982215
1159 7479.51762203
1160 7480.8831139
1161 7482.24860576
1162 7483.80574561
1163 7485.43475344
1164 7487.39914525
1165 7488.83650511
1166 7490.32177696
1167 7491.87891681
1168 7493.34023266
1169 7494.20264858
1170 7495.11297648
1171 7496.64616033
1172 7498.05956419
1173 7499.47296805
1174 7500.71867993
1175 7502.0362598
1176 7503.16219169
1177 7504.14438759
1178 7505.0547155
1179 7505.98899941
1180 7506.94723931
1181 7508.0492152
1182 7508.93558711
1183 7509.84591502
1184 7510.68437494
1185 7511.69052684
1186 7512.40920677
1187 7513.22371069
1188 7513.91843462
1189 7514.85271853
1190 7515.57139846
1191 7516.29007838
1192 7516.88897832
1193 7517.70348224
1194 7518.35029418
1195 7518.97315012
1196 7519.45227007
1197 7520.24281799
1198 7520.81776193
1199 7521.29688189
1200 7521.96764982
1201 7522.42281378
1202 7522.94984572
1203 7523.33314169
1204 7523.90808563
1205 7524.1955576
1206 7524.48302957
1207 7524.69863355
1208 7525.08192951
1209 7525.46522547
1210 7525.72874145
1211 7526.13599341
1212 7526.42346538
1213 7526.75884935
1214 7526.97445332
1215 7527.40566128
1216 7527.69313325
1217 7527.93269323
1218 7528.14829721
1219 7528.41181318
1220 7528.77115315
1221 7528.91488913
1222 7529.15444911
1223 7529.46587708
1224 7529.72939305
1225 7529.87312904
1226 7530.04082102
1227 7530.32829299
1228 7530.71158895
1229 7530.95114893
1230 7531.16675291
1231 7531.38235689
1232 7531.57400487
1233 7531.76565285
1234 7531.88543284
1235 7532.05312482
1236 7532.2447728
1237 7532.48433278
1238 7532.74784875
1239 7532.89158474
1240 7533.08323272
1241 7533.20301271
1242 7533.37070469
1243 7533.58630867
1244 7533.82586864
1245 7534.01751663
1246 7534.2570766
1247 7534.37685659
1248 7534.56850457
1249 7534.73619655
1250 7534.85597654
1251 7534.97575653
1252 7534.99971253
1253 7535.14344851
1254 7535.40696449
1255 7535.47883248
1256 7535.52674448
1257 7535.67048046
1258 7535.81421645
1259 7535.95795243
1260 7536.10168842
1261 7536.19751241
1262 7536.41311639
1263 7536.60476437
1264 7536.72454436
1265 7536.82036835
1266 7537.10784032
1267 7537.22762031
1268 7537.39531229
1269 7537.46718028
1270 7537.63487227
1271 7537.80256425
1272 7537.87443224
1273 7537.94630024
1274 7538.11399222
1275 7538.20981621
1276 7538.3535522
1277 7538.42542019
1278 7538.59311217
1279 7538.66498016
1280 7538.71289216
1281 7538.83267215
1282 7538.95245214
1283 7539.04827613
1284 7539.19201211
1285 7539.26388011
1286 7539.3357481
1287 7539.43157209
1288 7539.57530807
1289 7539.64717607
1290 7539.69508806
1291 7539.76695606
1292 7539.83882405
1293 7539.93464804
1294 7540.05442803
1295 7540.19816401
1296 7540.24607601
1297 7540.3419
1298 7540.46167999
1299 7540.60541597
1300 7540.62937197
1301 7540.74915196
1302 7540.79706395
1303 7540.89288794
1304 7540.98871193
1305 7541.08453592
1306 7541.20431591
1307 7541.3480519
1308 7541.44387589
1309 7541.44387589
1310 7541.51574388
1311 7541.63552387
1312 7541.75530386
1313 7541.82717185
1314 7541.87508385
1315 7541.94695184
1316 7542.01881983
1317 7542.11464382
1318 7542.18651182
1319 7542.25837981
1320 7542.28233581
1321 7542.3542038
1322 7542.42607179
1323 7542.47398379
1324 7542.49793978
1325 7542.56980778
1326 7542.56980778
1327 7542.61771977
1328 7542.73749976
1329 7542.76145576
1330 7542.85727975
1331 7542.90519174
1332 7542.95310374
1333 7543.02497173
1334 7543.12079572
1335 7543.21661971
1336 7543.24057571
1337 7543.3843117
1338 7543.48013569
1339 7543.50409168
1340 7543.55200368
1341 7543.64782767
1342 7543.71969566
1343 7543.81551965
1344 7543.88738765
1345 7543.91134364
1346 7544.03112363
1347 7544.12694762
1348 7544.27068361
1349 7544.3904636
1350 7544.41441959
1351 7544.55815558
1352 7544.60606758
1353 7544.70189157
1354 7544.72584756
1355 7544.82167155
1356 7544.89353955
1357 7545.06123153
1358 7545.20496752
1359 7545.30079151
1360 7545.42057149
1361 7545.54035148
1362 7545.56430748
1363 7545.68408747
1364 7545.75595546
1365 7545.80386746
1366 7545.99551544
1367 7546.01947143
1368 7546.13925142
1369 7546.30694341
1370 7546.45067939
1371 7546.57045938
1372 7546.76210736
1373 7546.85793135
1374 7546.97771134
1375 7547.09749133
1376 7547.21727132
1377 7547.4089193
1378 7547.55265528
1379 7547.79221526
1380 7547.86408325
1381 7548.27133521
1382 7548.53485119
1383 7548.91814715
1384 7549.4212231
1385 7549.87638705
1386 7550.355507
1387 7550.88253895
1388 7551.69704287
1389 7552.3917668
1390 7553.4218747
1391 7554.35615861
1392 7555.24253052
1393 7556.10494643
1394 7557.51835029
1395 7559.00362215
1396 7560.65658598
1397 7562.38141781
1398 7564.34580962
1399 7566.83723337
1400 7569.16096514
1401 7572.27524483
1402 7575.46139251
1403 7579.17457215
1404 7582.19302785
1405 7585.73851549
1406 7590.55367102
1407 7595.7760785
1408 7601.8609019
1409 7607.49056134
1410 7614.72527262
1411 7621.19339198
1412 7629.55403515
1413 7637.81885433
1414 7646.53883746
1415 7656.76804845
1416 7665.67967956
1417 7678.01701834
1418 7688.91699726
1419 7703.36246383
1420 7714.7655187
1421 7729.73801721
1422 7743.41689185
1423 7760.73707813
1424 7775.73353265
1425 7792.21525901
1426 7812.79346097
1427 7831.02397516
1428 7853.32700895
1429 7873.13861898
1430 7898.46010847
1431 7919.25391441
1432 7945.67737979
1433 7968.12414956
1434 7997.92541061
1435 8023.1750321
1436 8050.3650894
1437 8081.38810633
1438 8110.49464344
1439 8144.2007321
1440 8174.3852891
1441 8208.33093773
1442 8240.28823856
1443 8278.78552674
1444 8310.59909159
1445 8346.12583606
1446 8382.32334847
1447 8415.93361314
1448 8455.77243719
1449 8492.08972958
1450 8535.09074532
1451 8570.68935779
1452 8611.27081776
1453 8647.94745012
1454 8690.03813795
1455 8726.21169436
1456 8761.35514287
1457 8803.37396271
1458 8838.34971924
1459 8879.84150712
1460 8917.21286341
1461 8956.83608348
1462 8992.26700397
1463 9031.67462006
1464 9064.61411679
1465 9103.63843692
1466 9136.76958163
1467 9169.42160639
1468 9206.26593074
1469 9237.9357596
1470 9273.1750321
1471 9302.30552521
1472 9335.55644991
1473 9363.9443071
1474 9396.38072788
1475 9421.79804136
1476 9449.51513061
1477 9476.32189195
1478 9499.17591368
1479 9524.47344717
1480 9546.56087698
1481 9571.18764254
1482 9591.31068054
1483 9613.49393434
1484 9631.74840453
1485 9651.46419057
1486 9667.73031296
1487 9682.96632745
1488 9700.81354568
1489 9714.87571628
1490 9731.52513463
1491 9744.10203339
1492 9759.45782786
1493 9771.84307863
1494 9785.2584373
1495 9795.77512026
1496 9807.65729508
1497 9817.47925411
1498 9827.03769716
1499 9837.53042412
1500 9845.55568332
1501 10000.0
