0 0.0
1 0.0
2 0.0
3 0.0
4 0.0
5 0.0
6 0.0
7 0.0
8 0.0
15 0.167928227476
16 6.2133444166
17 24.2446378418
18 62.3433544503
19 138.183940184
20 252.752973379
21 383.128250986
22 521.627056596
23 660.230817349
24 802.591972191
25 946.485472109
26 1097.66285889
27 1284.18913756
28 1511.66891271
29 1792.13004362
30 2119.25423074
31 2475.99675899
32 2823.62918089
33 3115.74033258
34 3359.15229831
35 3564.33960125
36 3746.77262938
37 3922.97132206
38 4078.38889659
39 4212.75246959
40 4328.55997347
41 4425.39158764
42 4511.76966964
43 4589.03764531
44 4658.32903017
45 4723.59013758
46 4781.23150166
47 4838.80989265
48 4892.35800619
49 4943.36620528
50 4993.03097856
51 5038.30862689
52 5079.97581834
53 5115.89146799
54 5147.71386709
55 5175.38004257
56 5201.15702549
57 5226.09436727
58 5248.15593815
59 5269.56678716
60 5288.47970377
61 5305.35649064
62 5321.14174402
63 5335.60456261
64 5348.91287464
65 5363.60659454
66 5376.70499628
67 5389.17366717
68 5401.2225175
69 5413.10343959
70 5427.58724921
71 5443.07862819
72 5460.60613694
73 5482.68869885
74 5506.07270453
75 5540.64492836
76 5577.50517429
77 5626.87607317
78 5677.19156832
79 5738.56933547
80 5797.65908051
81 5869.65830804
82 5943.50474607
83 6021.46542568
84 6115.37928689
85 6207.99170435
86 6330.99913097
87 6456.86133746
88 6619.54180783
89 6770.4882933
90 6936.31741794
91 7061.94872312
92 7167.15575763
93 7266.94710681
94 7339.53408313
95 7409.58114502
96 7462.77241107
97 7519.23827756
98 7566.88791211
99 7619.84827685
100 7665.75565603
101 7717.20466673
102 7760.80303278
103 7804.82121941
104 7852.53382704
105 7894.49489288
106 7939.45767579
107 7976.48584995
108 8014.66853067
109 8045.48336041
110 8077.24278643
111 8101.34048708
112 8124.82944789
113 8145.84146736
114 8162.42437982
115 8180.91747587
116 8195.21236623
117 8210.47284391
118 8222.54268526
119 8235.53613186
120 8245.84272682
121 8255.98139355
122 8264.81861652
123 8272.94214453
124 8281.40152899
125 8287.82478369
126 8295.3605629
127 8300.71327515
128 8306.59076311
129 8311.29275348
130 8316.54051059
131 8320.63376113
132 8324.78998476
133 8328.58936091
134 8331.612069
135 8335.03360664
136 8337.78343136
137 8340.99505871
138 8343.59794624
139 8346.20083376
140 8348.25795455
141 8350.60894973
142 8352.75003464
143 8354.97508365
144 8356.69634798
145 8358.16571997
146 8359.82401122
147 8361.29338321
148 8362.63680903
149 8363.74933353
150 8365.09275935
151 8366.35222106
152 8367.67465585
153 8369.01808167
154 8370.00466001
155 8371.07520246
156 8371.89385257
157 8372.92241296
158 8373.86700924
159 8374.72764141
160 8375.69322871
161 8376.65881602
162 8377.64539436
163 8378.54800858
164 8379.32467663
165 8380.0383716
166 8381.06693199
167 8381.82260902
168 8382.83017838
169 8383.52288232
170 8384.69837991
171 8385.47504796
172 8386.3146891
173 8387.25928538
174 8388.07793549
175 8388.77063943
176 8389.54730748
177 8390.53388582
178 8391.12163461
179 8391.60442827
180 8392.21316809
181 8392.90587203
182 8393.68254008
183 8394.62713636
184 8395.25686721
185 8395.97056218
186 8396.41137378
187 8397.08308669
188 8397.79678166
189 8398.74137794
190 8399.37110879
191 8400.00083964
192 8400.58858844
193 8401.05039106
194 8401.8900322
195 8402.45678997
196 8402.93958362
197 8403.84219784
198 8404.4719287
199 8405.08066852
200 8405.54247115
201 8468.80943085
202 8556.23706428
203 8704.45471605
204 8880.21259714
205 9003.49290713
206 9090.43774691
207 9131.37025235
208 9160.42183571
209 9178.39015605
210 9192.13927967
211 9201.22839498
212 9209.85570767
213 9217.51743305
214 9224.59140963
215 9231.5814221
216 9239.09621028
217 9246.48505229
218 9254.18875972
219 9259.68840917
220 9265.71283433
221 9270.45680676
222 9274.71798553
223 9278.85321813
224 9282.23277371
225 9284.89863432
226 9287.41755774
227 9289.24377721
228 9290.77612229
229 9292.72828793
230 9294.8483818
231 9297.17838596
232 9298.92064132
233 9300.72586976
234 9302.32118792
235 9303.16082906
236 9304.0004702
237 9305.21794985
238 9307.35903475
239 9310.21381462
240 9313.08958551
241 9314.95778704
242 9316.51112315
243 9317.49770148
244 9318.42130673
245 9319.2819389
246 9319.93266078
247 9320.37347238
248 9321.06617632
249 9321.75888025
250 9322.30464699
251 9322.70347653
252 9323.29122533
253 9323.83699207
254 9324.44573189
255 9325.28537303
256 9326.37690651
257 9327.2585297
258 9329.06375815
259 9330.49114808
260 9331.64565465
261 9332.67421504
262 9333.28295487
263 9333.9756588
264 9334.33250629
265 9334.87827303
266 9335.46602182
267 9335.86485136
268 9336.24268987
269 9336.72548353
270 9337.20827718
271 9337.52314261
272 9337.81701701
273 9338.19485552
274 9338.74062226
275 9339.24440694
276 9339.62224545
277 9340.02107499
278 9340.60882379
279 9341.1335995
280 9341.86828549
281 9342.58198046
282 9343.2746844
283 9343.8624332
284 9344.49216405
285 9344.9749577
286 9345.62567958
287 9346.04550015
288 9346.69622203
289 9347.95568374
290 9349.19415442
291 9352.09091634
292 9353.95911787
293 9355.65939118
294 9357.1497542
295 9358.09435047
296 9358.89200956
297 9359.45876732
298 9360.06750715
299 9360.78120211
300 9361.38994194
301 9361.95669971
302 9362.71237673
303 9363.09021524
304 9363.7199461
305 9364.24472181
306 9364.72751546
307 9365.31526426
308 9365.98697717
309 9366.61670802
310 9367.18346579
311 9367.68725047
312 9368.08608001
313 9368.35896338
314 9368.77878395
315 9369.24058657
316 9369.72338023
317 9370.24815594
318 9370.91986885
319 9371.5495997
320 9371.94842924
321 9372.53617804
322 9373.16590889
323 9373.77464872
324 9374.29942443
325 9374.76122705
326 9375.13906556
327 9375.49591305
328 9375.8317695
329 9376.08366184
330 9376.29357213
331 9376.60843755
332 9376.90231195
333 9377.11222224
334 9377.40609663
335 9377.63699795
336 9377.9728544
337 9378.18276469
338 9378.37168394
339 9378.47663908
340 9378.58159423
341 9378.72853143
342 9378.93844171
343 9379.14835199
344 9379.31628022
345 9379.42123536
346 9379.52619051
347 9379.67312771
348 9379.86204696
349 9380.05096622
350 9380.51276884
351 9380.68069707
352 9381.28943689
353 9381.79322158
354 9382.2550242
355 9382.77979991
356 9383.07367431
357 9383.26259357
358 9383.43052179
359 9383.57745899
360 9383.72439619
361 9383.91331545
362 9384.03926162
363 9384.14421676
364 9384.20718985
365 9384.29115396
366 9384.37511807
367 9384.48007322
368 9384.60601939
369 9385.25674127
370 9386.18034652
371 9387.4188172
372 9389.53891107
373 9390.56747146
374 9391.63801391
375 9392.22576271
376 9392.66657431
377 9392.89747562
378 9393.00243076
379 9393.19135002
380 9393.44324236
381 9393.6951347
382 9393.86306293
383 9394.07297321
384 9394.26189247
385 9394.32486555
386 9394.47180275
387 9394.59774892
388 9394.61873995
389 9394.76567715
390 9394.87063229
391 9394.97558743
392 9395.14351566
393 9395.2484708
394 9395.31144389
395 9395.41639903
396 9395.50036314
397 9395.60531829
398 9395.79423754
399 9395.85721063
400 9395.9831568
401 9396.08811194
402 9396.21405811
403 9396.31901325
404 9396.4239684
405 9396.52892354
406 9396.61288765
407 9396.75982485
408 9396.94874411
409 9397.07469028
410 9397.15865439
411 9397.28460056
412 9397.34757365
413 9397.51550187
414 9397.59946599
415 9397.9773045
416 9398.37613404
417 9399.38370341
418 9400.49622791
419 9401.52478831
420 9402.38542047
421 9402.88920515
422 9403.45596292
423 9403.77082835
424 9404.14866686
425 9404.37956817
426 9404.56848743
427 9404.67344257
428 9404.82037977
429 9405.09326314
430 9405.19821828
431 9405.32416445
432 9405.45011062
433 9405.57605679
434 9405.74398502
435 9405.84894016
436 9405.95389531
437 9406.12182353
438 9406.3947069
439 9406.5416441
440 9406.79353644
441 9406.9824557
442 9407.17137495
443 9408.05299815
444 9409.417415
445 9411.09669727
446 9413.93048611
447 9417.07914038
448 9419.99689333
449 9421.92806794
450 9423.01960142
451 9423.88023359
452 9424.5519465
453 9425.11870427
454 9425.62248895
455 9426.00032746
456 9426.399157
457 9426.79798654
458 9427.133843
459 9427.32276225
460 9427.59564562
461 9427.93150208
462 9428.26735853
463 9428.45627779
464 9428.70817013
465 9428.8341163
466 9429.00204453
467 9429.10699967
468 9429.25393687
469 9429.48483818
470 9429.75772155
471 9430.00961389
472 9430.13556006
473 9430.32447932
474 9430.51339857
475 9430.6813268
476 9430.95421017
477 9431.14312943
478 9431.31105765
479 9431.45799485
480 9431.56295
481 9431.73087822
482 9431.85682439
483 9432.02475262
484 9432.12970776
485 9432.29763599
486 9432.3816001
487 9432.48655525
488 9432.57051936
489 9432.69646553
490 9432.80142067
491 9433.01133096
492 9433.1162861
493 9433.28421433
494 9433.43115153
495 9433.62007078
496 9433.80899004
497 9433.87196312
498 9434.03989135
499 9434.12385546
500 9434.33376575
501 9434.41772986
502 9434.58565809
503 9434.6696222
504 9434.71160426
505 9434.77457735
506 9434.87953249
507 9434.98448763
508 9435.06845174
509 9435.23637997
510 9435.32034408
511 9435.53025437
512 9435.80313774
513 9436.24394934
514 9436.72674299
515 9437.20953664
516 9437.96521367
517 9438.34305218
518 9438.65791761
519 9438.97278303
520 9439.16170229
521 9439.2456664
522 9439.41359463
523 9439.51854977
524 9439.66548697
525 9439.77044211
526 9439.91737931
527 9440.10629857
528 9440.16927165
529 9440.29521782
530 9440.42116399
531 9440.65206531
532 9440.81999353
533 9440.98792176
534 9441.07188588
535 9441.15584999
536 9441.21882308
537 9441.30278719
538 9441.40774233
539 9441.5336885
540 9441.61765262
541 9441.70161673
542 9441.86954496
543 9441.86954496
544 9442.01648216
545 9442.18441038
546 9442.35233861
547 9442.56224889
548 9442.73017712
549 9442.89810535
550 9442.94008741
551 9443.10801563
552 9443.19197975
553 9443.33891695
554 9443.380899
555 9443.42288106
556 9443.56981826
557 9443.69576443
558 9443.77972854
559 9443.84270163
560 9443.9686478
561 9444.01062986
562 9444.17855808
563 9444.24153117
564 9444.36747734
565 9444.43045043
566 9444.51441454
567 9444.66135174
568 9444.78729791
569 9444.85027099
570 9444.93423511
571 9445.01819922
572 9445.06018128
573 9445.18612745
574 9445.31207362
575 9445.48000185
576 9445.64793007
577 9445.79486727
578 9445.9627955
579 9446.08874167
580 9446.17270579
581 9446.31964298
582 9446.50856224
583 9446.52955327
584 9446.61351738
585 9446.76045458
586 9446.88640075
587 9446.92838281
588 9447.03333795
589 9447.13829309
590 9447.18027515
591 9447.24324824
592 9447.28523029
593 9447.53712263
594 9447.62108675
595 9447.70505086
596 9447.78901498
597 9447.87297909
598 9447.91496115
599 9448.01991629
600 9448.18784452
601 9448.27180863
602 9448.37676377
603 9448.544692
604 9448.67063817
605 9449.19541388
606 9449.8041537
607 9450.45487559
608 9451.10559747
609 9451.98722066
610 9452.91082591
611 9453.43560162
612 9453.91839528
613 9454.17028762
614 9454.42217996
615 9454.75803642
616 9454.88398259
617 9455.19884801
618 9455.42974933
619 9455.76560578
620 9456.05948018
621 9456.18542635
622 9456.31137252
623 9456.43731869
624 9456.62623795
625 9456.68921103
626 9456.85713926
627 9457.02506749
628 9457.1090316
629 9457.19299571
630 9457.2559688
631 9457.44488805
632 9457.52885217
633 9457.71777142
634 9457.86470862
635 9458.03263685
636 9458.17957405
637 9458.26353816
638 9458.38948433
639 9458.47344845
640 9458.59939462
641 9458.6623677
642 9458.74633182
643 9458.89326902
644 9458.99822416
645 9459.16615239
646 9459.29209856
647 9459.43903576
648 9459.58597296
649 9459.77489221
650 9459.9848025
651 9460.25768587
652 9460.48858718
653 9460.74047952
654 9460.97138083
655 9461.16030009
656 9461.34921934
657 9461.70606683
658 9461.85300403
659 9461.89498608
660 9461.99994123
661 9462.25183357
662 9462.46174385
663 9462.58769002
664 9462.71363619
665 9463.40634013
666 9464.51886464
667 9466.09319177
668 9468.31824078
669 9470.94211934
670 9473.10419527
671 9475.05636091
672 9476.5257329
673 9477.47032918
674 9478.3729434
675 9478.89771911
676 9479.31753968
677 9479.75835128
678 9480.19916288
679 9480.61898345
680 9480.8079027
681 9481.08078607
682 9481.3956515
683 9481.64754384
684 9482.00439132
685 9482.29826572
686 9482.52916703
687 9482.88601452
688 9483.15889789
689 9483.28484406
690 9483.49475434
691 9483.74664668
692 9483.87259285
693 9484.01953005
694 9484.25043137
695 9484.48133268
696 9484.64926091
697 9484.85917119
698 9484.96412633
699 9485.00610839
700 9485.19502765
701 9485.27899176
702 9485.36295587
703 9485.44691999
704 9485.5308841
705 9485.63583924
706 9485.6778213
707 9485.78277644
708 9485.84574953
709 9485.9716957
710 9486.03466878
711 9486.1186329
712 9486.16061495
713 9486.2655701
714 9486.37052524
715 9486.47548038
716 9486.55944449
717 9486.74836375
718 9486.81133683
719 9486.89530095
720 9486.97926506
721 9487.04223815
722 9487.12620226
723 9487.18917535
724 9487.29413049
725 9487.39908563
726 9487.58800489
727 9487.671969
728 9487.73494209
729 9487.8189062
730 9487.94485237
731 9488.07079854
732 9488.15476265
733 9488.2597178
734 9488.32269088
735 9488.34368191
736 9488.38566397
737 9488.42764602
738 9488.49061911
739 9488.59557425
740 9488.67953837
741 9488.76350248
742 9488.86845762
743 9488.95242173
744 9488.99440379
745 9489.05737688
746 9489.09935893
747 9489.20431408
748 9489.28827819
749 9489.43521539
750 9489.56116156
751 9489.64512567
752 9489.77107184
753 9489.87602699
754 9489.93900007
755 9490.00197316
756 9490.02296419
757 9490.14891036
758 9490.23287447
759 9490.27485653
760 9490.33782961
761 9490.50575784
762 9490.58972195
763 9490.65269504
764 9490.73665915
765 9490.84161429
766 9490.96756046
767 9491.09350664
768 9491.17747075
769 9491.19846178
770 9491.28242589
771 9491.38738103
772 9491.49233618
773 9491.57630029
774 9491.63927337
775 9491.74422852
776 9491.8072016
777 9491.91215674
778 9491.9541388
779 9492.01711189
780 9492.08008497
781 9492.26900423
782 9492.35296834
783 9492.3949504
784 9492.52089657
785 9492.56287863
786 9492.60486068
787 9492.70981582
788 9492.77278891
789 9492.85675302
790 9492.98269919
791 9493.10864537
792 9493.19260948
793 9493.27657359
794 9493.44450182
795 9493.50747491
796 9493.61243005
797 9493.75936725
798 9493.88531342
799 9494.05324164
800 9494.13720576
801 9494.17918782
802 9494.28414296
803 9494.30513399
804 9494.36810707
805 9494.47306221
806 9494.61999941
807 9494.70396353
808 9494.8299097
809 9494.91387381
810 9494.99783792
811 9495.12378409
812 9495.18675718
813 9495.24973027
814 9495.33369438
815 9495.41765849
816 9495.45964055
817 9495.52261363
818 9495.64855981
819 9495.795497
820 9495.90045215
821 9496.04738935
822 9496.11036243
823 9496.19432654
824 9496.2363086
825 9496.29928169
826 9496.3832458
827 9496.57216506
828 9496.61414711
829 9496.8240574
830 9499.65784624
831 9508.74696155
832 9523.83951099
833 9537.56764359
834 9560.51083767
835 9594.4953127
836 9630.47393544
837 9674.97491572
838 9713.01065924
839 9755.93731239
840 9783.7714161
841 9812.15128654
842 9828.69221695
843 9843.38593685
844 9853.83946901
845 9863.20146769
846 9870.23346222
847 9875.64914755
848 9881.86249197
849 9886.56448234
850 9890.48980466
851 9893.74341406
852 9898.13053901
853 9901.23721122
854 9905.16253353
855 9908.29019677
856 9910.78812915
857 9913.13912434
858 9914.79741558
859 9916.7285902
860 9918.40787248
861 9919.94021755
862 9921.1576972
863 9922.18625759
864 9923.0049077
865 9923.94950398
866 9924.74716306
867 9925.31392083
868 9925.96464271
869 9926.36347225
870 9926.82527488
871 9927.2870775
872 9927.93779938
873 9928.3156379
874 9929.17627006
875 9929.80600092
876 9930.39374971
877 9931.00248954
878 9931.54825628
879 9932.34591536
880 9932.91267312
881 9933.58438603
882 9934.13015277
883 9934.80186568
884 9935.13772214
885 9935.57853373
886 9935.91439019
887 9936.20826459
888 9936.75403133
889 9937.13186984
890 9937.74060966
891 9938.03448406
892 9938.47529566
893 9938.76917006
894 9939.23097268
895 9939.62980222
896 9940.04962279
897 9940.4274613
898 9940.78430879
899 9941.22512038
900 9941.51899478
901 9941.79187815
902 9942.02277946
903 9942.37962695
904 9942.65251032
905 9942.84142957
906 9943.13530397
907 9943.28224117
908 9943.38719631
909 9943.49215145
910 9943.72305277
911 9943.82800791
912 9944.03791819
913 9944.22683745
914 9944.33179259
915 9944.37377465
916 9944.58368493
917 9944.60467596
918 9944.7096311
919 9944.77260419
920 9944.81458625
921 9944.89855036
922 9945.02449653
923 9945.23440681
924 9945.33936196
925 9945.4443171
926 9945.63323635
927 9945.71720047
928 9945.78017355
929 9945.82215561
930 9945.90611972
931 9946.01107487
932 9946.07404795
933 9946.15801207
934 9946.19999412
935 9946.26296721
936 9946.30494926
937 9946.38891338
938 9946.47287749
939 9946.53585058
940 9946.66179675
941 9946.76675189
942 9946.80873395
943 9946.89269806
944 9946.95567115
945 9947.01864423
946 9947.1445904
947 9947.24954554
948 9947.39648274
949 9947.52242891
950 9947.66936611
951 9947.75333023
952 9947.77432126
953 9947.81630331
954 9947.98423154
955 9948.0262136
956 9948.06819565
957 9948.11017771
958 9948.25711491
959 9948.32008799
960 9948.38306108
961 9948.40405211
962 9948.57198034
963 9948.73990856
964 9948.86585473
965 9948.94981885
966 9949.03378296
967 9949.15972913
968 9949.26468427
969 9949.32765736
970 9949.39063044
971 9949.47459456
972 9949.64252279
973 9949.83144204
974 9949.8734241
975 9949.93639718
976 9949.99937027
977 9950.06234335
978 9950.25126261
979 9950.37720878
980 9950.50315495
981 9950.67108318
982 9950.81802038
983 9950.86000244
984 9950.88099346
985 9950.96495758
986 9951.02793066
987 9951.17486786
988 9951.279823
989 9951.34279609
990 9951.44775123
991 9951.53171534
992 9951.65766152
993 9951.7206346
994 9951.78360769
995 9951.88856283
996 9951.97252694
997 9952.014509
998 9952.05649106
999 9952.11946414
1000 9952.14045517
1001 9952.26640134
1002 9952.28739237
1003 9952.37135648
1004 9952.53928471
1005 9952.58126677
1006 9952.68622191
1007 9952.79117705
1008 9952.85415014
1009 9952.98009631
1010 9953.04306939
1011 9953.10604248
1012 9953.14802453
1013 9953.21099762
1014 9953.31595276
1015 9953.33694379
1016 9953.37892585
1017 9953.50487202
1018 9953.52586305
1019 9953.54685407
1020 9953.67280025
1021 9953.69379127
1022 9953.77775539
1023 9953.81973744
1024 9953.90370156
1025 9953.96667464
1026 9953.98766567
1027 9954.13460287
1028 9954.19757596
1029 9954.26054904
1030 9954.36550418
1031 9954.4494683
1032 9954.53343241
1033 9954.63838755
1034 9954.65937858
1035 9954.70136064
1036 9954.78532475
1037 9954.82730681
1038 9954.91127092
1039 9954.95325298
1040 9955.01622607
1041 9955.05820812
1042 9955.10019018
1043 9955.18415429
1044 9955.20514532
1045 9955.33109149
1046 9955.33109149
1047 9955.35208252
1048 9955.39406458
1049 9955.49901972
1050 9955.54100178
1051 9955.60397486
1052 9955.70893
1053 9955.70893
1054 9955.77190309
1055 9955.96082234
1056 9956.12875057
1057 9956.1497416
1058 9956.23370571
1059 9956.31766983
1060 9956.40163394
1061 9956.48559806
1062 9956.54857114
1063 9956.61154423
1064 9956.65352628
1065 9956.71649937
1066 9956.77947245
1067 9956.8844276
1068 9956.92640965
1069 9956.96839171
1070 9957.03136479
1071 9957.07334685
1072 9957.13631994
1073 9957.15731097
1074 9957.22028405
1075 9957.32523919
1076 9957.40920331
1077 9957.47217639
1078 9957.57713153
1079 9957.61911359
1080 9957.7030777
1081 9957.7030777
1082 9957.78704182
1083 9957.82902388
1084 9957.91298799
1085 9957.97596107
1086 9958.10190724
1087 9958.12289827
1088 9958.1438893
1089 9958.18587136
1090 9958.26983547
1091 9958.33280856
1092 9958.41677267
1093 9958.50073679
1094 9958.56370987
1095 9958.64767398
1096 9958.77362015
1097 9958.92055735
1098 9959.00452147
1099 9959.10947661
1100 9959.36136895
1101 9959.46632409
1102 9959.59227026
1103 9959.73920746
1104 9959.80218055
1105 9959.8441626
1106 9959.97010878
1107 9960.09605495
1108 9960.24299215
1109 9960.34794729
1110 9960.47389346
1111 9960.64182169
1112 9960.74677683
1113 9960.89371403
1114 9960.97767814
1115 9961.10362431
1116 9961.20857945
1117 9961.29254357
1118 9961.43948077
1119 9961.54443591
1120 9961.62840002
1121 9961.67038208
1122 9961.83831031
1123 9961.98524751
1124 9962.1321847
1125 9962.2791219
1126 9962.34209499
1127 9962.44705013
1128 9962.53101424
1129 9962.69894247
1130 9962.82488864
1131 9962.99281687
1132 9963.18173613
1133 9963.32867333
1134 9963.4546195
1135 9963.53858361
1136 9963.79047595
1137 9963.89543109
1138 9964.06335932
1139 9964.21029652
1140 9964.39921578
1141 9964.54615297
1142 9964.7140812
1143 9964.81903634
1144 9965.09191971
1145 9965.23885691
1146 9965.4487672
1147 9965.5957044
1148 9965.76363262
1149 9966.05750702
1150 9966.20444422
1151 9966.37237245
1152 9966.49831862
1153 9966.79219302
1154 9967.04408536
1155 9967.23300461
1156 9967.50588798
1157 9967.7367893
1158 9967.90471752
1159 9967.96769061
1160 9968.15660986
1161 9968.34552912
1162 9968.7023766
1163 9968.8493138
1164 9968.91228689
1165 9969.01724203
1166 9969.2901254
1167 9969.4370626
1168 9969.70994597
1169 9969.96183831
1170 9970.15075757
1171 9970.42364094
1172 9970.61256019
1173 9970.73850636
1174 9970.9903987
1175 9971.17931796
1176 9971.41021927
1177 9971.66211161
1178 9971.8720219
1179 9972.20787835
1180 9972.43877967
1181 9972.71166304
1182 9972.96355538
1183 9973.08950155
1184 9973.29941183
1185 9973.5722952
1186 9973.65625931
1187 9973.84517857
1188 9973.97112474
1189 9974.18103503
1190 9974.3069812
1191 9974.4539184
1192 9974.53788251
1193 9974.64283765
1194 9974.76878382
1195 9974.89472999
1196 9975.02067616
1197 9975.25157748
1198 9975.39851467
1199 9975.60842496
1200 9975.77635319
1201 9975.94428141
1202 9976.09121861
1203 9976.32211993
1204 9976.49004815
1205 9976.5950033
1206 9976.63698535
1207 9976.76293152
1208 9976.97284181
1209 9977.16176106
1210 9977.32968929
1211 9977.43464443
1212 9977.68653677
1213 9977.83347397
1214 9977.93842912
1215 9978.10635734
1216 9978.25329454
1217 9978.589151
1218 9978.75707922
1219 9978.94599848
1220 9979.09293568
1221 9979.21888185
1222 9979.44978316
1223 9979.61771139
1224 9979.80663065
1225 9980.1424871
1226 9980.39437944
1227 9980.56230767
1228 9980.79320898
1229 9980.94014618
1230 9981.06609235
1231 9981.35996675
1232 9981.63285012
1233 9981.88474246
1234 9982.1366348
1235 9982.45150023
1236 9982.68240154
1237 9982.80834771
1238 9983.018258
1239 9983.14420417
1240 9983.27015034
1241 9983.54303371
1242 9983.75294399
1243 9983.96285428
1244 9984.21474662
1245 9984.38267484
1246 9984.52961204
1247 9984.61357616
1248 9984.82348644
1249 9984.99141467
1250 9985.20132495
1251 9985.36925318
1252 9985.53718141
1253 9985.81006478
1254 9985.95700198
1255 9986.1249302
1256 9986.2718674
1257 9986.58673283
1258 9986.69168797
1259 9986.90159826
1260 9987.13249957
1261 9987.21646368
1262 9987.36340088
1263 9987.57331117
1264 9987.82520351
1265 9987.93015865
1266 9988.07709585
1267 9988.28700613
1268 9988.45493436
1269 9988.62286259
1270 9988.79079082
1271 9988.89574596
1272 9989.04268316
1273 9989.18962036
1274 9989.39953064
1275 9989.63043195
1276 9989.84034224
1277 9990.02926149
1278 9990.15520766
1279 9990.34412692
1280 9990.49106412
1281 9990.65899235
1282 9990.91088469
1283 9991.01583983
1284 9991.22575011
1285 9991.35169629
1286 9991.45665143
1287 9991.62457965
1288 9991.68755274
1289 9991.81349891
1290 9991.91845405
1291 9992.10737331
1292 9992.17034639
1293 9992.27530154
1294 9992.29629256
1295 9992.46422079
1296 9992.61115799
1297 9992.75809519
1298 9992.82106828
1299 9993.00998753
1300 9993.15692473
1301 9993.24088884
1302 9993.36683501
1303 9993.49278119
1304 9993.66070941
1305 9993.78665558
1306 9993.84962867
1307 9993.89161073
1308 9994.03854792
1309 9994.1644941
1310 9994.29044027
1311 9994.41638644
1312 9994.60530569
1313 9994.64728775
1314 9994.81521598
1315 9994.85719803
1316 9995.04611729
1317 9995.1300814
1318 9995.17206346
1319 9995.25602757
1320 9995.44494683
1321 9995.61287506
1322 9995.67584814
1323 9995.7178302
1324 9995.80179431
1325 9995.90674946
1326 9996.0117046
1327 9996.07467768
1328 9996.20062385
1329 9996.32657002
1330 9996.41053414
1331 9996.47350722
1332 9996.59945339
1333 9996.64143545
1334 9996.74639059
1335 9996.83035471
1336 9996.89332779
1337 9996.97729191
1338 9997.04026499
1339 9997.10323808
1340 9997.16621116
1341 9997.22918425
1342 9997.31314836
1343 9997.33413939
1344 9997.37612145
1345 9997.4181035
1346 9997.52305864
1347 9997.52305864
1348 9997.52305864
1349 9997.54404967
1350 9997.54404967
1351 9997.58603173
1352 9997.60702276
1353 9997.66999584
1354 9997.69098687
1355 9997.73296893
1356 9997.77495099
1357 9997.8589151
1358 9997.96387024
1359 9998.02684333
1360 9998.06882538
1361 9998.11080744
1362 9998.11080744
1363 9998.11080744
1364 9998.11080744
1365 9998.1527895
1366 9998.19477155
1367 9998.19477155
1368 9998.21576258
1369 9998.25774464
1370 9998.27873567
1371 9998.2997267
1372 9998.32071773
1373 9998.36269978
1374 9998.36269978
1375 9998.38369081
1376 9998.38369081
1377 9998.50963698
1378 9998.59360109
1379 9998.61459212
1380 9998.61459212
1381 9998.65657418
1382 9998.65657418
1383 9998.69855624
1384 9998.69855624
1385 9998.69855624
1386 9998.74053829
1387 9998.76152932
1388 9998.78252035
1389 9998.80351138
1390 9998.84549344
1391 9998.84549344
1392 9998.88747549
1393 9998.88747549
1394 9998.90846652
1395 9998.97143961
1396 9998.99243064
1397 9999.05540372
1398 9999.09738578
1399 9999.09738578
1400 9999.09738578
1401 9999.09738578
1402 9999.11837681
1403 9999.11837681
1404 9999.11837681
1405 9999.11837681
1406 9999.11837681
1407 9999.11837681
1408 9999.13936783
1409 9999.13936783
1410 9999.13936783
1411 9999.13936783
1412 9999.13936783
1413 9999.18134989
1414 9999.18134989
1415 9999.22333195
1416 9999.24432298
1417 9999.24432298
1418 9999.24432298
1419 9999.24432298
1420 9999.24432298
1421 9999.24432298
1422 9999.265314
1423 9999.265314
1424 9999.28630503
1425 9999.28630503
1426 9999.30729606
1427 9999.32828709
1428 9999.32828709
1429 9999.34927812
1430 9999.34927812
1431 9999.34927812
1432 9999.34927812
1433 9999.34927812
1434 9999.34927812
1435 9999.39126018
1436 9999.4122512
1437 9999.43324223
1438 9999.43324223
1439 9999.47522429
1440 9999.47522429
1441 9999.49621532
1442 9999.49621532
1443 9999.49621532
1444 9999.51720635
1445 9999.51720635
1446 9999.58017943
1447 9999.58017943
1448 9999.60117046
1449 9999.62216149
1450 9999.62216149
1451 9999.68513457
1452 9999.68513457
1453 9999.68513457
1454 9999.68513457
1455 9999.68513457
1456 9999.68513457
1457 9999.68513457
1458 9999.68513457
1459 9999.68513457
1460 9999.68513457
1461 9999.7061256
1462 9999.7061256
1463 9999.7061256
1464 9999.7061256
1465 9999.7061256
1466 9999.72711663
1467 9999.72711663
1468 9999.72711663
1469 9999.72711663
1470 9999.74810766
1471 9999.74810766
1472 9999.74810766
1473 9999.74810766
1474 9999.74810766
1475 9999.76909869
1476 9999.79008972
1477 9999.79008972
1478 9999.79008972
1479 9999.79008972
1480 9999.79008972
1481 9999.79008972
1482 9999.81108074
1483 9999.81108074
1484 9999.83207177
1485 9999.83207177
1486 9999.8530628
1487 9999.8530628
1488 9999.8530628
1489 9999.8530628
1490 9999.8530628
1491 9999.8530628
1492 9999.8530628
1493 9999.8530628
1494 9999.8530628
1495 9999.8530628
1498 9999.87405383
1499 9999.87405383
1500 9999.87405383
1501 10000.0
