0 0.0
1 0.0
2 0.0
3 0.0
4 0.0
5 0.0
6 0.0
7 0.0
8 0.0
61 0.0731322544585
62 0.647742825203
63 2.20441509868
64 6.57145543634
65 19.3278101069
66 46.6688258094
67 94.4450829006
68 152.031509554
69 220.138533385
70 318.605890281
71 397.588725096
72 449.136517024
73 489.818945433
74 520.680756814
75 541.983137792
76 558.417000115
77 570.870378303
78 581.056656602
79 590.11460869
80 598.451685698
81 605.6290941
82 612.35726151
83 619.179456105
84 625.865833655
85 632.061180355
86 638.01623536
87 643.856368252
88 651.117356373
89 657.64702195
90 663.560287096
91 668.47059561
92 672.524212
93 676.003217819
94 679.23148448
95 681.9060355
96 684.194030319
97 686.492472602
98 688.477490937
99 690.702800965
100 692.625134511
101 694.286281434
102 695.748926523
103 697.46231077
104 699.311512062
105 700.94131659
106 702.571121117
107 704.086003531
108 705.987442147
109 707.523219491
110 708.641098238
111 709.62315994
112 710.552984318
113 711.493256161
114 712.861874066
115 714.031990138
116 714.940919586
117 715.964771148
118 717.218466939
119 718.837824002
120 720.227336837
121 721.501927557
122 723.016809971
123 724.907801122
124 726.57939551
125 728.198752573
126 729.880794425
127 731.050910497
128 731.844917831
129 732.419528401
130 732.806084604
131 733.276220525
132 733.756803912
133 734.341861947
134 734.937367448
135 735.511978019
136 736.117930984
137 736.70298902
138 737.29849452
139 737.820867766
140 738.750692145
141 739.889465821
142 741.028239498
143 742.522226982
144 743.922187281
145 745.196778002
146 746.638528161
147 748.372807338
148 749.971269471
149 751.935392877
150 754.286072485
151 756.281538285
152 757.577023935
153 758.517295778
154 759.144143674
155 759.812781429
156 760.439629324
157 760.951555105
158 761.442585957
159 761.829142159
160 762.288830615
161 762.706729212
162 763.030600625
163 763.354472037
164 763.67834345
165 764.179821766
166 764.493245714
167 764.932039241
168 765.391727697
169 765.746941505
170 766.029023058
171 766.321552075
172 766.624528558
173 767.000637295
174 767.449878287
175 767.805092094
176 768.118516042
177 768.327465341
178 768.672231683
179 768.849838587
180 769.04834042
181 769.403554228
182 769.622950991
183 769.915480009
184 770.260246351
185 770.49009058
186 770.667697483
187 770.855751852
188 771.096043545
189 771.325887773
190 771.576626931
191 771.890050879
192 772.099000178
193 772.40197666
194 772.558688634
195 772.861665117
196 773.300458644
197 773.749699635
198 774.125808373
199 774.648181619
200 775.066080216
201 775.483978813
202 776.006352059
203 776.49738291
204 777.13467827
205 777.667498981
206 778.210767157
207 778.691350544
208 779.046564351
209 779.433120553
210 779.819676755
211 780.268917747
212 780.718158739
213 781.355454099
214 781.804695091
215 782.410648056
216 782.828546653
217 783.392709759
218 783.98821526
219 784.521035971
220 785.210568656
221 786.015023455
222 786.997085157
223 787.906014606
224 788.888076308
225 789.776110827
226 790.841752249
227 791.405915355
228 791.949183531
229 792.387977057
230 792.920797768
231 793.43272355
232 793.756594962
233 794.164046094
234 794.561049761
235 794.947605963
236 795.334162166
237 795.668481043
238 796.04458978
239 796.295328938
240 796.598305421
241 796.890834439
242 797.152021062
243 797.340075431
244 797.601262054
245 797.872896142
246 798.040055581
247 798.207215019
248 798.395269388
249 798.614666151
250 798.76093066
251 798.980327424
252 799.147486862
253 799.366883626
254 799.628070249
255 799.795229688
256 800.056416311
257 800.463867443
258 801.017583083
259 801.874275207
260 802.929469164
261 804.726433131
262 806.753241326
263 809.783006154
264 812.781428586
265 818.036503442
266 823.594554781
267 831.064492201
268 838.753826384
269 845.826760137
270 854.341444049
271 862.051673162
272 871.934974978
273 881.086954251
274 893.665702017
275 904.781804695
276 917.600844155
277 930.200486852
278 943.980693085
279 962.013017541
280 978.311062821
281 997.074709822
282 1011.43997409
283 1024.86496652
284 1034.19455269
285 1043.28384717
286 1049.98067219
287 1056.4998903
288 1061.44154121
289 1065.64142211
290 1069.88309287
291 1073.76954982
292 1077.93808832
293 1081.00964301
294 1084.6767032
295 1087.91541732
296 1091.23771117
297 1094.13165895
298 1096.77486758
299 1098.96883521
300 1101.00609087
301 1103.11647879
302 1104.65225613
303 1106.32385052
304 1107.82828547
305 1109.20735084
306 1110.49238902
307 1111.66250509
308 1112.6132244
309 1113.35499441
310 1114.13855428
311 1114.78629711
312 1115.52806711
313 1116.17580994
314 1116.77131544
315 1117.29368869
316 1117.81606193
317 1118.4220149
318 1119.04886279
319 1119.69660562
320 1120.23987379
321 1120.85627423
322 1121.34730508
323 1121.88012579
324 1122.36070917
325 1122.74726538
326 1123.25919116
327 1123.7815644
328 1124.199463
329 1124.55467681
330 1125.02481273
331 1125.390474
332 1125.79792513
333 1126.17403387
334 1126.56059007
335 1126.91580388
336 1127.25012276
337 1127.58444164
338 1128.00234023
339 1128.28442179
340 1128.58739827
341 1128.9948494
342 1129.37095814
343 1129.73661941
344 1130.02914843
345 1130.49928435
346 1130.8127083
347 1131.05299999
348 1131.32463408
349 1131.66940042
350 1131.95148197
351 1132.29624832
352 1132.54698747
353 1132.78727917
354 1133.04846579
355 1133.28875748
356 1133.5812865
357 1133.76934087
358 1134.08276482
359 1134.31260905
360 1134.67827032
361 1134.93945694
362 1135.16930117
363 1135.44093526
364 1135.69167442
365 1135.9633085
366 1136.1722578
367 1136.43344442
368 1136.56926147
369 1136.78865823
370 1137.008055
371 1137.21700429
372 1137.44684852
373 1137.66624529
374 1137.88564205
375 1138.10503881
376 1138.29309318
377 1138.46025262
378 1138.64830699
379 1138.83636136
380 1139.07665305
381 1139.23336502
382 1139.41097193
383 1139.63036869
384 1139.83931799
385 1140.02737236
386 1140.21542673
387 1140.51840321
388 1140.76914237
389 1141.00943406
390 1141.18704096
391 1141.44822759
392 1141.69896675
393 1141.90791604
394 1142.07507548
395 1142.33626211
396 1142.50342154
397 1142.71237084
398 1142.97355747
399 1143.1720593
400 1143.49593071
401 1143.66309015
402 1143.89293438
403 1144.12277861
404 1144.28993805
405 1144.48843988
406 1144.62425692
407 1144.83320622
408 1145.01081313
409 1145.20931496
410 1145.41826426
411 1145.56452877
412 1145.75258314
413 1145.93019004
414 1146.17048173
415 1146.28540385
416 1146.50480061
417 1146.65106512
418 1146.87046188
419 1147.02717386
420 1147.14209597
421 1147.29880794
422 1147.46596738
423 1147.62267936
424 1147.81073373
425 1147.99878809
426 1148.10326274
427 1148.34355444
428 1148.47937148
429 1148.60474106
430 1148.76145303
431 1148.9495074
432 1149.09577191
433 1149.27337881
434 1149.48232811
435 1149.65993502
436 1150.03604375
437 1150.21365066
438 1150.43304742
439 1150.63154925
440 1150.79870869
441 1150.95542067
442 1151.09123771
443 1151.25839715
444 1151.37331926
445 1151.64495335
446 1151.82256026
447 1152.09419434
448 1152.27180125
449 1152.53298787
450 1152.82551689
451 1152.98222886
452 1153.19117816
453 1153.37923253
454 1153.57773436
455 1153.79713113
456 1154.05831775
457 1154.23592465
458 1154.47621635
459 1154.61203339
460 1154.77919283
461 1154.92545734
462 1155.12395917
463 1155.33290847
464 1155.61499002
465 1155.82393932
466 1155.9493089
467 1156.13736327
468 1156.39854989
469 1156.5761568
470 1156.76421116
471 1156.92092314
472 1157.1716623
473 1157.39105906
474 1157.58956089
475 1157.7358254
476 1157.87164245
477 1158.02835442
478 1158.27909358
479 1158.55072767
480 1158.77012443
481 1158.91638894
482 1159.06265345
483 1159.17757556
484 1159.39697232
485 1159.66860641
486 1159.90889811
487 1160.12829487
488 1160.34769163
489 1160.52529854
490 1160.72380037
491 1160.88051234
492 1161.05811925
493 1161.26706855
494 1161.5178077
495 1161.69541461
496 1161.9357063
497 1162.22823532
498 1162.5312118
499 1162.75060856
500 1162.88642561
501 1163.06403251
502 1163.35656153
503 1163.56551083
504 1163.70132787
505 1163.91027717
506 1164.17146379
507 1164.38041309
508 1164.53712507
509 1164.72517944
510 1164.96547113
511 1165.19531536
512 1165.38336973
513 1165.68634621
514 1165.85350565
515 1166.02066509
516 1166.3131941
517 1166.46990608
518 1166.68930284
519 1166.92959453
520 1167.13854383
521 1167.34749313
522 1167.60867975
523 1167.77583919
524 1167.98478849
525 1168.15194793
526 1168.39223962
527 1168.58029399
528 1168.74745343
529 1168.97729766
530 1169.17579949
531 1169.38474879
532 1169.57280316
533 1169.75041006
534 1169.93846443
535 1170.16830866
536 1170.38770542
537 1170.55486486
538 1170.78470909
539 1170.99365839
540 1171.15037036
541 1171.48468924
542 1171.69363854
543 1171.93393023
544 1172.20556432
545 1172.38317122
546 1172.58167306
547 1172.83241222
548 1173.03091405
549 1173.22941588
550 1173.42791772
551 1173.59507715
552 1173.78313152
553 1174.01297575
554 1174.16968773
555 1174.36818956
556 1174.54579646
557 1174.69206097
558 1174.97414252
559 1175.14130196
560 1175.32935633
561 1175.53830563
562 1175.73680746
563 1175.98754662
564 1176.21739085
565 1176.42634015
566 1176.71886917
567 1176.917371
568 1177.05318804
569 1177.22034748
570 1177.38750692
571 1177.58600875
572 1177.83674791
573 1178.01435482
574 1178.23375158
575 1178.47404327
576 1178.63075525
577 1178.92328427
578 1179.15312849
579 1179.43521005
580 1179.58147456
581 1179.86355611
582 1180.1351902
583 1180.30234963
584 1180.55308879
585 1180.82472288
586 1181.00232978
587 1181.19038415
588 1181.36799106
589 1181.60828275
590 1181.8903643
591 1182.08886614
592 1182.29781544
593 1182.63213431
594 1182.85153108
595 1183.03958544
596 1183.22763981
597 1183.43658911
598 1183.62464348
599 1183.86493517
600 1184.07388447
601 1184.33507109
602 1184.55446786
603 1184.7216273
604 1184.86789181
605 1185.06639364
606 1185.35892266
607 1185.66189914
608 1185.81861111
609 1186.03800788
610 1186.27829957
611 1186.48724887
612 1186.67530324
613 1186.94693733
614 1187.11409676
615 1187.24991381
616 1187.43796818
617 1187.67825987
618 1187.93944649
619 1188.12750086
620 1188.3260027
621 1188.61853171
622 1188.85882341
623 1189.01553538
624 1189.25582707
625 1189.41253905
626 1189.67372567
627 1189.85133257
628 1189.99759708
629 1190.13341413
630 1190.33191596
631 1190.50952286
632 1190.72891963
633 1190.8856316
634 1191.14681822
635 1191.33487259
636 1191.54382189
637 1191.79456105
638 1192.01395781
639 1192.25424951
640 1192.50498866
641 1192.71393796
642 1193.04825684
643 1193.34078586
644 1193.5079453
645 1193.75868446
646 1194.00942361
647 1194.35418996
648 1194.65716644
649 1194.92880053
650 1195.13774983
651 1195.52430603
652 1195.82728251
653 1196.23473364
654 1196.63173731
655 1196.99739858
656 1197.4988769
657 1197.95856535
658 1198.36601649
659 1198.97196945
660 1199.60926481
661 1200.37192975
662 1201.20772695
663 1201.93904949
664 1203.16140289
665 1204.19570191
666 1205.24044841
667 1206.82846307
668 1207.97768421
669 1209.40898691
670 1210.94476425
671 1212.57456878
672 1214.55958712
673 1216.65952757
674 1219.09378689
675 1221.59073101
676 1224.05633273
677 1226.76222615
678 1230.26212689
679 1234.13813638
680 1238.79770574
681 1243.0393765
682 1247.19746753
683 1252.10777605
684 1257.31061358
685 1262.81642759
686 1268.25955682
687 1274.63251042
688 1281.49649488
689 1288.37092679
690 1295.92444393
691 1304.02122925
692 1312.46278091
693 1321.57297032
694 1330.68315973
695 1342.33208312
696 1353.53176552
697 1365.29561102
698 1377.33109061
699 1389.93073331
700 1403.19901376
701 1416.90608774
702 1431.32358933
703 1446.11719966
704 1462.42569241
705 1478.58792064
706 1494.6247793
707 1511.05864162
708 1528.71485734
709 1547.97998266
710 1565.7197781
711 1585.00579834
712 1605.10672085
713 1625.33301294
714 1647.27268928
715 1668.65864998
716 1691.92515436
717 1715.63045227
718 1739.07456356
719 1764.7648798
720 1790.3507214
721 1815.88432567
722 1841.37614008
723 1867.11869365
724 1892.73587764
725 1919.69033714
726 1947.17761735
727 1975.58427448
728 2001.9954658
729 2030.57972983
730 2060.09381824
731 2089.76461862
732 2118.11903842
733 2145.08394538
734 2173.82492138
735 2203.37035218
736 2233.43815623
737 2263.69401465
738 2292.72751967
739 2322.54458456
740 2353.34371115
741 2384.24731239
742 2414.3569063
743 2443.94412696
744 2473.80298171
745 2505.82446169
746 2536.7698528
747 2568.77043785
748 2600.25909713
749 2631.08956612
750 2663.86326358
751 2696.42801174
752 2728.8464954
753 2761.22318919
754 2791.39546789
755 2823.33336816
756 2856.12796055
757 2888.91210548
758 2921.98877942
759 2952.87148573
760 2986.18845137
761 3020.22629209
762 3053.66862731
763 3087.15275238
764 3117.85785179
765 3151.37331926
766 3185.66189914
767 3219.90868916
768 3253.63310593
769 3287.9216858
770 3321.98042145
771 3357.10479852
772 3392.69931151
773 3428.47143141
774 3463.80475778
775 3499.46195556
776 3536.72806294
777 3574.5060961
778 3612.33636658
779 3649.18457536
780 3685.22832935
781 3724.65706196
782 3764.47235078
783 3804.75777553
784 3845.23125464
785 3884.41969556
786 3926.16776539
787 3967.87404536
788 4011.63847592
789 4053.42833561
790 4093.80778754
791 4138.00056416
792 4182.53810713
793 4228.75769195
794 4274.59072056
795 4320.19390495
796 4366.55975428
797 4412.68531191
798 4460.52425379
799 4509.84673569
800 4557.40359602
801 4606.18280974
802 4656.70675011
803 4705.76804538
804 4757.67105112
805 4807.64127584
806 4856.89062549
807 4909.84882518
808 4963.78908658
809 5015.7547771
810 5067.44883354
811 5116.02954543
812 5167.19078116
813 5218.87439013
814 5270.45352445
815 5320.83120031
816 5369.00446107
817 5418.47320748
818 5469.43594137
819 5519.86585455
820 5567.43316234
821 5614.38406971
822 5662.02450975
823 5709.51868529
824 5756.33377561
825 5800.52655223
826 5842.45222897
827 5886.12263234
828 5929.03037078
829 5970.48591159
830 6010.83402112
831 6048.04789118
832 6085.52294786
833 6122.51742115
834 6159.33428754
835 6194.35418996
836 6227.57712841
837 6259.04489276
838 6290.88876584
839 6321.65655004
840 6352.00643564
841 6379.88027205
842 6405.66461548
843 6431.39672159
844 6456.57511205
845 6481.49231589
846 6504.1842097
847 6525.47614321
848 6546.93523616
849 6566.98392135
850 6586.25949413
851 6603.55004858
852 6620.08838555
853 6635.88495252
854 6651.67107201
855 6665.89007177
856 6679.00164025
857 6691.23562168
858 6703.19796901
859 6714.38720394
860 6725.73315085
861 6736.27464296
862 6745.83407336
863 6754.69352362
864 6763.04104809
865 6770.86619932
866 6778.92119477
867 6786.20307782
868 6793.17153693
869 6799.86836194
870 6805.75028469
871 6811.43370561
872 6816.57385835
873 6821.48416687
874 6827.01087581
875 6832.09879123
876 6836.82104537
877 6841.2821129
878 6845.55512605
879 6849.96395625
880 6853.94444038
881 6858.0189517
882 6861.69645935
883 6865.17546517
884 6868.75894564
885 6872.36332104
886 6875.800537
887 6878.91388155
888 6881.7869344
889 6884.62864486
890 6887.49125025
891 6890.17624873
892 6892.87169468
893 6895.37908626
894 6897.80289813
895 6900.29984224
896 6902.83857622
897 6905.24149315
898 6907.81156952
899 6910.18314406
900 6912.15771493
901 6914.48749961
902 6916.77549443
903 6919.03214685
904 6921.19477209
905 6923.20068535
906 6925.19615115
907 6927.23340681
908 6929.1139505
909 6931.1094163
910 6933.34517379
911 6935.42421931
912 6937.29431553
913 6939.16441176
914 6940.98227065
915 6943.06131617
916 6944.98364972
917 6946.87464087
918 6949.00592371
919 6950.7088605
920 6952.61029911
921 6954.39681561
922 6955.94304042
923 6957.6773196
924 6959.33846652
925 6960.83245401
926 6962.57718065
927 6964.16519532
928 6965.77410491
929 6967.48748916
930 6968.95013425
931 6970.44412173
932 6972.19929584
933 6973.96491741
934 6975.4275625
935 6977.04691956
936 6978.6453817
937 6980.51547792
938 6982.22886217
939 6983.80642937
940 6985.4362339
941 6987.00335364
942 6988.61226323
943 6990.14804058
944 6991.61068567
945 6993.34496484
946 6994.89118965
947 6996.3956246
948 6998.01498166
949 6999.34180971
950 7000.94027184
951 7002.57007637
952 7003.85511456
953 7005.19239007
954 7006.66548262
955 7008.02365306
956 7009.46540322
957 7011.06386535
958 7012.36979847
959 7013.67573158
960 7014.97121723
961 7016.58012683
962 7017.93829727
963 7019.36959997
964 7020.95761463
965 7022.32623254
966 7023.78887763
967 7025.3768923
968 7026.75595767
969 7028.32307741
970 7029.73348517
971 7030.95583857
972 7032.27221915
973 7033.71396931
974 7034.81095312
975 7036.13778117
976 7037.50639907
977 7038.84367458
978 7040.22273995
979 7041.74806983
980 7043.02266055
981 7044.20322409
982 7045.38378762
983 7046.3449544
984 7047.45238568
985 7048.60160682
986 7049.76127543
987 7050.77467952
988 7052.32090433
989 7053.47012547
990 7054.79695352
991 7055.86259494
992 7056.8864465
993 7058.15058976
994 7059.38339062
995 7060.50126937
996 7061.61914811
997 7062.67434207
998 7063.85490561
999 7065.12949633
1000 7066.23692761
1001 7067.30256903
1002 7068.27418327
1003 7069.49653667
1004 7070.71889006
1005 7071.8681112
1006 7073.01733234
1007 7074.16655349
1008 7075.48293407
1009 7076.62170774
1010 7077.58287452
1011 7078.66941087
1012 7079.77684215
1013 7080.92606329
1014 7081.99170471
1015 7082.96331895
1016 7083.96627558
1017 7085.00057461
1018 7086.16024322
1019 7087.17364731
1020 7088.44823804
1021 7089.51387946
1022 7090.55862595
1023 7091.54068765
1024 7092.66901386
1025 7093.96449951
1026 7095.06148333
1027 7096.12712475
1028 7097.13008139
1029 7098.33153985
1030 7099.48076099
1031 7100.59863974
1032 7101.6224913
1033 7102.71947512
1034 7103.91048612
1035 7104.88210036
1036 7105.94774178
1037 7107.06562053
1038 7108.21484167
1039 7109.12377112
1040 7110.21030747
1041 7111.4222134
1042 7112.44606496
1043 7113.40723174
1044 7114.52511048
1045 7115.60119937
1046 7116.53102375
1047 7117.45040066
1048 7118.46380476
1049 7119.64436829
1050 7120.62643
1051 7121.61893916
1052 7122.58010594
1053 7123.48903539
1054 7124.53378188
1055 7125.57852837
1056 7126.62327486
1057 7127.52175685
1058 7128.55605587
1059 7129.52767011
1060 7130.52017928
1061 7131.43955619
1062 7132.28580085
1063 7133.15294044
1064 7133.94694777
1065 7134.75140257
1066 7135.56630484
1067 7136.46478682
1068 7137.23789922
1069 7138.21996093
1070 7138.94083601
1071 7139.71394841
1072 7140.63332532
1073 7141.58404463
1074 7142.50342154
1075 7143.32877127
1076 7144.34217537
1077 7145.17797256
1078 7146.01376976
1079 7146.84956695
1080 7147.67491668
1081 7148.41668669
1082 7149.22114149
1083 7149.99425389
1084 7150.78826123
1085 7151.86435012
1086 7152.7628321
1087 7153.61952422
1088 7154.48666381
1089 7155.44783058
1090 7156.35676003
1091 7157.18210976
1092 7158.37312076
1093 7159.18802303
1094 7159.89845064
1095 7160.78648516
1096 7161.726757
1097 7162.68792378
1098 7163.68043294
1099 7164.65204718
1100 7165.47739691
1101 7166.40722129
1102 7167.16988623
1103 7167.94299863
1104 7169.02953498
1105 7170.03249162
1106 7170.99365839
1107 7171.79811319
1108 7172.57122559
1109 7173.62641955
1110 7174.69206097
1111 7175.44427845
1112 7176.45768254
1113 7177.38750692
1114 7178.51583313
1115 7179.56057963
1116 7180.61577358
1117 7181.52470303
1118 7182.70526657
1119 7183.75001306
1120 7184.73207476
1121 7185.5260821
1122 7186.49769633
1123 7187.34394099
1124 7188.35734509
1125 7189.41253905
1126 7190.43639061
1127 7191.39755738
1128 7192.32738176
1129 7193.19452135
1130 7194.21837291
1131 7195.05417011
1132 7196.02578434
1133 7196.94516126
1134 7198.01080268
1135 7199.14957636
1136 7199.99582101
1137 7200.95698779
1138 7202.06441907
1139 7203.05692824
1140 7204.00764754
1141 7205.33447559
1142 7206.2538525
1143 7207.19412435
1144 7208.16573858
1145 7209.14780029
1146 7210.07762466
1147 7210.93431679
1148 7211.77011398
1149 7213.03425724
1150 7213.91184429
1151 7214.97748571
1152 7215.8759677
1153 7216.80579207
1154 7217.75651138
1155 7218.74902055
1156 7219.60571267
1157 7220.60866931
1158 7221.42357157
1159 7222.36384341
1160 7223.10561342
1161 7224.13991245
1162 7224.92347232
1163 7225.76971698
1164 7226.61596164
1165 7227.34728418
1166 7228.08905419
1167 7228.88306153
1168 7229.68751632
1169 7230.55465591
1170 7231.34866325
1171 7232.18446044
1172 7232.90533552
1173 7233.65755299
1174 7234.38887554
1175 7235.2351202
1176 7235.97689021
1177 7236.89626712
1178 7237.83653896
1179 7238.53651911
1180 7239.34097391
1181 7240.04095406
1182 7240.75138168
1183 7241.51404662
1184 7242.34984381
1185 7243.29011565
1186 7244.18859764
1187 7244.76320821
1188 7245.43184596
1189 7246.31988048
1190 7247.1765726
1191 7247.83476289
1192 7248.72279741
1193 7249.47501489
1194 7250.2167849
1195 7251.03168716
1196 7251.76300971
1197 7252.54656957
1198 7253.24654972
1199 7254.06145199
1200 7254.83456439
1201 7255.6076768
1202 7256.2031823
1203 7257.04942696
1204 7257.90611908
1205 7258.72102134
1206 7259.36876417
1207 7260.13142911
1208 7260.84185672
1209 7261.55228434
1210 7262.28360688
1211 7263.07761422
1212 7263.7984893
1213 7264.7492086
1214 7265.59545326
1215 7266.44169792
1216 7267.25660019
1217 7267.9670278
1218 7268.58342823
1219 7269.23117106
1220 7269.97294107
1221 7270.82963319
1222 7271.42513869
1223 7272.05198659
1224 7272.96091603
1225 7273.72358097
1226 7274.35042887
1227 7274.99817169
1228 7275.91754861
1229 7276.65931862
1230 7277.27571905
1231 7277.98614666
1232 7278.69657428
1233 7279.58460879
1234 7280.33682627
1235 7281.10993867
1236 7281.83081375
1237 7282.84421785
1238 7283.5755404
1239 7284.21283576
1240 7285.10087027
1241 7285.89487761
1242 7286.54262043
1243 7287.50378721
1244 7288.30824201
1245 7289.21717145
1246 7289.97983639
1247 7290.83652852
1248 7291.60964092
1249 7292.44543811
1250 7293.11407587
1251 7294.19016476
1252 7295.06775181
1253 7295.85131168
1254 7296.74979366
1255 7297.48111621
1256 7298.36915073
1257 7299.23629031
1258 7299.94671793
1259 7300.85564738
1260 7301.64965471
1261 7302.48545191
1262 7303.20632698
1263 7304.07346657
1264 7304.90926377
1265 7305.9122204
1266 7306.81070238
1267 7307.66739451
1268 7308.57632396
1269 7309.57928059
1270 7310.37328792
1271 7311.33445469
1272 7312.13890949
1273 7313.13141866
1274 7314.08213797
1275 7315.0850946
1276 7316.0671563
1277 7316.91340096
1278 7317.71785576
1279 7318.71036493
1280 7319.76555889
1281 7320.72672566
1282 7321.80281455
1283 7322.79532371
1284 7323.77738542
1285 7324.48781303
1286 7325.32361023
1287 7326.21164474
1288 7327.24594377
1289 7328.00860871
1290 7328.90709069
1291 7329.66975563
1292 7330.43242057
1293 7331.37269242
1294 7332.12490989
1295 7332.78310018
1296 7333.68158216
1297 7334.52782682
1298 7335.31138669
1299 7336.10539403
1300 7336.94119122
1301 7337.8710156
1302 7338.644128
1303 7339.4799252
1304 7340.28438
1305 7341.10972972
1306 7341.92463199
1307 7342.71863932
1308 7343.4708568
1309 7344.20217934
1310 7345.11110879
1311 7345.87377373
1312 7346.64688613
1313 7347.62894784
1314 7348.42295517
1315 7349.10204039
1316 7349.87515279
1317 7350.48110576
1318 7351.14974351
1319 7351.78703888
1320 7352.41388677
1321 7353.10341946
1322 7353.78250468
1323 7354.52427468
1324 7355.10933272
1325 7355.67349583
1326 7356.40481837
1327 7357.07345613
1328 7357.75254135
1329 7358.4211791
1330 7359.10026432
1331 7359.81069194
1332 7360.29127532
1333 7360.79275364
1334 7361.33602181
1335 7361.87928999
1336 7362.45390056
1337 7363.22701297
1338 7363.812071
1339 7364.45981383
1340 7365.09710919
1341 7365.82843173
1342 7366.4030423
1343 7367.04033766
1344 7367.58360584
1345 7368.12687401
1346 7368.7850643
1347 7369.3805698
1348 7369.93428545
1349 7370.51934348
1350 7371.20887617
1351 7371.74169688
1352 7372.34764984
1353 7373.00584013
1354 7373.5804507
1355 7374.06103409
1356 7374.58340734
1357 7375.14757044
1358 7375.76397087
1359 7376.3803713
1360 7376.98632427
1361 7377.61317216
1362 7378.34449471
1363 7378.94000021
1364 7379.46237346
1365 7380.11011628
1366 7380.56980474
1367 7381.05038812
1368 7381.7712632
1369 7382.25184659
1370 7382.89958941
1371 7383.52643731
1372 7384.06970549
1373 7384.58163127
1374 7385.09355705
1375 7385.86666945
1376 7386.49351735
1377 7387.09947031
1378 7387.72631821
1379 7388.32182371
1380 7388.92777667
1381 7389.48149232
1382 7390.08744528
1383 7390.68295078
1384 7391.33069361
1385 7391.96798897
1386 7392.67841658
1387 7393.40973913
1388 7394.01569209
1389 7394.68432985
1390 7395.26938788
1391 7396.04250029
1392 7396.50218874
1393 7397.1708265
1394 7397.87080665
1395 7398.46631215
1396 7399.05137019
1397 7399.78269273
1398 7400.31551344
1399 7400.93191387
1400 7401.52741937
1401 7402.20650459
1402 7402.93782714
1403 7403.50199024
1404 7404.14973307
1405 7404.77658096
1406 7405.44521872
1407 7406.07206661
1408 7406.78249423
1409 7407.43023705
1410 7408.17200706
1411 7408.71527524
1412 7409.33167567
1413 7409.97941849
1414 7410.7525309
1415 7411.3480364
1416 7411.95398936
1417 7412.59128472
1418 7413.25992248
1419 7413.98079756
1420 7414.60764545
1421 7415.18225603
1422 7415.89268364
1423 7416.45684675
1424 7417.03145732
1425 7417.59562042
1426 7418.24336325
1427 7418.88065861
1428 7419.41347932
1429 7420.05077468
1430 7420.82388708
1431 7421.5029723
1432 7422.07758287
1433 7422.74622063
1434 7423.63425515
1435 7424.20886572
1436 7424.85660854
1437 7425.68195827
1438 7426.48641307
1439 7427.15505083
1440 7427.79234619
1441 7428.41919408
1442 7429.1296217
1443 7429.97586636
1444 7430.80121608
1445 7431.45940638
1446 7432.12804413
1447 7432.82802428
1448 7433.61158415
1449 7434.41603895
1450 7435.10557163
1451 7435.86823657
1452 7436.68313884
1453 7437.39356645
1454 7438.08309914
1455 7438.6890521
1456 7439.24276774
1457 7439.96364282
1458 7440.60093818
1459 7441.2800234
1460 7441.85463397
1461 7442.69043117
1462 7443.36951639
1463 7444.10083893
1464 7444.7067919
1465 7445.46945684
1466 7446.22167431
1467 7446.82762728
1468 7447.64252954
1469 7448.39474701
1470 7449.0529373
1471 7449.6797852
1472 7450.35887042
1473 7451.03795564
1474 7451.86330537
1475 7452.58418045
1476 7453.37818778
1477 7454.02593061
1478 7454.56919878
1479 7455.16470428
1480 7456.02139641
1481 7456.63779684
1482 7457.31688206
1483 7458.02730967
1484 7458.68549996
1485 7459.38548011
1486 7460.27351463
1487 7460.8794676
1488 7461.64213254
1489 7462.40479748
1490 7463.06298777
1491 7463.80475778
1492 7464.56742271
1493 7465.16292822
1494 7465.84201344
1495 7466.55244105
1496 7467.21063134
1497 7467.75389952
1498 7468.2658253
1499 7469.11206996
1500 7469.88518236
1501 10000.0
