0 0.0
1 0.0
2 0.0
3 0.0
4 0.0
5 0.0
6 0.0
7 0.0
8 0.0
54 0.0199776051047
55 0.089899222971
56 1.36846594967
57 3.86566658776
58 10.8378507693
59 30.635657428
60 92.266569176
61 192.634057222
62 261.307074769
63 397.93391608
64 574.965463715
65 665.693757298
66 718.06504908
67 756.881535798
68 787.677014067
69 810.681226345
70 829.240421488
71 844.193658908
72 855.98044592
73 865.839394039
74 876.367591929
75 885.01789494
76 893.228690638
77 900.770236565
78 908.201905664
79 916.262869323
80 925.64235492
81 934.372568351
82 942.043968711
83 951.093823823
84 957.726388718
85 963.120342097
86 968.354474634
87 973.049211834
88 976.75505758
89 980.311071289
90 984.166749074
91 987.393132299
92 990.170019408
93 993.38641383
94 996.223233755
95 999.639404228
96 1002.34636972
97 1005.06332401
98 1008.44952808
99 1010.46726619
100 1012.10542981
101 1013.27411971
102 1014.42283201
103 1015.74135394
104 1016.56043575
105 1017.47940559
106 1018.318465
107 1019.63698694
108 1021.16527373
109 1022.67358291
110 1023.38278789
111 1024.1818921
112 1024.90108588
113 1026.1297086
114 1027.44823053
115 1028.35721157
116 1029.32612541
117 1029.86552075
118 1030.4348825
119 1030.99425544
120 1031.76339324
121 1032.75228469
122 1033.71120973
123 1034.56025795
124 1035.29942934
125 1036.18843277
126 1036.96755937
127 1038.77553263
128 1040.93311398
129 1042.21168071
130 1043.27049378
131 1044.11954199
132 1045.06847824
133 1046.25714574
134 1046.8964291
135 1048.75434638
136 1050.55233084
137 1051.52124468
138 1052.14055044
139 1052.61002416
140 1053.09947549
141 1053.48903879
142 1053.86861328
143 1054.25817658
144 1054.58780707
145 1054.94740396
146 1055.44684409
147 1056.05616104
148 1056.6854556
149 1057.35470538
150 1058.04393275
151 1058.84303696
152 1059.33248828
153 1059.85190601
154 1060.31139093
155 1061.07053992
156 1062.26919623
157 1063.45786373
158 1064.12711351
159 1064.64653124
160 1065.00612813
161 1065.32576981
162 1065.59546748
163 1065.98503078
164 1066.34462767
165 1066.61432534
166 1066.90400062
167 1067.09378786
168 1067.2436199
169 1067.59322799
170 1067.87291446
171 1068.15260093
172 1068.59210825
173 1068.99166035
174 1069.63094371
175 1070.27022708
176 1070.7696672
177 1071.12926409
178 1071.51882739
179 1071.9283683
180 1072.47775244
181 1072.99717017
182 1073.47663269
183 1074.18583768
184 1075.40447159
185 1076.40335184
186 1077.14252323
187 1077.64196336
188 1078.14140349
189 1078.45105637
190 1078.9804629
191 1079.48989183
192 1080.20908562
193 1080.84836898
194 1081.39775312
195 1081.86722684
196 1082.4965214
197 1082.9060623
198 1083.36554722
199 1084.18462903
200 1084.82391239
201 1085.69293822
202 1086.71179608
203 1087.6007995
204 1088.26006047
205 1088.80944461
206 1089.39878396
207 1089.70843684
208 1090.15793296
209 1090.45759703
210 1090.77723872
211 1091.1268468
212 1091.43649968
213 1091.79609658
214 1092.00586143
215 1092.32550311
216 1092.61517839
217 1092.91484246
218 1093.23448414
219 1093.49419301
220 1093.79385709
221 1094.09352116
222 1094.35323003
223 1094.54301728
224 1094.70283812
225 1094.95255818
226 1095.23224465
227 1095.46198711
228 1095.74167358
229 1095.91148323
230 1096.1911697
231 1096.75054264
232 1097.67950128
233 1098.65840393
234 1100.14673551
235 1101.77491033
236 1104.36201019
237 1107.49849419
238 1112.26315301
239 1122.75139569
240 1134.5681491
241 1147.21397314
242 1155.2949144
243 1162.84644913
244 1170.22817422
245 1182.55435657
246 1192.28345025
247 1198.93599275
248 1209.01469453
249 1218.93357546
250 1228.68264675
251 1240.43946736
252 1267.30934622
253 1298.17474611
254 1331.03790651
255 1349.24749356
256 1363.32171636
257 1372.091885
258 1379.19392361
259 1386.06621977
260 1391.04064344
261 1396.24480957
262 1400.35020742
263 1404.22586281
264 1407.36234681
265 1410.70859566
266 1413.9849229
267 1417.67079104
268 1421.26675996
269 1424.76284086
270 1428.19898893
271 1430.7960776
272 1433.05354697
273 1434.74165461
274 1436.45972864
275 1437.67836256
276 1438.67724281
277 1439.75603349
278 1440.76490254
279 1441.70384998
280 1442.37309976
281 1443.16221516
282 1443.82147613
283 1444.44078188
284 1445.10004285
285 1445.65941579
286 1446.18882233
287 1446.66828485
288 1447.2476354
289 1447.71710912
290 1448.35639248
291 1448.84584381
292 1449.31531753
293 1449.76481364
294 1450.17435455
295 1450.50398503
296 1451.11330199
297 1451.5627981
298 1451.9523614
299 1452.24203668
300 1452.7115104
301 1453.1310401
302 1453.53059221
303 1453.8901891
304 1454.30971881
305 1454.74922612
306 1455.18873343
307 1455.52835272
308 1456.01780404
309 1456.36741213
310 1456.86685226
311 1457.27639316
312 1457.8157885
313 1458.22532941
314 1458.75473594
315 1459.30412008
316 1459.69368338
317 1460.03330267
318 1460.58268681
319 1461.09211574
320 1461.48167904
321 1461.80132072
322 1462.17090641
323 1462.60042492
324 1462.97001062
325 1463.38954033
326 1463.74913722
327 1464.17865573
328 1464.51827501
329 1464.88786071
330 1465.22747999
331 1465.52714407
332 1465.89672977
333 1466.19639384
334 1466.64588996
335 1466.98550924
336 1467.35509494
337 1467.71469183
338 1468.06429992
339 1468.3839416
340 1468.65363927
341 1468.88338173
342 1469.06318018
343 1469.40279946
344 1469.73242995
345 1469.97216121
346 1470.18192606
347 1470.44163493
348 1470.66138858
349 1470.93108625
350 1471.19079512
351 1471.46049279
352 1471.75016806
353 1472.02985453
354 1472.2995522
355 1472.56924987
356 1472.87890275
357 1473.14860042
358 1473.42828689
359 1473.72795097
360 1474.00763744
361 1474.2473687
362 1474.55702158
363 1474.83670805
364 1475.14636093
365 1475.45601381
366 1475.8156107
367 1476.23514041
368 1476.63469251
369 1477.04423341
370 1477.42380791
371 1477.82336001
372 1478.1529905
373 1478.49260978
374 1478.86219548
375 1479.19182596
376 1479.46152363
377 1479.78116531
378 1480.16073981
379 1480.45041508
380 1480.76006796
381 1481.06972084
382 1481.38936252
383 1481.74895942
384 1482.00866828
385 1482.33829877
386 1482.68790686
387 1482.95760453
388 1483.37713423
389 1483.61686549
390 1483.96647358
391 1484.19621604
392 1484.46591371
393 1484.8255106
394 1485.1950963
395 1485.39487235
396 1485.70452523
397 1486.01417811
398 1486.35379739
399 1486.60351746
400 1486.89319273
401 1487.1529016
402 1487.46255448
403 1487.75222975
404 1488.03191622
405 1488.25166988
406 1488.50138994
407 1488.77108761
408 1488.96087486
409 1489.21059492
410 1489.47030379
411 1489.67007984
412 1489.86985589
413 1490.06963194
414 1490.2893856
415 1490.45919524
416 1490.6789489
417 1490.85874734
418 1490.99859058
419 1491.23832184
420 1491.50801951
421 1491.70779556
422 1491.8576276
423 1492.21722449
424 1492.43697815
425 1492.80656384
426 1493.06627271
427 1493.27603756
428 1493.58569044
429 1493.79545529
430 1493.99523135
431 1494.214985
432 1494.44472746
433 1494.63451471
434 1494.79433555
435 1495.02407801
436 1495.20387645
437 1495.43361891
438 1495.66336137
439 1495.95303665
440 1496.1628015
441 1496.38255516
442 1496.542376
443 1496.76212965
444 1497.02183852
445 1497.20163696
446 1497.39142421
447 1497.61117787
448 1497.88087554
449 1498.08065159
450 1498.31039405
451 1498.5301477
452 1498.71993495
453 1498.85977819
454 1499.03957663
455 1499.18940867
456 1499.40916233
457 1499.57897197
458 1499.80871443
459 1499.96853527
460 1500.17830013
461 1500.38806498
462 1500.55787462
463 1500.72768427
464 1500.89749391
465 1501.10725876
466 1501.2371132
467 1501.39693404
468 1501.56674368
469 1501.76651973
470 1501.99626219
471 1502.21601585
472 1502.39581429
473 1502.49570232
474 1502.71545597
475 1502.98515364
476 1503.07505287
477 1503.31478413
478 1503.54452659
479 1503.78425785
480 1503.94407869
481 1504.13386594
482 1504.35361959
483 1504.54340684
484 1504.83308211
485 1505.07281338
486 1505.23263422
487 1505.41243266
488 1505.49234308
489 1505.67214153
490 1505.9418392
491 1506.15160405
492 1506.41131292
493 1506.55115615
494 1506.76092101
495 1507.04060748
496 1507.23039473
497 1507.44015958
498 1507.58000282
499 1507.74981246
500 1507.96956612
501 1508.21928618
502 1508.41906223
503 1508.6787711
504 1508.83859194
505 1509.10828961
506 1509.34802087
507 1509.57776333
508 1509.92737142
509 1510.2669907
510 1510.44678915
511 1510.68652041
512 1510.98618449
513 1511.26587096
514 1511.63545665
515 1512.03500876
516 1512.43456086
517 1512.84410176
518 1513.35353069
519 1514.05274687
520 1514.65207502
521 1515.40123522
522 1516.5000035
523 1517.60876058
524 1518.89731611
525 1520.19586044
526 1521.85400166
527 1523.38228845
528 1525.43998178
529 1528.00710404
530 1530.63415911
531 1533.47097903
532 1536.43765339
533 1539.81386865
534 1543.9292553
535 1547.71501147
536 1552.1200734
537 1556.59505694
538 1561.5395142
539 1566.35411703
540 1571.63819358
541 1577.05212457
542 1582.94551807
543 1588.78896757
544 1594.87214832
545 1601.18507153
546 1607.54793876
547 1614.44021252
548 1620.87300137
549 1627.99501759
550 1635.84621639
551 1642.70852374
552 1649.9603944
553 1657.50194032
554 1665.29320632
555 1673.62386764
556 1681.56496567
557 1688.90673555
558 1696.11865099
559 1704.10969303
560 1712.13070148
561 1720.05182191
562 1728.08281916
563 1736.17374923
564 1744.25469049
565 1752.30566535
566 1760.44653943
567 1768.24779422
568 1775.83928416
569 1784.17993429
570 1792.16098753
571 1800.39176084
572 1808.18302683
573 1815.78450557
574 1824.37487576
575 1833.55458531
576 1842.30477635
577 1851.06495618
578 1859.48551674
579 1868.50540544
580 1877.44538372
581 1887.03463418
582 1897.58280967
583 1908.17094038
584 1918.87893671
585 1931.03530942
586 1943.56126782
587 1956.34693509
588 1969.36234481
589 1983.63634366
590 1998.89923396
591 2015.43070218
592 2032.60145377
593 2049.38264206
594 2066.68324808
595 2085.74188335
596 2105.80938768
597 2127.0156155
598 2148.49154098
599 2169.94748886
600 2192.82184671
601 2215.59631653
602 2238.66046162
603 2261.18521138
604 2283.44026346
605 2306.75412862
606 2329.44868802
607 2352.41294509
608 2374.97765005
609 2396.04403464
610 2417.67978097
611 2439.29554969
612 2460.11221421
613 2480.69913627
614 2500.13734604
615 2519.30585813
616 2537.39557956
617 2555.13569289
618 2572.97569425
619 2588.8578903
620 2604.41045588
621 2619.93305505
622 2634.46676276
623 2648.56096316
624 2662.15572343
625 2674.37202896
626 2687.79697959
627 2699.80352025
628 2711.18076636
629 2722.96755337
630 2733.56567288
631 2745.46233672
632 2755.82072497
633 2766.47877729
634 2776.87712075
635 2785.96693107
636 2795.64608074
637 2805.39515203
638 2815.26408896
639 2824.70350737
640 2833.70341847
641 2842.63340795
642 2851.49347581
643 2860.07385721
644 2868.50440656
645 2876.38557177
646 2884.74619951
647 2893.56631216
648 2901.76711906
649 2910.01786997
650 2917.39959505
651 2925.20084985
652 2932.832295
653 2940.42378494
654 2947.88542044
655 2955.51686559
656 2962.51901618
657 2970.0206069
658 2977.43229839
659 2984.5143594
660 2991.84614048
661 2998.70844783
662 3005.93035208
663 3013.19221153
664 3020.35418296
665 3027.04668067
666 3033.60932395
667 3040.64144094
668 3047.74347956
669 3054.57582051
670 3061.67785912
671 3068.31042401
672 3075.24265299
673 3082.3546804
674 3089.14706614
675 3095.88950786
676 3102.07257664
677 3108.48538788
678 3115.12794158
679 3121.76050647
680 3128.23325053
681 3134.70599458
682 3141.34854828
683 3147.88122515
684 3154.59370046
685 3161.30617578
686 3167.41932294
687 3173.82214538
688 3180.43473266
689 3187.54676008
690 3194.43903384
691 3200.56216981
692 3206.54546254
693 3212.90832976
694 3219.65077149
695 3226.13350434
696 3232.76606924
697 3238.899194
698 3245.23209482
699 3251.395186
700 3257.2885795
701 3263.42170427
702 3269.20522095
703 3275.06864805
704 3281.91097779
705 3288.70336353
706 3295.01628674
707 3300.78981462
708 3306.5833201
709 3312.81633289
710 3318.81960322
711 3325.34229129
712 3331.50538247
713 3337.56858562
714 3344.27107213
715 3350.32428647
716 3356.20769118
717 3362.13105109
718 3367.94453418
719 3373.87788289
720 3380.19080611
721 3386.29396447
722 3392.24729079
723 3398.1706507
724 3404.0340778
725 3410.08729215
726 3416.09056248
727 3422.01392239
728 3427.67757344
729 3433.33123568
730 3439.76402453
731 3445.43766438
732 3451.62073316
733 3457.59403708
734 3463.36756496
735 3469.37083529
736 3475.39408323
737 3481.26749913
738 3486.72138533
739 3492.72465566
740 3498.98763486
741 3504.67126351
742 3510.29495935
743 3515.92864399
744 3521.91193672
745 3528.18490472
746 3534.43789512
747 3540.73084073
748 3546.17473812
749 3552.00819881
750 3558.21124519
751 3564.13460511
752 3570.10790903
753 3575.70163846
754 3581.59503197
755 3587.5883135
756 3593.32188617
757 3599.28520129
758 3604.83897551
759 3610.85223464
760 3617.21510187
761 3622.87875292
762 3628.75216882
763 3634.72547275
764 3639.85971726
765 3645.86298759
766 3651.60654906
767 3657.67974101
768 3663.93273141
769 3670.07584498
770 3675.90930567
771 3681.68283354
772 3687.68610388
773 3693.87916146
774 3699.88243179
775 3705.19647475
776 3711.17976748
777 3717.03320578
778 3722.91661048
779 3728.95983602
780 3734.7433527
781 3740.83652226
782 3747.03956864
783 3753.00288377
784 3759.3757398
785 3764.8895588
786 3770.77296351
787 3777.04593151
788 3783.00924663
789 3788.95258415
790 3794.64620161
791 3800.4696735
792 3806.94241755
793 3813.395184
794 3818.95894702
795 3824.10318033
796 3829.75684258
797 3835.75012411
798 3841.67348402
799 3847.61682154
800 3853.15061816
801 3858.85422441
802 3865.14717002
803 3871.28029479
804 3876.89400182
805 3882.36786562
806 3888.61086722
807 3894.68405917
808 3900.54748627
809 3906.68061104
810 3912.84370221
811 3918.6771629
812 3924.83026527
813 3930.61378195
814 3936.84679474
815 3943.10977394
816 3948.84334661
817 3954.87658335
818 3960.62014482
819 3966.53351593
820 3972.31703261
821 3977.99067246
822 3984.0239092
823 3990.38677642
824 3996.5498676
825 4002.49320512
826 4008.17683377
827 4014.84935387
828 4020.75273618
829 4026.77598412
830 4032.9490641
831 4039.11215527
832 4045.64483214
833 4051.95775536
834 4058.27067857
835 4064.56362418
836 4070.45701768
837 4076.17061274
838 4082.61339039
839 4089.27592169
840 4095.83856497
841 4101.8418353
842 4107.61536318
843 4113.59865591
844 4119.55198223
845 4125.63516298
846 4131.77827655
847 4137.57178203
848 4143.46517554
849 4149.9578972
850 4156.13097717
851 4161.85456104
852 4168.22741707
853 4174.42047465
854 4180.86325229
855 4187.09626509
856 4193.13949063
857 4199.36251462
858 4205.87521389
859 4212.14818189
860 4218.76076918
861 4225.53317731
862 4231.42657081
863 4237.65958361
864 4243.95252921
865 4250.22549722
866 4256.69824127
867 4262.91127646
868 4268.87459158
869 4275.16753719
870 4281.58034843
871 4288.1330029
872 4294.62572456
873 4300.81878215
874 4307.61116788
875 4314.333632
876 4320.95620809
877 4328.21806755
878 4334.89058765
879 4341.752895
880 4349.01475446
881 4356.36651314
882 4363.2787645
883 4370.03119503
884 4377.20315526
885 4384.66479077
886 4392.16638149
887 4399.40826334
888 4406.37045872
889 4414.01189267
890 4421.10394248
891 4428.48566757
892 4435.72754942
893 4442.67975599
894 4449.86170503
895 4457.31335173
896 4464.635144
897 4472.47635401
898 4479.59837023
899 4486.71039764
900 4495.18090221
901 4503.02211221
902 4511.30282953
903 4518.6346106
904 4526.13620132
905 4533.65776964
906 4541.09942754
907 4549.21033521
908 4556.5820715
909 4564.06368461
910 4571.99479384
911 4579.74610462
912 4588.03681074
913 4595.69822229
914 4602.90014893
915 4610.46167247
916 4618.20299444
917 4625.8743948
918 4634.11515691
919 4640.94749785
920 4649.07838313
921 4656.97952595
922 4664.58100469
923 4671.86284175
924 4679.51426451
925 4686.96591121
926 4695.29657254
927 4702.9479953
928 4710.22983236
929 4717.26194935
930 4725.15310337
931 4733.25402224
932 4741.05527703
933 4748.65675578
934 4755.84869361
935 4763.07059786
936 4770.87185265
937 4778.54325301
938 4786.21465337
939 4794.02589697
940 4801.87709578
941 4809.71830578
942 4817.75929183
943 4825.39073698
944 4833.20198058
945 4840.45385123
946 4848.19517321
947 4855.996428
948 4864.02742526
949 4872.51790743
950 4880.46899426
951 4888.8595884
952 4897.04041769
953 4905.2911686
954 4913.5219419
955 4921.51298395
956 4929.66384683
957 4938.22425062
958 4946.65479997
959 4954.93551729
960 4963.44597706
961 4971.50694072
962 4980.40696379
963 4989.10721082
964 4997.94730108
965 5006.36786163
966 5014.94824302
967 5023.35881477
968 5032.12898341
969 5041.14887211
970 5049.85910794
971 5058.34959011
972 5067.61919888
973 5076.64907639
974 5085.45920024
975 5094.90860745
976 5103.85857454
977 5113.02829528
978 5122.23797123
979 5132.266729
980 5140.97696482
981 5149.84702149
982 5158.8968766
983 5168.14650776
984 5177.41611653
985 5186.3061508
986 5195.33602831
987 5203.76657767
988 5212.62664553
989 5221.40680297
990 5229.94722916
991 5238.52761055
992 5247.05804793
993 5256.38758951
994 5264.9479933
995 5274.58718776
996 5283.36734521
997 5291.80788336
998 5300.69791763
999 5309.73778394
1000 5318.31816534
1001 5326.72873709
1002 5335.4090065
1003 5343.90947748
1004 5352.68963492
1005 5361.42983715
1006 5369.96027453
1007 5378.22101424
1008 5386.72148522
1009 5395.17201217
1010 5403.23297583
1011 5411.53367076
1012 5419.23503752
1013 5427.48578843
1014 5435.82643856
1015 5444.31692073
1016 5452.62760446
1017 5461.24794106
1018 5468.8494198
1019 5476.2910777
1020 5484.84149269
1021 5492.95240036
1022 5500.27419263
1023 5507.66590652
1024 5515.98657904
1025 5524.34720678
1026 5532.38819284
1027 5540.49910051
1028 5548.01068003
1029 5555.38241631
1030 5563.35348075
1031 5571.3944668
1032 5579.36553124
1033 5587.01695399
1034 5594.858164
1035 5602.72934041
1036 5610.61050562
1037 5618.51164844
1038 5626.25297042
1039 5633.90439318
1040 5642.2350545
1041 5649.85651085
1042 5658.15720577
1043 5665.79863972
1044 5673.34018565
1045 5681.07151883
1046 5688.64303116
1047 5696.55416278
1048 5703.90592146
1049 5711.18775852
1050 5719.38856542
1051 5727.1398762
1052 5734.88119818
1053 5742.0331808
1054 5749.8544132
1055 5758.13513052
1056 5765.70664285
1057 5773.59779687
1058 5781.1593204
1059 5787.99166135
1060 5795.88281536
1061 5803.81392459
1062 5811.48532495
1063 5818.58736357
1064 5826.12890949
1065 5833.590545
1066 5841.24196775
1067 5849.38284183
1068 5857.02427579
1069 5864.1263144
1070 5871.72779314
1071 5879.7887568
1072 5887.66992202
1073 5895.63099765
1074 5903.02271154
1075 5910.81397753
1076 5918.24564663
1077 5926.05689023
1078 5933.93805544
1079 5941.48959017
1080 5948.98119208
1081 5957.2619094
1082 5965.44273869
1083 5972.87440779
1084 5980.38598731
1085 5988.02742126
1086 5995.74876563
1087 6003.87965091
1088 6012.18034583
1089 6019.92166781
1090 6027.63302338
1091 6036.19342717
1092 6044.85371898
1093 6053.07450348
1094 6060.61604941
1095 6068.34738258
1096 6076.48825666
1097 6085.15853728
1098 6093.55912023
1099 6102.37923288
1100 6110.09058845
1101 6118.97063392
1102 6127.55101531
1103 6136.39110557
1104 6145.15128541
1105 6153.62178997
1106 6162.31204819
1107 6170.83249677
1108 6179.43285577
1109 6188.25296842
1110 6197.33278994
1111 6206.09296978
1112 6214.99299286
1113 6223.58336305
1114 6232.61324056
1115 6241.68307327
1116 6250.60307395
1117 6259.69288428
1118 6268.88258262
1119 6277.62278486
1120 6286.69261758
1121 6296.1919688
1122 6305.49154398
1123 6314.16182459
1124 6323.93087349
1125 6332.75098614
1126 6341.32137873
1127 6350.45114427
1128 6360.28012598
1129 6369.43985792
1130 6378.47972423
1131 6387.39972491
1132 6396.27977038
1133 6405.7491552
1134 6415.09867439
1135 6423.7789438
1136 6432.69894448
1137 6441.70884439
1138 6450.98844196
1139 6460.60765881
1140 6470.05706603
1141 6479.17684276
1142 6488.49639554
1143 6497.83592593
1144 6507.59498602
1145 6516.97447162
1146 6526.42387883
1147 6535.79337563
1148 6545.40260368
1149 6555.16166377
1150 6564.55113817
1151 6574.48000791
1152 6583.47991901
1153 6593.2289903
1154 6602.73833033
1155 6613.34643864
1156 6623.13546514
1157 6632.81461482
1158 6642.47378688
1159 6653.091884
1160 6662.95083212
1161 6672.81976904
1162 6682.99835884
1163 6693.90613123
1164 6705.22344452
1165 6716.04131768
1166 6726.97905648
1167 6737.11769107
1168 6747.66586656
1169 6758.95321345
1170 6770.84987729
1171 6782.16719058
1172 6793.47451507
1173 6804.66197393
1174 6816.52867136
1175 6828.45530161
1176 6840.64164072
1177 6852.85794624
1178 6865.6236359
1179 6878.44925838
1180 6891.30484727
1181 6905.24921563
1182 6918.26462535
1183 6931.89934084
1184 6945.64393315
1185 6960.63712578
1186 6974.92111343
1187 6989.78445163
1188 7003.65889837
1189 7019.33132958
1190 7034.18467897
1191 7049.39762526
1192 7065.42965336
1193 7080.0632491
1194 7096.01536677
1195 7112.72663344
1196 7129.10826963
1197 7146.45881966
1198 7162.20117249
1199 7179.74150977
1200 7196.90227255
1201 7214.11297935
1202 7232.12279035
1203 7248.7541466
1204 7266.24453987
1205 7284.3542389
1206 7301.83464336
1207 7319.30505903
1208 7336.70555308
1209 7354.15599113
1210 7372.24571256
1211 7390.17561314
1212 7407.12661107
1213 7423.73798971
1214 7440.59908842
1215 7458.21933612
1216 7474.05158817
1217 7490.40325795
1218 7506.50520766
1219 7520.61938567
1220 7535.6325559
1221 7550.37602847
1222 7564.45025127
1223 7578.04501154
1224 7589.72192173
1225 7601.95820485
1226 7613.59515983
1227 7624.73267467
1228 7635.30082777
1229 7645.1797535
1230 7654.10974298
1231 7662.61021395
1232 7671.00080809
1233 7678.8619957
1234 7685.23485173
1235 7691.30804368
1236 7696.98168353
1237 7703.06486429
1238 7708.17913119
1239 7712.59418192
1240 7717.08914307
1241 7721.03472008
1242 7724.75055463
1243 7728.13675869
1244 7731.31319791
1245 7734.0301522
1246 7736.83700572
1247 7739.03454228
1248 7741.39189968
1249 7743.45958181
1250 7745.11772303
1251 7747.10549474
1252 7748.73366956
1253 7750.29192275
1254 7751.6503999
1255 7752.809101
1256 7754.21752216
1257 7755.61595451
1258 7756.90451004
1259 7757.79351347
1260 7758.76242732
1261 7759.80126278
1262 7760.71024382
1263 7761.58925844
1264 7762.50822828
1265 7763.31732128
1266 7764.23629112
1267 7764.92551849
1268 7765.67467869
1269 7766.22406283
1270 7766.98321182
1271 7767.76233842
1272 7768.58142023
1273 7769.44045725
1274 7770.23956145
1275 7770.89882242
1276 7771.46818417
1277 7772.09747873
1278 7772.70679568
1279 7773.43597827
1280 7774.04529522
1281 7774.60466817
1282 7775.36381716
1283 7775.96314531
1284 7776.6923279
1285 7777.19176803
1286 7777.92095061
1287 7778.57022278
1288 7779.22948375
1289 7779.69895747
1290 7780.26831921
1291 7780.85765856
1292 7781.40704271
1293 7782.04632607
1294 7782.61568781
1295 7783.20502716
1296 7783.76440011
1297 7784.35373946
1298 7785.03297803
1299 7785.55239576
1300 7786.1017799
1301 7786.61120883
1302 7787.15060417
1303 7787.6600331
1304 7788.24937245
1305 7788.76879019
1306 7789.34814073
1307 7790.0074017
1308 7790.67665147
1309 7791.156114
1310 7791.69550933
1311 7792.24489347
1312 7792.91414325
1313 7793.43356098
1314 7793.99293392
1315 7794.6821613
1316 7795.21156783
1317 7795.63109754
1318 7796.15051527
1319 7796.60001139
1320 7797.08946271
1321 7797.60888045
1322 7798.06836536
1323 7798.71763753
1324 7799.26702167
1325 7799.88632743
1326 7800.35580115
1327 7800.83526367
1328 7801.28475978
1329 7801.85412153
1330 7802.39351687
1331 7802.99284502
1332 7803.38240832
1333 7803.90182605
1334 7804.33134456
1335 7804.8607511
1336 7805.30025841
1337 7805.76973213
1338 7806.31911627
1339 7806.8085676
1340 7807.32798533
1341 7807.81743665
1342 7808.3867984
1343 7808.91620493
1344 7809.46558907
1345 7809.9650292
1346 7810.30464849
1347 7810.87401023
1348 7811.46334959
1349 7812.08265534
1350 7812.66200589
1351 7813.0715468
1352 7813.61094213
1353 7814.08041585
1354 7814.55987838
1355 7814.90948647
1356 7815.4289042
1357 7815.73855708
1358 7816.27795242
1359 7816.76740374
1360 7817.22688866
1361 7817.86617202
1362 7818.43553377
1363 7818.9649403
1364 7819.55427965
1365 7820.07369739
1366 7820.62308153
1367 7821.22240968
1368 7821.59199537
1369 7821.96158107
1370 7822.50097641
1371 7823.10030456
1372 7823.61972229
1373 7824.16910643
1374 7824.70850177
1375 7825.18796429
1376 7825.75732604
1377 7826.24677736
1378 7826.88606073
1379 7827.53533289
1380 7828.01479541
1381 7828.44431392
1382 7829.1235525
1383 7829.65295903
1384 7830.22232078
1385 7830.6818057
1386 7831.21121223
1387 7831.71065236
1388 7832.17013728
1389 7832.6495998
1390 7833.18899514
1391 7833.71840167
1392 7834.207853
1393 7834.77721474
1394 7835.17676684
1395 7835.64624056
1396 7836.15566949
1397 7836.64512082
1398 7837.06465053
1399 7837.47419143
1400 7837.82379952
1401 7838.34321725
1402 7838.76274696
1403 7839.17228787
1404 7839.61179518
1405 7840.20113453
1406 7840.77049627
1407 7841.43974604
1408 7841.97914138
1409 7842.47858151
1410 7842.95804403
1411 7843.53739458
1412 7844.08677872
1413 7844.75602849
1414 7845.23549101
1415 7845.72494234
1416 7846.26433768
1417 7846.79374421
1418 7847.41304997
1419 7847.95244531
1420 7848.37197502
1421 7848.73157191
1422 7849.39083288
1423 7850.00014983
1424 7850.61945559
1425 7851.18881734
1426 7851.62832465
1427 7852.27759681
1428 7852.81699215
1429 7853.23652186
1430 7853.69600678
1431 7854.26536852
1432 7854.69488703
1433 7855.00453991
1434 7855.42406962
1435 7855.94348735
1436 7856.47289389
1437 7856.95235641
1438 7857.36189731
1439 7857.86133744
1440 7858.37076637
1441 7858.8801953
1442 7859.249781
1443 7859.79916514
1444 7860.20870604
1445 7860.56830293
1446 7861.03777665
1447 7861.48727277
1448 7861.93676888
1449 7862.42622021
1450 7862.83576111
1451 7863.36516765
1452 7863.73475334
1453 7864.16427185
1454 7864.56382395
1455 7864.98335366
1456 7865.29300654
1457 7865.60265942
1458 7865.95226751
1459 7866.28189799
1460 7866.65148369
1461 7866.99110297
1462 7867.32073346
1463 7867.69031915
1464 7868.17977048
1465 7868.54935617
1466 7868.98886348
1467 7869.25856115
1468 7869.61815804
1469 7869.87786691
1470 7870.32736303
1471 7870.6070495
1472 7870.85676956
1473 7871.17641124
1474 7871.61591856
1475 7871.98550425
1476 7872.23522431
1477 7872.68472043
1478 7873.02433972
1479 7873.48382463
1480 7873.78348871
1481 7874.22299602
1482 7874.60257052
1483 7874.932201
1484 7875.3217643
1485 7875.7213164
1486 7876.01099168
1487 7876.39056618
1488 7876.73018546
1489 7877.02984954
1490 7877.40942404
1491 7877.80897614
1492 7878.24848345
1493 7878.62805795
1494 7878.85780041
1495 7879.30729652
1496 7879.6269382
1497 7880.06644551
1498 7880.4160536
1499 7880.87553852
1500 7881.33502344
1501 10000.0
