0 7.78302958687
1 19.7700313594
2 49.0274053538
3 90.7830750352
4 140.151342999
5 191.79202836
6 249.39780939
7 314.445757397
8 380.743534973
9 454.369858656
10 535.154297141
11 640.878516566
12 763.645866473
13 909.194200791
14 1071.84247603
15 1252.61328001
16 1459.68731537
17 1694.59846385
18 1952.51783848
19 2224.18533836
20 2505.28337045
21 2805.35608781
22 3126.27823479
23 3452.31332091
24 3777.38262964
25 4098.47520793
26 4420.81761578
27 4746.39821842
28 5056.4127619
29 5353.3040949
30 5633.89083307
31 5898.40021815
32 6150.58173885
33 6388.78789256
34 6607.0535836
35 6808.90105895
36 6986.2064264
37 7157.94437122
38 7311.389356
39 7458.41476162
40 7591.01031677
41 7710.25541972
42 7833.59087397
43 7941.53070036
44 8055.26519111
45 8157.3535427
46 8257.56714993
47 8348.57746671
48 8444.87115393
49 8533.15456983
50 8619.79048312
51 8704.55165205
52 8781.18892878
53 8868.62018816
54 8938.610644
55 9010.75989638
56 9073.47861655
57 9143.41226196
58 9199.71140299
59 9263.56633186
60 9316.34322592
61 9366.2227878
62 9416.44321229
63 9460.47129937
64 9505.91964732
65 9544.60755352
66 9582.15925101
67 9617.15447893
68 9651.58160251
69 9679.98681998
70 9711.34618007
71 9734.75207926
72 9757.58987411
73 9782.64327592
74 9802.75416989
75 9822.24014907
76 9838.99922738
77 9855.19020134
78 9869.05194746
79 9882.80007272
80 9894.78707449
81 9904.78571104
82 9915.63650411
83 9923.76039631
84 9932.8500659
85 9939.61050766
86 9947.56396855
87 9953.24501204
88 9958.6988138
89 9963.30045903
90 9967.78848339
91 9970.96986775
92 9973.35590601
93 9976.82134254
94 9979.32100168
95 9981.70703995
96 9983.46816343
97 9985.68377039
98 9986.93359996
99 9988.24023997
100 9989.54687997
101 9990.34222606
102 9991.13757215
103 9992.10334954
104 9992.72826433
105 9993.29636868
106 9993.52361042
107 9994.09171477
108 9994.37576694
109 9994.65981912
110 9995.1143026
111 9995.56878607
112 9995.85283825
113 9995.90964868
114 9996.08007999
115 9996.36413216
116 9996.4209426
117 9996.47775303
118 9996.70499477
119 9996.87542608
120 9996.98904695
121 9997.10266782
122 9997.32990956
123 9997.44353043
124 9997.50034086
125 9997.67077217
126 9997.78439304
127 9997.84120347
128 9997.84120347
129 9997.89801391
130 9997.95482434
131 9997.95482434
132 9997.95482434
133 9997.95482434
134 9997.95482434
135 9997.95482434
136 9997.95482434
137 9998.01163478
138 9998.06844521
139 9998.06844521
140 9998.06844521
141 9998.12525565
142 9998.12525565
143 9998.18206608
144 9998.18206608
145 9998.18206608
146 9998.23887652
147 9998.23887652
148 9998.23887652
149 9998.29568695
150 9998.29568695
151 9998.35249739
152 9998.35249739
153 9998.35249739
154 9998.35249739
155 9998.35249739
156 9998.35249739
157 9998.35249739
158 9998.35249739
159 9998.35249739
160 9998.46611826
161 9998.52292869
162 9998.52292869
163 9998.63654956
164 9998.63654956
165 9998.69336
166 9998.69336
167 9998.69336
168 9998.69336
169 9998.75017043
170 9998.75017043
171 9998.75017043
172 9998.75017043
173 9998.75017043
174 9998.8637913
175 9998.8637913
176 9998.92060174
177 9998.97741217
178 9998.97741217
179 9998.97741217
180 9998.97741217
181 9998.97741217
182 9998.97741217
183 9998.97741217
184 9999.03422261
185 9999.09103304
186 9999.09103304
187 9999.09103304
188 9999.09103304
189 9999.09103304
190 9999.09103304
191 9999.09103304
192 9999.09103304
193 9999.14784348
194 9999.14784348
195 9999.14784348
196 9999.20465391
197 9999.31827478
198 9999.37508522
199 9999.37508522
200 9999.37508522
201 9999.37508522
202 9999.37508522
203 9999.37508522
204 9999.37508522
205 9999.37508522
206 9999.43189565
207 9999.43189565
208 9999.43189565
209 9999.48870609
210 9999.48870609
211 9999.48870609
212 9999.54551652
213 9999.54551652
214 9999.54551652
215 9999.54551652
216 9999.65913739
217 9999.65913739
218 9999.65913739
219 9999.65913739
220 9999.71594783
221 9999.71594783
222 9999.71594783
223 9999.71594783
224 9999.77275826
225 9999.77275826
226 9999.77275826
227 9999.77275826
228 9999.77275826
229 9999.77275826
230 9999.77275826
231 9999.77275826
232 9999.77275826
233 9999.77275826
302 9999.8295687
303 9999.8295687
304 9999.8295687
305 9999.8295687
306 9999.8295687
307 9999.8295687
308 9999.8295687
309 9999.8295687
310 9999.8295687
311 9999.8295687
315 9999.88637913
316 9999.88637913
317 9999.88637913
318 9999.94318957
319 9999.94318957
320 9999.94318957
321 9999.94318957
322 9999.94318957
323 9999.94318957
324 9999.94318957
325 9999.94318957
326 9999.94318957
327 9999.94318957
352 10000.0
353 10000.0
354 10000.0
355 10000.0
356 10000.0
357 10000.0
358 10000.0
359 10000.0
360 10000.0
361 10000.0
1501 10000.0
