0 0.0
1 0.0
2 0.0
3 0.0
4 0.0
5 0.0
6 0.0
7 0.0
8 0.0
16 0.0786885761892
17 0.196721440473
18 0.393442880946
19 0.570492177372
20 0.845902194034
21 1.41639437141
22 4.76065885945
23 37.3967458339
24 126.826312673
25 268.524766246
26 431.193725373
27 698.872589425
28 1005.50229869
29 1278.27624805
30 1532.08625055
31 1762.89951666
32 1979.90293764
33 2172.13912927
34 2335.89005632
35 2467.79178216
36 2570.97217769
37 2657.62797222
38 2722.62473615
39 2774.1854257
40 2817.12971615
41 2852.342854
42 2888.08713973
43 2923.65437617
44 2960.79538413
45 2996.10688269
46 3030.08067546
47 3065.94299406
48 3099.24793393
49 3127.65450994
50 3151.30042708
51 3171.95617833
52 3190.44799374
53 3207.11029974
54 3222.17916208
55 3235.26113788
56 3247.94967079
57 3260.65787584
58 3272.10706368
59 3284.14641583
60 3296.22511228
61 3307.51692296
62 3319.949718
63 3332.59890662
64 3343.93006159
65 3355.26121656
66 3365.0579443
67 3374.55958988
68 3384.92680979
69 3395.471079
70 3410.75633492
71 3434.75635066
72 3476.5793289
73 3558.35643171
74 3662.34338514
75 3832.64513616
76 4026.78952576
77 4306.94052914
78 4593.62268434
79 4971.62293221
80 5329.8920196
81 5743.51852034
82 6173.86634352
83 6573.58463842
84 7026.98821442
85 7387.40156551
86 7771.51985018
87 8048.12986763
88 8312.95627079
89 8496.18262045
90 8661.86141761
91 8781.78280773
92 8882.87795599
93 8989.8944196
94 9074.99611475
95 9167.1994539
96 9242.76015919
97 9327.35037859
98 9396.02583346
99 9473.7111303
100 9536.91772913
101 9604.19646177
102 9656.89813567
103 9700.21619686
104 9746.89819469
105 9779.51460952
106 9809.61298991
107 9830.85890548
108 9849.23268802
109 9861.62613877
110 9873.15401518
111 9881.47533211
112 9888.81304184
113 9895.34419367
114 9899.75075393
115 9904.07862563
116 9907.81633299
117 9911.14092534
118 9913.93436979
119 9916.49174852
120 9918.45896292
121 9920.48519376
122 9921.98027671
123 9923.53437609
124 9925.16716404
125 9926.64257485
126 9928.11798565
127 9929.33765858
128 9930.65569223
129 9931.97372588
130 9933.39012026
131 9934.55077675
132 9936.10487613
133 9937.40323764
134 9938.64258272
135 9940.3343871
136 9941.43602717
137 9943.00979869
138 9944.40652092
139 9945.94094816
140 9947.1212768
141 9948.51799903
142 9949.81636054
143 9951.29177134
144 9952.88521501
145 9954.02619936
146 9955.32456087
147 9956.38685665
148 9957.48849671
149 9958.39341534
150 9959.43603897
151 9960.28194117
152 9961.40325338
153 9962.19013914
154 9963.21309063
155 9963.90161567
156 9964.74751787
157 9965.51473149
158 9966.16391224
159 9966.950798
160 9967.48194589
161 9968.07211021
162 9968.50489738
163 9968.7803074
164 9969.15407813
165 9969.50817673
166 9970.05899676
167 9970.51145607
168 9970.96391539
169 9971.25899755
170 9971.65244043
171 9972.0852276
172 9972.55735905
173 9972.91145765
174 9973.32457267
175 9973.5606384
176 9973.91473699
177 9974.11145843
178 9974.44588488
179 9974.76063919
180 9975.0360492
181 9975.56719709
182 9975.99998426
183 9976.41309929
184 9976.60982073
185 9976.76719788
186 9977.02293575
187 9977.33769006
188 9977.88851009
189 9978.22293654
190 9978.695068
191 9979.22621589
192 9979.65900306
193 9979.93441307
194 9980.26883952
195 9980.68195455
196 9980.95736456
197 9981.42949602
198 9981.60654532
199 9982.13769321
200 9982.45244751
201 9982.96392326
202 9983.37703828
203 9983.71146473
204 9983.92785831
205 9984.26228476
206 9984.6360555
207 9984.9508098
208 9985.28523625
209 9985.63933485
210 9985.95408915
211 9986.2885156
212 9986.48523704
213 9986.7803192
214 9987.13441779
215 9987.39015567
216 9987.78359855
217 9987.99999213
218 9988.33441858
219 9988.64917288
220 9988.78687789
221 9988.98359933
222 9989.06228791
223 9989.31802578
224 9989.55409151
225 9989.7704851
226 9989.86884582
227 9990.06556726
228 9990.43933799
229 9990.73442015
230 9990.95081374
231 9991.08851875
232 9991.32458448
233 9991.63933878
234 9991.99343737
235 9992.20983096
236 9992.46556883
237 9992.58360169
238 9992.7213067
239 9992.99671672
240 9993.19343816
241 9993.31147102
242 9993.5672089
243 9993.84261891
244 9994.03934035
245 9994.27540608
246 9994.47212752
247 9994.57048824
248 9994.64917682
249 9994.82622612
250 9994.98360327
251 9995.08196399
252 9995.29835757
253 9995.43606258
254 9995.63278402
255 9995.73114474
256 9995.84917761
257 9995.94753833
258 9996.12458762
259 9996.30163692
260 9996.39999764
261 9996.55737479
262 9996.63606337
263 9996.77376838
264 9996.97048982
265 9997.08852268
266 9997.22622769
267 9997.42294913
268 9997.56065414
269 9997.69835915
270 9997.91475273
271 9998.0327856
272 9998.20983489
273 9998.3475399
274 9998.44590062
275 9998.46557276
276 9998.54426134
277 9998.60327777
278 9998.6622942
279 9998.72131064
280 9998.76065493
281 9998.81967136
282 9998.8393435
283 9998.91803208
284 9998.95737637
285 9998.97704851
286 9999.03606494
287 9999.07540923
288 9999.11475352
289 9999.15409781
290 9999.19344209
291 9999.23278638
292 9999.27213067
293 9999.27213067
294 9999.3311471
295 9999.35081925
296 9999.35081925
297 9999.35081925
298 9999.35081925
299 9999.37049139
300 9999.37049139
301 9999.39016353
302 9999.39016353
303 9999.40983568
304 9999.40983568
305 9999.40983568
306 9999.42950782
307 9999.42950782
308 9999.42950782
309 9999.42950782
310 9999.42950782
311 9999.48852425
312 9999.5081964
313 9999.52786854
314 9999.52786854
315 9999.54754069
316 9999.54754069
317 9999.58688498
318 9999.60655712
319 9999.60655712
320 9999.62622926
321 9999.62622926
322 9999.62622926
323 9999.62622926
324 9999.62622926
325 9999.62622926
326 9999.62622926
327 9999.62622926
328 9999.62622926
329 9999.62622926
331 9999.66557355
332 9999.66557355
333 9999.66557355
334 9999.66557355
335 9999.66557355
336 9999.66557355
337 9999.66557355
338 9999.66557355
339 9999.66557355
340 9999.66557355
357 9999.6852457
358 9999.6852457
359 9999.6852457
360 9999.6852457
361 9999.6852457
362 9999.6852457
363 9999.70491784
364 9999.70491784
365 9999.70491784
366 9999.70491784
367 9999.70491784
368 9999.70491784
369 9999.70491784
370 9999.70491784
371 9999.70491784
372 9999.70491784
391 9999.72458998
392 9999.72458998
393 9999.72458998
394 9999.72458998
395 9999.72458998
396 9999.72458998
397 9999.72458998
398 9999.72458998
399 9999.72458998
400 9999.72458998
405 9999.74426213
406 9999.74426213
407 9999.74426213
408 9999.76393427
409 9999.76393427
410 9999.78360642
411 9999.78360642
412 9999.78360642
413 9999.78360642
414 9999.78360642
415 9999.78360642
416 9999.78360642
417 9999.78360642
418 9999.78360642
419 9999.78360642
420 9999.80327856
421 9999.80327856
422 9999.80327856
423 9999.8229507
424 9999.8229507
425 9999.8229507
426 9999.8229507
427 9999.86229499
428 9999.86229499
429 9999.86229499
430 9999.86229499
431 9999.86229499
432 9999.88196714
433 9999.88196714
434 9999.88196714
435 9999.88196714
436 9999.88196714
437 9999.88196714
438 9999.88196714
439 9999.88196714
440 9999.88196714
441 9999.88196714
446 9999.90163928
447 9999.90163928
448 9999.90163928
449 9999.90163928
450 9999.92131142
451 9999.92131142
452 9999.92131142
453 9999.92131142
454 9999.92131142
455 9999.92131142
456 9999.92131142
457 9999.92131142
458 9999.92131142
459 9999.92131142
577 9999.94098357
578 9999.94098357
579 9999.94098357
580 9999.94098357
581 9999.94098357
582 9999.94098357
583 9999.94098357
584 9999.94098357
585 9999.94098357
586 9999.94098357
607 9999.96065571
608 9999.96065571
609 9999.96065571
610 9999.96065571
611 9999.96065571
612 9999.96065571
613 9999.96065571
614 9999.96065571
615 9999.96065571
616 9999.96065571
1096 9999.98032786
1097 9999.98032786
1098 9999.98032786
1099 9999.98032786
1100 9999.98032786
1101 9999.98032786
1102 9999.98032786
1103 9999.98032786
1104 9999.98032786
1105 9999.98032786
1118 10000.0
1119 10000.0
1120 10000.0
1121 10000.0
1122 10000.0
1123 10000.0
1124 10000.0
1125 10000.0
1126 10000.0
1127 10000.0
1501 10000.0
