0 0.0
1 0.0
2 0.0
3 0.0
4 0.0
5 0.0
6 0.0
7 0.0
8 0.0
588 46.7289719626
589 46.7289719626
590 46.7289719626
591 46.7289719626
592 46.7289719626
593 46.7289719626
594 46.7289719626
595 46.7289719626
596 93.4579439252
597 93.4579439252
598 140.186915888
599 233.644859813
600 233.644859813
601 233.644859813
602 233.644859813
603 233.644859813
604 233.644859813
605 280.373831776
606 280.373831776
607 280.373831776
608 280.373831776
609 327.102803738
610 327.102803738
611 373.831775701
612 467.289719626
613 467.289719626
614 467.289719626
615 560.747663551
616 560.747663551
617 560.747663551
618 607.476635514
619 607.476635514
620 607.476635514
621 607.476635514
622 607.476635514
623 607.476635514
624 654.205607477
625 654.205607477
626 700.934579439
627 747.663551402
628 794.392523364
629 841.121495327
630 841.121495327
631 841.121495327
632 887.85046729
633 887.85046729
634 887.85046729
635 887.85046729
636 934.579439252
637 934.579439252
638 1028.03738318
639 1028.03738318
640 1028.03738318
641 1028.03738318
642 1028.03738318
643 1074.76635514
644 1121.4953271
645 1168.22429907
646 1168.22429907
647 1308.41121495
648 1308.41121495
649 1355.14018692
650 1495.3271028
651 1588.78504673
652 1635.51401869
653 1635.51401869
654 1635.51401869
655 1635.51401869
656 1635.51401869
657 1635.51401869
658 1635.51401869
659 1682.24299065
660 1728.97196262
661 1775.70093458
662 1775.70093458
663 1822.42990654
664 1869.1588785
665 1869.1588785
666 1869.1588785
667 1869.1588785
668 1915.88785047
669 1915.88785047
670 1915.88785047
671 1962.61682243
672 1962.61682243
673 2009.34579439
674 2009.34579439
675 2009.34579439
676 2009.34579439
677 2009.34579439
678 2009.34579439
679 2009.34579439
680 2009.34579439
681 2102.80373832
682 2102.80373832
683 2102.80373832
684 2149.53271028
685 2149.53271028
686 2149.53271028
687 2149.53271028
688 2149.53271028
689 2149.53271028
690 2196.26168224
691 2196.26168224
692 2242.99065421
693 2242.99065421
694 2242.99065421
695 2242.99065421
696 2242.99065421
697 2289.71962617
698 2289.71962617
699 2289.71962617
700 2289.71962617
701 2289.71962617
702 2289.71962617
703 2289.71962617
704 2289.71962617
705 2289.71962617
706 2289.71962617
708 2383.17757009
709 2383.17757009
710 2383.17757009
711 2383.17757009
712 2429.90654206
713 2476.63551402
714 2476.63551402
715 2523.36448598
716 2523.36448598
717 2523.36448598
718 2523.36448598
719 2523.36448598
720 2523.36448598
721 2570.09345794
722 2570.09345794
723 2570.09345794
724 2570.09345794
725 2570.09345794
726 2616.82242991
727 2616.82242991
728 2663.55140187
729 2663.55140187
730 2663.55140187
731 2663.55140187
732 2663.55140187
733 2710.28037383
734 2710.28037383
735 2710.28037383
736 2757.00934579
737 2757.00934579
738 2757.00934579
739 2757.00934579
740 2757.00934579
741 2850.46728972
742 2850.46728972
743 2850.46728972
744 2897.19626168
745 2897.19626168
746 2897.19626168
747 2897.19626168
748 2897.19626168
749 2897.19626168
750 2897.19626168
751 2943.92523364
752 2943.92523364
753 2943.92523364
754 2990.65420561
755 2990.65420561
756 2990.65420561
757 2990.65420561
758 2990.65420561
759 2990.65420561
760 2990.65420561
761 2990.65420561
762 2990.65420561
763 3037.38317757
764 3037.38317757
765 3037.38317757
766 3037.38317757
767 3037.38317757
768 3037.38317757
769 3037.38317757
770 3037.38317757
771 3037.38317757
772 3037.38317757
774 3084.11214953
775 3084.11214953
776 3130.8411215
777 3177.57009346
778 3177.57009346
779 3224.29906542
780 3224.29906542
781 3224.29906542
782 3271.02803738
783 3271.02803738
784 3271.02803738
785 3317.75700935
786 3364.48598131
787 3364.48598131
788 3364.48598131
789 3364.48598131
790 3364.48598131
791 3364.48598131
792 3364.48598131
793 3364.48598131
794 3364.48598131
795 3364.48598131
796 3411.21495327
797 3411.21495327
798 3411.21495327
799 3411.21495327
800 3411.21495327
801 3411.21495327
802 3411.21495327
803 3411.21495327
804 3411.21495327
805 3411.21495327
825 3457.94392523
826 3457.94392523
827 3457.94392523
828 3457.94392523
829 3457.94392523
830 3457.94392523
831 3457.94392523
832 3457.94392523
833 3457.94392523
834 3457.94392523
836 3504.6728972
837 3504.6728972
838 3504.6728972
839 3504.6728972
840 3504.6728972
841 3551.40186916
842 3598.13084112
843 3644.85981308
844 3691.58878505
845 3691.58878505
846 3691.58878505
847 3691.58878505
848 3691.58878505
849 3738.31775701
850 3738.31775701
851 3738.31775701
852 3738.31775701
853 3738.31775701
854 3738.31775701
855 3738.31775701
856 3738.31775701
857 3738.31775701
858 3738.31775701
861 3785.04672897
862 3785.04672897
863 3785.04672897
864 3831.77570093
865 3831.77570093
866 3831.77570093
867 3831.77570093
868 3878.5046729
869 3878.5046729
870 3878.5046729
871 3878.5046729
872 3878.5046729
873 3878.5046729
874 3878.5046729
875 3878.5046729
876 3878.5046729
877 3878.5046729
890 3925.23364486
891 3925.23364486
892 3925.23364486
893 3925.23364486
894 3925.23364486
895 3925.23364486
896 3925.23364486
897 3925.23364486
898 3925.23364486
899 3925.23364486
914 3971.96261682
915 3971.96261682
916 3971.96261682
917 3971.96261682
918 3971.96261682
919 3971.96261682
920 3971.96261682
921 3971.96261682
922 4065.42056075
923 4065.42056075
924 4065.42056075
925 4065.42056075
926 4065.42056075
927 4065.42056075
928 4065.42056075
929 4065.42056075
930 4065.42056075
931 4065.42056075
934 4112.14953271
935 4158.87850467
936 4158.87850467
937 4158.87850467
938 4205.60747664
939 4205.60747664
940 4205.60747664
941 4205.60747664
942 4205.60747664
943 4205.60747664
944 4205.60747664
945 4252.3364486
946 4252.3364486
947 4299.06542056
948 4345.79439252
949 4345.79439252
950 4345.79439252
951 4345.79439252
952 4392.52336449
953 4392.52336449
954 4392.52336449
955 4392.52336449
956 4392.52336449
957 4392.52336449
958 4392.52336449
959 4439.25233645
960 4485.98130841
961 4485.98130841
962 4485.98130841
963 4485.98130841
964 4532.71028037
965 4532.71028037
966 4532.71028037
967 4579.43925234
968 4579.43925234
969 4579.43925234
970 4579.43925234
971 4579.43925234
972 4579.43925234
973 4579.43925234
974 4579.43925234
975 4626.1682243
976 4672.89719626
977 4672.89719626
978 4672.89719626
979 4672.89719626
980 4672.89719626
981 4672.89719626
982 4672.89719626
983 4672.89719626
984 4766.35514019
985 4766.35514019
986 4766.35514019
987 4766.35514019
988 4766.35514019
989 4766.35514019
990 4766.35514019
991 4813.08411215
992 4813.08411215
993 4813.08411215
994 4813.08411215
995 4813.08411215
996 4813.08411215
997 4813.08411215
998 4813.08411215
999 4813.08411215
1000 4813.08411215
1003 4859.81308411
1004 4859.81308411
1005 4859.81308411
1006 4859.81308411
1007 4859.81308411
1008 4859.81308411
1009 4859.81308411
1010 4859.81308411
1011 4859.81308411
1012 4859.81308411
1016 4906.54205607
1017 4953.27102804
1018 4953.27102804
1019 4953.27102804
1020 4953.27102804
1021 4953.27102804
1022 4953.27102804
1023 4953.27102804
1024 4953.27102804
1025 5046.72897196
1026 5093.45794393
1027 5140.18691589
1028 5140.18691589
1029 5186.91588785
1030 5186.91588785
1031 5186.91588785
1032 5233.64485981
1033 5233.64485981
1034 5233.64485981
1035 5233.64485981
1036 5233.64485981
1037 5233.64485981
1038 5233.64485981
1039 5233.64485981
1040 5233.64485981
1041 5233.64485981
1042 5280.37383178
1043 5280.37383178
1044 5280.37383178
1045 5280.37383178
1046 5280.37383178
1047 5280.37383178
1048 5280.37383178
1049 5280.37383178
1050 5280.37383178
1051 5280.37383178
1065 5327.10280374
1066 5327.10280374
1067 5327.10280374
1068 5327.10280374
1069 5373.8317757
1070 5373.8317757
1071 5373.8317757
1072 5420.56074766
1073 5420.56074766
1074 5420.56074766
1075 5420.56074766
1076 5420.56074766
1077 5420.56074766
1078 5420.56074766
1079 5420.56074766
1080 5420.56074766
1081 5420.56074766
1082 5467.28971963
1083 5467.28971963
1084 5514.01869159
1085 5514.01869159
1086 5514.01869159
1087 5514.01869159
1088 5514.01869159
1089 5514.01869159
1090 5514.01869159
1091 5514.01869159
1092 5607.47663551
1093 5607.47663551
1094 5654.20560748
1095 5654.20560748
1096 5654.20560748
1097 5654.20560748
1098 5654.20560748
1099 5700.93457944
1100 5700.93457944
1101 5700.93457944
1102 5700.93457944
1103 5747.6635514
1104 5747.6635514
1105 5794.39252336
1106 5794.39252336
1107 5794.39252336
1108 5794.39252336
1109 5794.39252336
1110 5794.39252336
1111 5794.39252336
1112 5841.12149533
1113 5841.12149533
1114 5841.12149533
1115 5841.12149533
1116 5841.12149533
1117 5841.12149533
1118 5841.12149533
1119 5841.12149533
1120 5887.85046729
1121 5887.85046729
1122 5887.85046729
1123 5887.85046729
1124 5887.85046729
1125 5887.85046729
1126 5887.85046729
1127 5887.85046729
1128 5887.85046729
1129 5887.85046729
1139 5981.30841121
1140 6028.03738318
1141 6028.03738318
1142 6028.03738318
1143 6028.03738318
1144 6028.03738318
1145 6028.03738318
1146 6028.03738318
1147 6028.03738318
1148 6028.03738318
1149 6028.03738318
1151 6074.76635514
1152 6074.76635514
1153 6121.4953271
1154 6121.4953271
1155 6121.4953271
1156 6121.4953271
1157 6121.4953271
1158 6121.4953271
1159 6121.4953271
1160 6121.4953271
1161 6121.4953271
1162 6121.4953271
1172 6168.22429907
1173 6168.22429907
1174 6214.95327103
1175 6214.95327103
1176 6214.95327103
1177 6214.95327103
1178 6214.95327103
1179 6261.68224299
1180 6261.68224299
1181 6261.68224299
1182 6261.68224299
1183 6261.68224299
1184 6261.68224299
1185 6261.68224299
1186 6261.68224299
1187 6261.68224299
1188 6261.68224299
1189 6308.41121495
1190 6308.41121495
1191 6355.14018692
1192 6401.86915888
1193 6401.86915888
1194 6401.86915888
1195 6401.86915888
1196 6448.59813084
1197 6448.59813084
1198 6495.3271028
1199 6495.3271028
1200 6495.3271028
1201 6495.3271028
1202 6495.3271028
1203 6495.3271028
1204 6495.3271028
1205 6495.3271028
1206 6495.3271028
1207 6495.3271028
1210 6542.05607477
1211 6542.05607477
1212 6542.05607477
1213 6542.05607477
1214 6542.05607477
1215 6588.78504673
1216 6588.78504673
1217 6588.78504673
1218 6635.51401869
1219 6635.51401869
1220 6728.97196262
1221 6728.97196262
1222 6728.97196262
1223 6728.97196262
1224 6728.97196262
1225 6728.97196262
1226 6775.70093458
1227 6822.42990654
1228 6822.42990654
1229 6822.42990654
1230 6822.42990654
1231 6822.42990654
1232 6822.42990654
1233 6822.42990654
1234 6822.42990654
1235 6822.42990654
1236 6822.42990654
1237 6915.88785047
1238 6915.88785047
1239 6962.61682243
1240 7009.34579439
1241 7009.34579439
1242 7009.34579439
1243 7056.07476636
1244 7102.80373832
1245 7102.80373832
1246 7102.80373832
1247 7102.80373832
1248 7196.26168224
1249 7196.26168224
1250 7196.26168224
1251 7196.26168224
1252 7196.26168224
1253 7242.99065421
1254 7336.44859813
1255 7383.17757009
1256 7383.17757009
1257 7383.17757009
1258 7383.17757009
1259 7383.17757009
1260 7383.17757009
1261 7383.17757009
1262 7383.17757009
1263 7383.17757009
1264 7383.17757009
1268 7429.90654206
1269 7429.90654206
1270 7429.90654206
1271 7429.90654206
1272 7429.90654206
1273 7429.90654206
1274 7476.63551402
1275 7476.63551402
1276 7476.63551402
1277 7476.63551402
1278 7476.63551402
1279 7476.63551402
1280 7476.63551402
1281 7476.63551402
1282 7476.63551402
1283 7523.36448598
1284 7523.36448598
1285 7523.36448598
1286 7523.36448598
1287 7523.36448598
1288 7523.36448598
1289 7523.36448598
1290 7523.36448598
1291 7523.36448598
1292 7523.36448598
1417 7570.09345794
1418 7570.09345794
1419 7570.09345794
1420 7570.09345794
1421 7570.09345794
1422 7570.09345794
1423 7570.09345794
1424 7570.09345794
1425 7570.09345794
1426 7570.09345794
1501 10000.0
