0 14.5145735723
1 317.235701238
2 349.724923989
3 383.145705558
4 476.691954792
5 526.073444097
6 535.193848518
7 544.86431624
8 551.740107511
9 557.098788707
10 562.732501555
11 569.581676859
12 578.657721336
13 590.501826299
14 604.998655894
15 623.895991902
16 650.396622256
17 686.416896525
18 735.718537932
19 799.623472798
20 874.316745967
21 964.331943684
22 1069.32305839
23 1190.15954497
24 1324.02011102
25 1465.59043529
26 1625.49916027
27 1802.76149521
28 1992.50671831
29 2199.39262365
30 2410.88309114
31 2632.65619358
32 2874.89697403
33 3124.43052922
34 3379.73974908
35 3633.01728352
36 3881.22891239
37 4143.38730756
38 4399.35305458
39 4650.41259184
40 4890.91446249
41 5116.28959236
42 5341.73569813
43 5553.70525302
44 5755.84464438
45 5940.65704174
46 6104.93965717
47 6264.85725414
48 6415.43264697
49 6554.01311102
50 6680.94465387
51 6793.28177525
52 6899.90533588
53 7001.01939151
54 7095.09796006
55 7183.57830373
56 7263.57702616
57 7340.77220016
58 7415.35013747
59 7486.4502552
60 7552.56431526
61 7612.98255856
62 7676.08901444
63 7734.44008435
64 7793.94451281
65 7847.05223738
66 7902.34247119
67 7951.04081736
68 8003.72268647
69 8051.38300996
70 8100.69352336
71 8146.05600177
72 8190.00783397
73 8239.0521877
74 8283.13709973
75 8330.93937504
76 8374.35888791
77 8422.39183493
78 8466.01540355
79 8515.87598024
80 8560.00525222
81 8606.69852894
82 8653.88863702
83 8697.68077342
84 8748.56162883
85 8793.1611162
86 8843.90889177
87 8888.32206739
88 8939.37149057
89 8982.1167323
90 9031.2675499
91 9073.52483225
92 9116.16361012
93 9163.73521372
94 9204.73267367
95 9250.69844731
96 9289.19400644
97 9331.93037618
98 9368.74025745
99 9409.51591768
100 9443.17624294
101 9480.50069956
102 9511.13567666
103 9541.18510251
104 9573.70981322
105 9600.80486682
106 9631.33338006
107 9655.80232499
108 9682.71106683
109 9704.12804764
110 9728.58812058
111 9747.28140085
112 9766.17873686
113 9784.80104122
114 9800.36250946
115 9817.20154408
116 9830.66922298
117 9845.27251644
118 9857.42714101
119 9869.8035653
120 9879.85552854
121 9890.83905059
122 9899.59570347
123 9906.8175023
124 9914.60710841
125 9921.16350809
126 9928.27884306
127 9933.95691585
128 9939.93663626
129 9944.62104631
130 9949.28771238
131 9953.08492356
132 9956.85551878
133 9959.91635489
134 9962.76426327
135 9965.4258599
136 9968.05196856
137 9970.5449974
138 9972.5145789
139 9974.43092846
140 9975.8948066
141 9977.32319679
142 9978.50317129
143 9979.67427381
144 9980.67680853
145 9981.66159928
146 9982.50443821
147 9983.28517322
148 9983.88846846
149 9984.55386761
150 9985.2724987
151 9985.75158609
152 9986.30164939
153 9986.62104099
154 9987.02028048
155 9987.4727519
156 9987.74778356
157 9988.09379112
158 9988.36882277
159 9988.67047038
160 9988.88339811
161 9989.10519783
162 9989.27376562
163 9989.53105329
164 9989.74398102
165 9989.91254881
166 9990.08111659
167 9990.2319404
168 9990.40050819
169 9990.51584404
170 9990.68441183
171 9990.83523564
172 9990.96831547
173 9991.13688325
174 9991.24334712
175 9991.34093899
176 9991.45627485
177 9991.55386672
178 9991.64258661
179 9991.68694655
180 9991.75792246
181 9991.83777036
182 9991.90874627
183 9992.02408213
184 9992.07731406
185 9992.13054599
186 9992.23700986
187 9992.31685775
188 9992.41444963
189 9992.48542554
190 9992.59188941
191 9992.6717373
192 9992.73384123
193 9992.78707316
194 9992.87579304
195 9992.90240901
196 9992.97338492
197 9993.0709768
198 9993.15969668
199 9993.20405663
200 9993.24841657
201 9993.31939248
202 9993.40811237
203 9993.5411922
204 9993.61216811
205 9993.64765606
206 9993.70975999
207 9993.78960788
208 9993.89607175
209 9994.0114076
210 9994.10899948
211 9994.18884738
212 9994.3307992
213 9994.39290312
214 9994.49936698
215 9994.58808687
216 9994.65019079
217 9994.7211667
218 9994.8010146
219 9994.8808625
220 9994.97845438
221 9995.05830227
222 9995.11153421
223 9995.17363813
224 9995.27123
225 9995.35994989
226 9995.44866978
227 9995.56400563
228 9995.62610955
229 9995.69708546
230 9995.79467734
231 9995.91001319
232 9995.96324513
233 9996.01647706
234 9996.12294092
235 9996.18504484
236 9996.26489274
237 9996.33586865
238 9996.41571655
239 9996.52218042
240 9996.6109003
241 9996.70849218
242 9996.81495604
243 9996.90367593
244 9996.98352383
245 9997.02788377
246 9997.06337173
247 9997.12547565
248 9997.22306753
249 9997.30291542
250 9997.4005073
251 9997.4803552
252 9997.55133111
253 9997.64892298
254 9997.72877088
255 9997.80861878
256 9997.85297873
257 9997.92395464
258 9998.02154651
259 9998.07477844
260 9998.11913839
261 9998.18124231
262 9998.21673026
263 9998.28770617
264 9998.3498101
265 9998.46514595
266 9998.54499385
267 9998.57160981
268 9998.6603297
269 9998.71356163
270 9998.78453754
271 9998.85551345
272 9998.90874539
273 9998.96197732
274 9999.01520925
275 9999.05956919
276 9999.10392914
277 9999.16603306
278 9999.20152101
279 9999.22813698
280 9999.30798488
281 9999.34347283
282 9999.3700888
283 9999.42332073
284 9999.4499367
285 9999.45880869
286 9999.50316863
287 9999.53865659
288 9999.57414454
289 9999.6096325
290 9999.61850448
291 9999.62737647
292 9999.64512045
293 9999.64512045
294 9999.64512045
295 9999.65399244
296 9999.66286443
297 9999.67173642
298 9999.68060841
299 9999.68948039
300 9999.68948039
301 9999.68948039
302 9999.68948039
303 9999.69835238
304 9999.69835238
305 9999.69835238
306 9999.70722437
307 9999.70722437
308 9999.70722437
309 9999.70722437
310 9999.70722437
311 9999.70722437
312 9999.70722437
313 9999.70722437
314 9999.70722437
315 9999.70722437
318 9999.71609636
319 9999.71609636
320 9999.71609636
321 9999.72496835
322 9999.72496835
323 9999.72496835
324 9999.72496835
325 9999.72496835
326 9999.73384034
327 9999.73384034
328 9999.74271233
329 9999.75158432
330 9999.75158432
331 9999.75158432
332 9999.75158432
333 9999.7604563
334 9999.76932829
335 9999.77820028
336 9999.77820028
337 9999.77820028
338 9999.77820028
339 9999.77820028
340 9999.77820028
341 9999.77820028
342 9999.77820028
343 9999.77820028
344 9999.77820028
362 9999.78707227
363 9999.78707227
364 9999.78707227
365 9999.78707227
366 9999.78707227
367 9999.78707227
368 9999.78707227
369 9999.78707227
370 9999.78707227
371 9999.78707227
373 9999.79594426
374 9999.80481625
375 9999.81368824
376 9999.81368824
377 9999.81368824
378 9999.81368824
379 9999.81368824
380 9999.81368824
381 9999.81368824
382 9999.81368824
383 9999.81368824
384 9999.81368824
387 9999.82256023
388 9999.82256023
389 9999.82256023
390 9999.82256023
391 9999.82256023
392 9999.82256023
393 9999.82256023
394 9999.82256023
395 9999.82256023
396 9999.82256023
404 9999.83143221
405 9999.83143221
406 9999.83143221
407 9999.83143221
408 9999.83143221
409 9999.83143221
410 9999.83143221
411 9999.83143221
412 9999.83143221
413 9999.8403042
414 9999.84917619
415 9999.84917619
416 9999.84917619
417 9999.84917619
418 9999.84917619
419 9999.84917619
420 9999.84917619
421 9999.85804818
422 9999.85804818
423 9999.85804818
424 9999.85804818
425 9999.85804818
426 9999.85804818
427 9999.85804818
428 9999.85804818
429 9999.85804818
430 9999.85804818
437 9999.86692017
438 9999.86692017
439 9999.86692017
440 9999.86692017
441 9999.86692017
442 9999.86692017
443 9999.86692017
444 9999.86692017
445 9999.86692017
446 9999.86692017
453 9999.87579216
454 9999.87579216
455 9999.87579216
456 9999.87579216
457 9999.87579216
458 9999.87579216
459 9999.87579216
460 9999.87579216
461 9999.88466415
462 9999.89353614
463 9999.89353614
464 9999.89353614
465 9999.89353614
466 9999.89353614
467 9999.89353614
468 9999.89353614
469 9999.89353614
470 9999.89353614
471 9999.89353614
484 9999.90240812
485 9999.90240812
486 9999.90240812
487 9999.90240812
488 9999.90240812
489 9999.90240812
490 9999.90240812
491 9999.90240812
492 9999.90240812
493 9999.90240812
544 9999.91128011
545 9999.91128011
546 9999.91128011
547 9999.91128011
548 9999.91128011
549 9999.91128011
550 9999.91128011
551 9999.91128011
552 9999.91128011
553 9999.91128011
558 9999.9201521
559 9999.9201521
560 9999.9201521
561 9999.9201521
562 9999.9201521
563 9999.9201521
564 9999.9201521
565 9999.9201521
566 9999.9201521
567 9999.9201521
587 9999.92902409
588 9999.92902409
589 9999.92902409
590 9999.92902409
591 9999.92902409
592 9999.92902409
593 9999.92902409
594 9999.93789608
595 9999.93789608
596 9999.93789608
597 9999.93789608
598 9999.94676807
599 9999.95564006
600 9999.95564006
601 9999.95564006
602 9999.95564006
603 9999.95564006
604 9999.95564006
605 9999.95564006
606 9999.95564006
607 9999.95564006
608 9999.95564006
615 9999.96451205
616 9999.96451205
617 9999.96451205
618 9999.96451205
619 9999.96451205
620 9999.96451205
621 9999.96451205
622 9999.96451205
623 9999.96451205
624 9999.96451205
633 9999.97338403
634 9999.97338403
635 9999.97338403
636 9999.97338403
637 9999.97338403
638 9999.97338403
639 9999.97338403
640 9999.97338403
641 9999.97338403
642 9999.97338403
644 9999.98225602
645 9999.98225602
646 9999.98225602
647 9999.98225602
648 9999.98225602
649 9999.98225602
650 9999.98225602
651 9999.98225602
652 9999.98225602
653 9999.98225602
786 9999.99112801
787 9999.99112801
788 9999.99112801
789 9999.99112801
790 9999.99112801
791 9999.99112801
792 9999.99112801
793 9999.99112801
794 10000.0
795 10000.0
796 10000.0
797 10000.0
798 10000.0
799 10000.0
800 10000.0
801 10000.0
802 10000.0
803 10000.0
1501 10000.0
